0.112824;-0.367322;0.248550;9.739153
0.069658;0.046435;0.270411;9.751087
0.113652;-0.396755;0.249540;9.730225
0.087473;-0.069055;0.256307;9.739841
0.070635;0.112829;0.259996;9.745736
0.059491;0.252549;0.261140;9.754672
0.044193;0.414681;0.265406;9.767895
0.088697;-0.118993;0.238524;9.755241
0.073804;0.054368;0.237632;9.754920
0.065162;0.128810;0.234277;9.763789
0.060688;0.181816;0.228350;9.768500
0.097081;-0.290174;0.197743;9.739364
0.082449;-0.056832;0.192091;9.738923
0.075874;0.038397;0.183840;9.747360
0.068467;0.167823;0.177190;9.755177
0.095055;-0.230794;0.150581;9.739627
0.087239;-0.069350;0.141981;9.740733
0.081972;0.020283;0.134385;9.748852
0.077034;0.131120;0.127452;9.757076
0.072842;0.221806;0.121804;9.765740
0.071965;0.256494;0.116059;9.773362
0.102789;-0.423670;0.089778;9.743786
0.093646;-0.176701;0.086372;9.750453
0.089171;-0.067096;0.081127;9.755858
0.083375;0.138840;0.077948;9.764059
0.098326;-0.284259;0.059512;9.747828
0.089782;0.064612;0.057672;9.755857
0.087441;0.172640;0.053472;9.763826
0.087623;0.230042;0.048969;9.773337
0.100488;-0.369351;0.034070;9.761584
0.097065;-0.115935;0.030484;9.766223
0.095211;0.019878;0.026236;9.773991
0.095703;0.105129;0.020992;9.780475
0.094939;0.276701;0.016928;9.791397
0.097922;-0.264001;0.005859;9.772795
0.098353;-0.011368;0.000216;9.781700
0.099579;0.156786;-0.005822;9.792074
0.098192;0.220593;-0.012344;9.801692
0.088569;0.213532;-0.018524;9.809648
0.067280;-0.311428;-0.024614;9.791177
0.045968;-0.063277;-0.027683;9.797269
0.022668;0.055982;-0.027802;9.802962
-0.003503;0.173373;-0.024058;9.810415
-0.010469;-0.283840;-0.017613;9.793465
-0.038270;-0.048773;-0.004892;9.797295
-0.061380;0.056568;0.013269;9.802544
-0.088251;0.088814;0.037560;9.807394
-0.055240;-0.453837;0.058830;9.794069
-0.081860;-0.075062;0.101144;9.802370
-0.067585;-0.017395;0.140878;9.804758
-0.058277;0.107040;0.186352;9.814908
-0.054423;0.225171;0.238097;9.826100
0.041625;-0.216821;0.267717;9.817700
0.022878;-0.023746;0.317566;9.821807
0.011611;0.058469;0.364267;9.830243
-0.001063;0.125305;0.410193;9.838793
-0.006527;0.132097;0.452354;9.845900
0.081440;-0.291196;0.458942;9.832047
0.039479;-0.069983;0.500367;9.837147
0.001968;0.094425;0.540101;9.843602
-0.034366;0.240112;0.581161;9.852124
0.055114;-0.146283;0.569880;9.838857
0.019834;0.026763;0.599114;9.842046
0.004502;0.089141;0.620810;9.849803
-0.005784;0.132340;0.639601;9.856598
-0.005631;0.129732;0.652100;9.860919
0.104967;-0.306859;0.607299;9.835220
0.069038;-0.114065;0.617314;9.840562
0.045305;0.011531;0.624380;9.846195
0.017752;0.150656;0.633756;9.853683
-0.001292;0.233976;0.640659;9.860498
0.095386;-0.178129;0.584200;9.835522
0.046447;0.050993;0.595121;9.842587
0.019685;0.153238;0.599163;9.850919
0.007098;0.200573;0.597729;9.857215
0.128267;-0.352951;0.522146;9.821578
0.095115;-0.164068;0.518075;9.826197
0.069690;-0.031097;0.513755;9.834105
0.040558;0.132617;0.512795;9.840614
0.019991;0.241292;0.511051;9.848396
0.128009;-0.324988;0.436857;9.811612
0.093105;-0.103676;0.434590;9.817265
0.071982;0.003442;0.428828;9.825762
0.048402;0.148376;0.426322;9.833136
0.042862;0.185379;0.417619;9.837055
0.110334;-0.195413;0.358264;9.804305
0.082512;-0.008435;0.356149;9.815380
0.061955;0.129947;0.352317;9.821850
0.052483;0.191245;0.346282;9.826649
0.125359;-0.328428;0.292524;9.795313
0.100514;-0.120700;0.289957;9.800866
0.080067;0.026546;0.287786;9.809190
0.063538;0.169340;0.286182;9.814739
0.059800;0.195496;0.280189;9.817745
0.056186;0.221419;0.276665;9.821984
0.109197;-0.259973;0.237692;9.789709
0.088055;-0.042359;0.238349;9.797567
0.078421;0.037469;0.234205;9.800792
0.071228;0.113380;0.230409;9.805307
0.117441;-0.355972;0.191934;9.774272
0.091290;-0.041110;0.193253;9.786138
0.080738;0.098549;0.190492;9.789391
0.072155;0.211242;0.188380;9.796788
0.068435;0.260386;0.185993;9.804182
0.099910;-0.137912;0.158902;9.780348
0.083406;0.093142;0.161235;9.791480
0.080629;0.127585;0.156522;9.793278
0.077020;0.184857;0.153236;9.799151
0.074085;0.222509;0.150352;9.804878
0.102329;-0.279125;0.126193;9.774721
0.094018;-0.093913;0.122548;9.778919
0.119113;-0.559272;0.095631;9.754441
0.099098;-0.146818;0.093653;9.770684
0.108971;-0.359559;0.073386;9.765127
0.092990;0.061818;0.070569;9.768450
0.084571;0.321705;0.068753;9.772466
0.079861;0.491522;0.066188;9.785879
0.075885;0.623050;0.065139;9.801628
0.091185;-0.098696;0.048870;9.788941
0.089098;0.039376;0.045447;9.785366
0.087964;0.132263;0.041580;9.793585
0.088095;0.144711;0.035544;9.794287
0.092133;-0.360445;0.022068;9.761100
0.090311;-0.055844;0.015661;9.766160
0.091488;0.042052;0.008175;9.769077
0.092794;0.133019;-0.000053;9.772844
0.094521;0.163468;-0.008579;9.777122
0.088678;-0.215210;-0.019867;9.754267
0.084707;-0.075821;-0.028588;9.760446
0.080884;0.138177;-0.036879;9.769304
0.075638;0.218037;-0.044377;9.775682
0.061232;-0.373419;-0.049127;9.757472
0.057988;-0.096375;-0.054359;9.763446
0.055651;0.064445;-0.058028;9.771698
0.052626;0.110857;-0.059612;9.777550
0.050810;0.123337;-0.059399;9.784416
0.047091;-0.422877;-0.054752;9.770327
0.046102;-0.185115;-0.051959;9.776593
0.045602;-0.159556;-0.047203;9.780540
0.053493;0.054762;-0.041647;9.787715
0.060184;0.275814;-0.035607;9.795951
0.066838;-0.214426;-0.026564;9.790295
0.069086;0.099939;-0.020854;9.791282
0.069540;0.222749;-0.015025;9.798044
0.068115;0.373632;-0.009304;9.808812
0.067573;-0.196371;-0.002075;9.791068
0.064392;0.045833;0.002106;9.792577
0.062035;0.112506;0.005990;9.799449
0.060006;0.218326;0.009376;9.807564
0.058478;0.329842;0.012388;9.817893
0.061297;-0.131490;0.014928;9.782382
0.061297;0.006838;0.016181;9.792235
0.061457;0.111284;0.017055;9.799494
0.061427;0.245180;0.017681;9.809536
0.061474;0.313746;0.018122;9.819593
0.067139;-0.370758;0.017618;9.771820
0.066792;-0.143094;0.016692;9.780961
0.066437;0.017901;0.015679;9.794914
0.065861;0.217318;0.014606;9.805373
0.066353;0.271596;0.013586;9.811291
0.067009;0.251502;0.012632;9.815766
0.072669;-0.469083;0.010605;9.758608
0.071595;-0.221361;0.009026;9.773277
0.070991;-0.009297;0.007723;9.790029
0.070580;0.142078;0.006451;9.795704
0.070520;0.232551;0.005560;9.803263
0.071031;0.281055;0.004980;9.810542
0.075672;-0.288831;0.003563;9.764801
0.074276;-0.025751;0.002806;9.783783
0.074080;0.100247;0.002391;9.793821
0.073928;0.187012;0.002222;9.801580
0.077314;-0.196160;0.001042;9.762445
0.076513;0.029772;0.000697;9.778323
0.075661;0.193113;0.000698;9.787838
0.075738;0.256032;0.001081;9.796599
0.075601;0.302003;0.001902;9.807903
0.080363;-0.339573;0.002070;9.758396
0.077870;-0.020819;0.002426;9.779431
0.077271;0.092587;0.002988;9.785898
0.076632;0.163418;0.003772;9.792134
0.076381;0.198440;0.004843;9.798409
0.081156;-0.343527;0.005128;9.752826
0.079149;-0.054890;0.005612;9.768723
0.078577;0.040724;0.006308;9.775399
0.077185;0.222351;0.007453;9.789423
0.075966;0.310403;0.008947;9.799839
0.083207;-0.420728;0.008340;9.732083
0.080112;-0.158730;0.008719;9.745316
0.077456;-0.017476;0.009516;9.760094
0.074007;0.171977;0.010885;9.772392
0.070291;0.390244;0.013278;9.790992
0.080858;-0.443215;0.012886;9.738574
0.075213;-0.123223;0.014890;9.752217
0.072408;-0.025566;0.017003;9.762944
0.067495;0.170247;0.020103;9.772717
0.063309;0.253342;0.023778;9.780236
0.070204;-0.153085;0.023467;9.749551
0.063801;-0.006988;0.027431;9.758087
0.055503;0.232153;0.033125;9.768525
0.050462;0.367661;0.039884;9.780797
0.074299;-0.444821;0.039610;9.746028
0.066134;-0.146397;0.046320;9.752908
0.058778;0.021300;0.053668;9.761872
0.050103;0.155368;0.061425;9.767824
0.041644;0.173620;0.069787;9.774277
0.065458;-0.576919;0.068610;9.741913
0.036394;-0.382385;0.077814;9.747266
0.169746;-0.140797;0.084716;9.757211
0.260382;0.086899;0.082170;9.761726
0.321566;0.308535;0.070701;9.771731
0.311836;-0.317327;0.047921;9.772834
0.309561;-0.035826;0.020198;9.774756
0.285446;0.102832;-0.012718;9.783475
0.257308;0.226961;-0.051249;9.793099
0.230082;0.300575;-0.093621;9.804786
0.141813;-0.212459;-0.126436;9.794521
0.149052;0.061414;-0.176450;9.798923
0.149348;0.144497;-0.222061;9.806161
0.161048;0.243939;-0.269975;9.816810
0.165084;0.220284;-0.312750;9.823799
0.080166;-0.400529;-0.325223;9.792981
0.111864;-0.153817;-0.367210;9.794853
0.129016;-0.059640;-0.402228;9.804139
0.149184;0.076271;-0.436697;9.814877
0.188727;0.282646;-0.478675;9.829846
0.088065;-0.283141;-0.466211;9.810008
0.116554;-0.058519;-0.495282;9.814817
0.135849;0.037258;-0.518171;9.827818
0.141768;0.084521;-0.533019;9.836313
0.160656;0.190509;-0.552130;9.848849
0.052922;-0.342708;-0.513180;9.821112
0.096243;-0.049507;-0.534278;9.830678
0.122383;0.088305;-0.546980;9.844261
0.140295;0.188119;-0.554838;9.854099
0.036930;-0.337375;-0.501472;9.821927
0.071007;-0.080792;-0.508542;9.828690
0.095995;0.046174;-0.511035;9.841982
0.126497;0.222149;-0.516965;9.855954
0.158778;0.377514;-0.527472;9.873093
0.029117;-0.386189;-0.451914;9.812665
0.062792;-0.120529;-0.455866;9.825179
0.085953;0.007356;-0.454760;9.839938
0.097427;0.092021;-0.446945;9.844481
0.128155;0.278694;-0.452592;9.861662
0.034115;-0.263690;-0.382251;9.801184
0.065613;-0.028103;-0.381477;9.823138
0.098874;0.207323;-0.385348;9.837562
0.106547;0.244062;-0.378455;9.841280
0.022180;-0.391623;-0.318168;9.791280
0.055460;-0.093767;-0.322299;9.805570
0.087576;0.130395;-0.328975;9.826275
0.103806;0.250018;-0.329614;9.832917
0.024673;-0.420873;-0.274741;9.775903
0.041066;-0.253706;-0.274959;9.767615
0.066306;-0.013755;-0.279454;9.787218
0.076620;0.066923;-0.276831;9.794179
0.091568;0.176100;-0.277938;9.804259
0.031803;-0.410615;-0.235213;9.757077
0.063942;-0.071479;-0.243370;9.765529
0.081139;0.045517;-0.246247;9.776708
0.098391;0.175284;-0.250622;9.785979
0.107459;0.194228;-0.252233;9.792204
0.051417;-0.397705;-0.219328;9.755800
0.069015;-0.078584;-0.230856;9.763888
0.062032;0.029689;-0.235840;9.770103
0.043318;0.085057;-0.235293;9.772067
0.023110;0.172484;-0.235834;9.778054
-0.046365;-0.423932;-0.198871;9.740467
-0.063391;-0.160746;-0.193455;9.745969
-0.093809;-0.086833;-0.179358;9.747936
-0.131337;-0.032125;-0.159877;9.749408
0.016653;-0.596324;-0.115784;9.739000
0.156595;-0.201668;-0.107186;9.752083
0.253696;0.095795;-0.108090;9.758059
0.304214;0.293509;-0.114732;9.770705
0.254300;-0.147304;-0.106947;9.782112
0.254300;0.187143;-0.131830;9.784277
0.231773;0.324072;-0.158774;9.798134
0.108802;-0.368545;-0.134417;9.778113
0.113161;0.046562;-0.170598;9.793312
0.040762;-0.250649;-0.178537;9.793250
0.074458;0.187619;-0.220962;9.797256
0.092140;0.354217;-0.256688;9.808071
0.113434;0.474533;-0.292112;9.824170
0.143157;0.567686;-0.330339;9.843382
0.057851;-0.276484;-0.316414;9.805588
0.088438;-0.088740;-0.343963;9.807555
0.102328;-0.052812;-0.362745;9.815590
0.126918;0.108371;-0.384840;9.826322
0.148803;0.241524;-0.405601;9.837390
0.155407;0.255298;-0.419169;9.843545
0.073863;-0.271430;-0.385481;9.789377
0.096534;-0.067159;-0.395506;9.809434
0.122000;0.146246;-0.406988;9.823033
0.126944;0.177857;-0.407476;9.827058
0.028989;-0.541626;-0.352453;9.772642
0.057849;-0.225646;-0.356008;9.790146
0.077222;-0.072585;-0.353234;9.803363
0.104428;0.167892;-0.355955;9.816082
0.117825;0.277494;-0.354859;9.826248
0.048075;-0.215427;-0.303305;9.775638
0.075013;0.073974;-0.306030;9.794303
0.092215;0.231243;-0.306146;9.809279
0.100959;0.296691;-0.303284;9.821901
0.105286;0.310308;-0.299664;9.831845
0.024418;-0.477981;-0.244805;9.765109
0.051834;-0.140426;-0.249366;9.782218
0.060596;-0.059665;-0.243809;9.792925
0.081076;0.171871;-0.246431;9.806494
0.026782;-0.436799;-0.205143;9.768207
0.053626;-0.073609;-0.209727;9.780161
0.070156;0.098526;-0.211689;9.792016
0.088563;0.308527;-0.216304;9.805847
0.099490;0.405284;-0.219632;9.818519
0.045904;-0.329444;-0.182974;9.770147
0.066226;-0.042697;-0.188053;9.783352
0.077378;0.083770;-0.189570;9.790989
0.089858;0.232619;-0.192818;9.799811
0.089528;0.196366;-0.189864;9.800137
0.040876;-0.449951;-0.158293;9.737900
0.051296;-0.148497;-0.161436;9.755634
0.059672;0.064382;-0.164338;9.766067
0.064318;0.227887;-0.166075;9.775551
0.066683;0.319076;-0.167073;9.786041
0.024064;-0.540172;-0.134328;9.739176
0.033343;-0.351845;-0.132382;9.744205
0.042672;-0.348889;-0.127531;9.749143
0.176430;-0.095935;-0.129088;9.763232
0.259492;0.000825;-0.136917;9.772167
0.245422;-0.400234;-0.129817;9.763240
0.291777;0.019935;-0.163362;9.778370
0.300262;0.272780;-0.203360;9.794297
0.286854;0.415402;-0.246632;9.814238
0.134384;-0.244529;-0.250617;9.817899
0.137982;-0.002089;-0.299086;9.818452
0.131542;0.079246;-0.344619;9.828226
0.151187;0.259694;-0.398487;9.842240
0.167910;0.353001;-0.451052;9.856306
0.034198;-0.355800;-0.438997;9.824904
0.074206;-0.114885;-0.484278;9.829232
0.104024;-0.000043;-0.522164;9.839320
0.134868;0.139039;-0.559088;9.848791
0.172545;0.285214;-0.598705;9.862461
0.059834;-0.185227;-0.563608;9.815938
0.092632;-0.004647;-0.586943;9.831184
0.109500;0.088782;-0.600833;9.840852
0.144774;0.244865;-0.622150;9.856303
0.144960;0.220461;-0.625959;9.862082
-0.004850;-0.508901;-0.549671;9.809609
0.042174;-0.189124;-0.560798;9.824406
0.058982;-0.091430;-0.553575;9.831748
0.112231;0.221270;-0.565256;9.849523
0.116300;0.245744;-0.553456;9.851529
0.027594;-0.159515;-0.483047;9.803591
0.055992;0.035687;-0.476938;9.820856
0.081832;0.199752;-0.470904;9.834659
0.099901;0.299271;-0.463018;9.847466
0.004002;-0.334226;-0.384603;9.789108
0.031971;-0.072383;-0.374997;9.806116
0.061862;0.148899;-0.369476;9.821726
0.072778;0.235709;-0.356405;9.827776
0.074408;0.239614;-0.339883;9.833262
0.079665;0.277295;-0.328142;9.842808
0.026472;-0.110070;-0.267471;9.795249
0.045567;0.090619;-0.261736;9.808766
0.060630;0.296955;-0.255909;9.819442
0.000541;-0.417936;-0.197397;9.760810
0.013576;-0.147864;-0.188619;9.769310
0.015850;-0.075800;-0.174747;9.777316
0.020380;0.078218;-0.164105;9.785179
0.022864;0.215658;-0.153651;9.794451
-0.006267;-0.370272;-0.112836;9.758041
-0.006588;-0.156386;-0.100638;9.760282
-0.009901;-0.024891;-0.087779;9.769063
-0.016960;0.150841;-0.074636;9.776869
-0.029326;0.228794;-0.057588;9.783850
-0.032681;-0.385131;-0.022884;9.748617
-0.033939;-0.069269;-0.004968;9.759466
-0.024056;0.039615;0.015869;9.764970
-0.011800;0.176448;0.037631;9.773920
-0.002423;0.298002;0.059952;9.784181
0.007201;0.298748;0.082565;9.791688
0.043652;-0.224254;0.100329;9.755494
0.031806;-0.117906;0.119105;9.761280
0.002974;-0.016350;0.139112;9.765499
0.149364;0.122567;0.153521;9.770153
0.260881;-0.496730;0.147862;9.752724
0.319042;-0.188659;0.139961;9.759295
0.335423;-0.085525;0.122199;9.764992
0.324183;0.097302;0.095878;9.775308
0.298352;0.298648;0.061422;9.785374
0.197078;-0.366848;0.028041;9.788101
0.178133;-0.037282;-0.017272;9.787045
0.156686;0.098981;-0.064443;9.791707
0.148742;0.234594;-0.114698;9.800335
0.144683;0.268436;-0.165093;9.809417
0.073714;-0.323807;-0.196770;9.799872
0.096457;-0.142213;-0.244167;9.800624
0.112208;-0.055341;-0.288069;9.806265
0.130188;0.042820;-0.331188;9.813525
0.160588;0.195453;-0.378552;9.820914
0.062457;-0.380935;-0.383190;9.821745
0.105390;-0.088020;-0.426812;9.820251
0.119179;-0.011782;-0.459325;9.823353
0.152191;0.172949;-0.498825;9.831098
0.170618;0.251996;-0.533487;9.840386
0.065837;-0.247470;-0.519071;9.840422
0.110598;0.011316;-0.556047;9.837698
0.113210;0.012275;-0.574293;9.838880
0.122344;0.068959;-0.592809;9.846703
0.140950;0.145648;-0.615080;9.854084
0.034741;-0.287041;-0.581295;9.840011
0.073272;-0.059185;-0.605029;9.837454
0.094302;0.029605;-0.620928;9.843895
0.121930;0.149005;-0.639929;9.852273
0.017799;-0.196499;-0.587607;9.824522
0.063033;0.030023;-0.605621;9.832187
0.087425;0.133660;-0.616007;9.840442
0.108405;0.209160;-0.626080;9.850407
0.126673;0.250651;-0.637242;9.860007
0.016807;-0.237257;-0.578684;9.837960
0.070138;0.022581;-0.598569;9.846184
0.101315;0.144236;-0.610380;9.852642
0.105510;0.153681;-0.609414;9.856107
-0.007354;-0.335660;-0.540216;9.824446
0.038840;-0.076480;-0.550406;9.834647
0.051926;-0.005434;-0.543484;9.838088
0.094380;0.198065;-0.554152;9.849342
-0.016283;-0.360014;-0.478255;9.816196
0.021738;-0.113036;-0.480963;9.821121
0.044178;-0.006544;-0.476036;9.828946
0.076081;0.168625;-0.478219;9.838562
0.004790;-0.241057;-0.421139;9.816746
0.037061;-0.019169;-0.422606;9.819515
0.048667;0.035699;-0.414706;9.825915
0.057304;0.086143;-0.404858;9.831117
0.080546;0.213130;-0.406543;9.840554
0.093853;0.268129;-0.406024;9.847992
0.006112;-0.355900;-0.344551;9.807188
0.032479;-0.151912;-0.346520;9.812261
0.046796;-0.068394;-0.342565;9.818887
0.061520;0.042704;-0.339544;9.822788
0.012824;-0.247362;-0.291573;9.786286
0.042789;0.012337;-0.294331;9.796844
0.058069;0.128340;-0.291721;9.803113
-0.005621;-0.337848;-0.239710;9.780349
0.044194;0.086892;-0.254211;9.797097
0.009994;-0.190388;-0.222667;9.789241
0.048861;0.172604;-0.235435;9.795260
0.071822;0.358217;-0.245548;9.806766
0.099869;0.560906;-0.262849;9.823368
0.053828;0.030269;-0.239978;9.810159
0.070977;0.154981;-0.250414;9.813799
0.079361;0.164660;-0.256889;9.823253
0.090478;0.193827;-0.264203;9.831322
0.105366;0.241648;-0.273595;9.840615
0.031486;-0.488629;-0.237295;9.780235
0.031915;-0.294653;-0.241142;9.787556
0.020655;-0.198929;-0.239403;9.792843
0.013597;-0.003611;-0.238959;9.797719
0.006857;0.181202;-0.237538;9.803753
-0.042296;-0.340730;-0.198522;9.763421
-0.048054;-0.070397;-0.188176;9.767151
-0.055929;0.055738;-0.170350;9.777604
-0.068633;0.123980;-0.145401;9.782375
-0.080511;0.209242;-0.116947;9.790138
-0.078443;-0.176851;-0.068083;9.758589
0.054893;0.055100;-0.037246;9.767949
0.153500;0.158518;-0.012972;9.776026
0.214070;0.218445;0.002020;9.783303
0.238975;0.216289;0.010156;9.789009
0.205681;-0.310783;0.021249;9.769269
0.189246;-0.073335;0.012986;9.774859
0.159062;0.003378;0.001738;9.779938
0.129281;0.101254;-0.014285;9.784691
0.106979;0.222174;-0.035296;9.792805
0.060082;-0.117047;-0.047321;9.767307
0.062735;0.125643;-0.075293;9.777470
0.061930;0.165182;-0.099015;9.781117
0.066403;0.188179;-0.122844;9.787410
0.042916;-0.251443;-0.134479;9.768387
0.068563;0.058654;-0.162068;9.778145
0.084719;0.192127;-0.185130;9.784052
0.090107;0.186790;-0.202740;9.788265
0.047183;-0.420105;-0.198575;9.762453
0.060523;-0.186350;-0.213684;9.768716
0.070667;-0.040120;-0.225186;9.775675
0.084639;0.174042;-0.237383;9.783085
0.089457;0.240722;-0.244211;9.789070
0.043787;-0.337674;-0.224425;9.769550
0.057854;-0.070193;-0.229586;9.774145
0.068462;0.076174;-0.231347;9.781229
0.080553;0.250136;-0.232889;9.790122
0.087848;0.342274;-0.232322;9.800247
0.042089;-0.344631;-0.201219;9.770050
0.052372;-0.113467;-0.198422;9.773588
0.055440;-0.051805;-0.190707;9.779110
0.064972;0.144393;-0.186426;9.788079
0.066254;0.170638;-0.177497;9.791718
0.065857;0.179996;-0.168254;9.796501
0.037318;-0.291509;-0.137874;9.759041
0.049887;0.013477;-0.135013;9.771976
0.052375;0.094153;-0.126806;9.777824
0.055581;0.200821;-0.119964;9.787441
0.055697;0.211170;-0.111568;9.795685
0.036932;-0.344491;-0.087514;9.775754
0.042163;-0.074263;-0.083034;9.782428
0.043843;0.027994;-0.076863;9.788571
0.043750;0.099299;-0.069220;9.794510
0.043531;0.199600;-0.062377;9.804661
0.035139;-0.382503;-0.043042;9.780989
0.040333;-0.154716;-0.037075;9.784763
0.045660;-0.031762;-0.030858;9.791356
0.052593;0.141428;-0.025302;9.798057
0.058790;0.205584;-0.019803;9.803444
0.061585;-0.375472;-0.008017;9.783432
0.066396;-0.264296;-0.005078;9.772552
0.071292;-0.035419;-0.004031;9.780906
0.074509;0.091885;-0.003565;9.786460
0.077592;0.142121;-0.003610;9.791838
0.080300;0.121839;-0.004499;9.795066
0.185759;-0.316695;-0.008561;9.781369
0.276015;-0.074519;-0.030498;9.783426
0.317100;0.014912;-0.061070;9.790525
0.336216;0.166805;-0.103215;9.802462
0.335444;0.309458;-0.156401;9.817131
0.191829;-0.300153;-0.187112;9.799971
0.184475;-0.062756;-0.248201;9.805108
0.164975;0.036439;-0.307040;9.817165
0.161185;0.176469;-0.371234;9.828519
0.172569;0.306273;-0.438930;9.843074
0.041315;-0.308964;-0.451303;9.810443
0.074899;-0.099543;-0.507339;9.819717
0.110018;0.039615;-0.559516;9.835544
0.123243;0.082794;-0.597812;9.840255
0.137039;0.117995;-0.631310;9.848921
0.018328;-0.410697;-0.602889;9.809058
0.082126;-0.052096;-0.640889;9.824868
0.106188;0.049650;-0.658362;9.834110
0.137719;0.197602;-0.676267;9.847069
0.153085;0.248890;-0.684662;9.858380
0.055118;-0.149891;-0.627387;9.819880
0.084484;0.008084;-0.627634;9.833977
0.108463;0.137852;-0.623354;9.845707
0.132604;0.249154;-0.618187;9.859479
0.021084;-0.343922;-0.536763;9.810914
0.036342;-0.211449;-0.521876;9.804385
0.055961;-0.052574;-0.504967;9.819393
0.076783;0.079075;-0.488710;9.832500
0.089038;0.152641;-0.468066;9.839671
0.112948;0.291230;-0.456438;9.855828
0.109276;0.232651;-0.432537;9.856788
0.002347;-0.509654;-0.342389;9.772733
0.037194;-0.180251;-0.335318;9.794625
0.061963;0.013191;-0.324815;9.814434
0.078193;0.159238;-0.313452;9.820626
0.006706;-0.460477;-0.244730;9.765085
0.043578;-0.072694;-0.243941;9.787869
0.065262;0.125110;-0.240740;9.803688
0.074611;0.222508;-0.233984;9.809422
0.079650;0.264697;-0.228000;9.817682
0.016972;-0.469450;-0.177016;9.759201
0.033121;-0.227662;-0.175674;9.772474
0.041623;-0.116084;-0.170789;9.782773
0.053516;0.073896;-0.169784;9.790935
0.058706;0.167610;-0.166686;9.796804
0.070274;0.354656;-0.170667;9.812272
0.036952;-0.080178;-0.138184;9.766025
0.041860;0.022626;-0.136281;9.775670
0.052231;0.257475;-0.139213;9.789365
0.056986;0.381433;-0.139902;9.801896
0.023264;-0.414513;-0.109583;9.750214
0.028391;-0.176436;-0.107895;9.755809
0.029674;-0.061283;-0.103495;9.765490
0.032765;0.207895;-0.101210;9.777826
0.016864;-0.455234;-0.075683;9.734678
0.016458;-0.117166;-0.070377;9.743449
0.016259;-0.006731;-0.060618;9.751902
0.019092;0.234096;-0.051233;9.763803
0.022420;0.421847;-0.040599;9.777966
0.035929;-0.468499;-0.017211;9.733359
0.035884;-0.146135;-0.006295;9.742153
0.033654;-0.067427;0.006262;9.748509
0.026236;-0.049447;0.020163;9.749319
0.033922;-0.748685;0.035270;9.720044
-0.001411;-0.636946;0.049418;9.727212
0.062219;-0.136980;0.065679;9.746105
0.108187;0.104242;0.076971;9.751338
0.139973;0.370821;0.085179;9.764140
0.157805;0.448025;0.089238;9.780719
0.163437;0.169014;0.085053;9.779291
0.148462;0.238433;0.081638;9.786445
0.128372;0.386898;0.075988;9.798648
0.108556;0.449884;0.068189;9.809850
0.090218;-0.306452;0.055526;9.777710
0.081067;-0.074599;0.043879;9.777186
0.074937;0.017595;0.031513;9.781819
0.074060;0.246974;0.018312;9.789422
0.076423;0.311076;0.005678;9.795180
0.076736;-0.323333;-0.007522;9.763228
0.083250;0.021172;-0.020687;9.769675
0.088683;0.104052;-0.032267;9.778273
0.093829;0.245336;-0.043365;9.788352
0.099305;0.350902;-0.053773;9.800699
0.088407;-0.370572;-0.059594;9.747395
0.093129;-0.031736;-0.068980;9.760648
0.096484;0.117375;-0.076668;9.776010
0.098455;0.192957;-0.082683;9.783971
0.084585;-0.369298;-0.081953;9.757404
0.090921;-0.028924;-0.087495;9.769866
0.093773;0.070829;-0.090702;9.778834
0.096786;0.204060;-0.093467;9.790349
0.073583;-0.496730;-0.083589;9.748509
0.066020;-0.555191;-0.080688;9.740068
0.080027;0.066491;-0.085958;9.755039
0.095611;0.546856;-0.091706;9.766014
0.103575;0.798302;-0.096307;9.792243
0.083988;0.021859;-0.087867;9.796290
0.092573;0.268716;-0.091776;9.799479
0.098235;0.317723;-0.094032;9.820039
0.102990;0.399863;-0.096468;9.837737
0.101461;0.301469;-0.096318;9.842351
0.082667;-0.282692;-0.086403;9.768628
0.087991;-0.065039;-0.088744;9.790243
0.095068;0.125360;-0.091300;9.804606
0.098236;0.189169;-0.092385;9.808405
0.078853;-0.482333;-0.081153;9.747602
0.084654;-0.306190;-0.083266;9.744757
0.093575;-0.026078;-0.087551;9.769286
0.098038;0.059249;-0.089387;9.776358
0.106623;0.241206;-0.093618;9.793637
0.083350;-0.477433;-0.081841;9.738806
0.095840;-0.088730;-0.088257;9.759736
0.104685;0.112036;-0.093665;9.777012
0.110732;0.256869;-0.098753;9.788422
0.113929;0.265187;-0.102289;9.796496
0.088886;-0.409889;-0.091902;9.750408
0.098397;-0.132870;-0.098071;9.768446
0.106216;0.014896;-0.103320;9.778300
0.118262;0.224758;-0.111108;9.791542
0.125891;0.303808;-0.118012;9.801068
0.096281;-0.387446;-0.108098;9.762883
0.112358;-0.108050;-0.117549;9.771005
0.122635;-0.012377;-0.125383;9.779275
0.140982;0.191330;-0.137351;9.789579
0.155630;0.258313;-0.148669;9.796139
0.162415;0.239843;-0.159758;9.800252
0.119173;-0.290436;-0.152209;9.747646
0.129397;-0.117387;-0.166676;9.758981
0.140897;0.045120;-0.182863;9.771131
0.146130;0.092939;-0.196871;9.778471
0.164365;0.178997;-0.215034;9.789884
0.113063;-0.443896;-0.206453;9.762367
0.166335;-0.190211;-0.230573;9.770145
0.222224;-0.121487;-0.253900;9.785184
-0.005205;0.193773;-0.282587;9.785153
-0.216735;-0.467964;-0.250489;9.755526
-0.313504;-0.087628;-0.244693;9.761709
-0.344456;-0.009277;-0.216866;9.768021
-0.327193;0.160520;-0.177488;9.779017
-0.207662;-0.389770;-0.117449;9.781051
-0.154350;-0.119505;-0.061350;9.784841
-0.100343;0.007322;0.001265;9.792333
-0.073088;0.188850;0.071653;9.803563
0.050463;-0.349443;0.131632;9.810316
0.055045;-0.244125;0.200586;9.802529
0.029701;-0.057487;0.271668;9.812005
-0.004483;0.098747;0.345729;9.822701
-0.023216;0.149248;0.414231;9.835290
-0.051791;0.225359;0.484550;9.847574
0.019962;-0.084935;0.523717;9.839066
-0.014025;0.037221;0.585143;9.844932
-0.044900;0.148489;0.645198;9.856636
0.078906;-0.260200;0.652417;9.858725
0.043405;-0.080407;0.700358;9.858603
0.021484;0.017355;0.741361;9.863954
-0.016207;0.165944;0.786796;9.872413
-0.052153;0.282458;0.832989;9.882814
0.109164;-0.226296;0.793002;9.870606
0.066522;-0.059293;0.822022;9.868180
0.032950;0.043729;0.846654;9.874306
-0.004565;0.173010;0.872165;9.881134
-0.013145;0.197116;0.883374;9.885700
0.163348;-0.357367;0.796929;9.854313
0.116118;-0.154593;0.801499;9.856180
0.070524;0.011264;0.806752;9.862696
0.039011;0.146575;0.804865;9.866622
0.032077;0.186187;0.790441;9.870060
0.141151;-0.171032;0.694513;9.838877
0.085709;0.054864;0.690557;9.848906
0.062354;0.158826;0.673055;9.853160
0.046624;0.229468;0.653913;9.858670
0.147792;-0.233457;0.562344;9.829109
0.104971;-0.013339;0.548756;9.832785
0.092312;0.038104;0.523086;9.835831
0.080093;0.118009;0.497446;9.839495
0.069763;0.185496;0.473805;9.845000
0.062992;0.231787;0.451320;9.849721
0.165547;-0.434975;0.351767;9.791980
0.139049;-0.222441;0.330743;9.799152
0.122397;-0.088271;0.306691;9.807247
0.104218;0.092800;0.286988;9.811863
0.103977;0.127178;0.260203;9.811315
0.161408;-0.417369;0.189260;9.778179
0.142905;-0.175613;0.172239;9.784586
0.122400;0.101134;0.164043;9.795146
0.118453;0.200655;0.147941;9.796393
0.152496;-0.335405;0.098255;9.773214
0.146072;-0.187465;0.084063;9.765068
0.138940;0.031408;0.073232;9.774477
0.139096;0.114689;0.058313;9.780752
0.142231;0.164689;0.042389;9.787292
0.149647;-0.284468;0.010163;9.769310
0.151196;0.001811;-0.002776;9.776034
0.157157;0.194029;-0.016977;9.783217
0.164298;0.279111;-0.034705;9.790672
0.149025;-0.317858;-0.058755;9.770802
0.161517;-0.087866;-0.078276;9.772907
0.164616;0.062146;-0.100350;9.781895
0.156958;0.230967;-0.123761;9.789976
0.136008;0.263628;-0.144715;9.796019
0.066102;-0.358696;-0.154533;9.764923
0.048457;-0.053732;-0.172188;9.769900
0.028152;0.035455;-0.182913;9.774798
0.010470;0.127983;-0.188753;9.781158
-0.000130;0.252640;-0.190739;9.790150
-0.025183;-0.124669;-0.173656;9.769463
-0.028963;0.005562;-0.163056;9.777033
-0.034308;0.081279;-0.145760;9.783064
-0.089576;0.361904;-0.120158;9.797011
-0.078387;-0.240299;-0.079044;9.781141
-0.091391;0.006806;-0.036629;9.785480
-0.089567;0.181813;0.012319;9.798683
-0.080598;0.321314;0.066161;9.810958
-0.000851;-0.192871;0.113275;9.790663
0.002704;0.017538;0.167852;9.796658
0.003091;0.142605;0.220556;9.812624
0.002714;0.223687;0.269316;9.822659
0.004514;0.231251;0.312589;9.830559
0.084491;-0.374455;0.327539;9.786391
0.061688;-0.129280;0.362141;9.801473
0.040549;0.030137;0.390353;9.815949
0.028739;0.140666;0.410630;9.822364
0.024473;0.176024;0.423888;9.829334
0.105408;-0.412004;0.396511;9.782229
0.066877;-0.041945;0.407867;9.803491
0.051185;0.086776;0.408504;9.814098
0.041171;0.194601;0.404365;9.821363
0.035519;0.251070;0.397089;9.830011
0.109793;-0.351361;0.344379;9.779189
0.081348;-0.041598;0.335978;9.800591
0.071007;0.084367;0.321408;9.809442
0.065829;0.168804;0.304281;9.815996
0.049822;0.341484;0.294808;9.832581
0.101379;-0.100972;0.238139;9.785130
0.088360;0.047117;0.223645;9.798708
0.075744;0.221975;0.212263;9.809367
0.066317;0.360709;0.202877;9.823307
0.113984;-0.256080;0.159654;9.774904
0.096593;0.005626;0.152729;9.790566
0.089590;0.111822;0.144299;9.800266
0.084927;0.194671;0.136709;9.807954
0.083794;0.230146;0.129829;9.813397
0.120891;-0.403996;0.098636;9.751518
0.107208;-0.116819;0.095510;9.769893
0.099381;0.053852;0.092535;9.778685
0.095309;0.186235;0.090180;9.784077
0.120455;-0.343912;0.068793;9.744667
0.113821;-0.115151;0.066062;9.753932
0.110787;0.027986;0.063865;9.759963
0.116108;0.209932;0.063229;9.768760
0.150832;-0.397897;0.046228;9.741154
0.171040;-0.084238;0.041699;9.747471
0.200180;0.080260;0.033513;9.755547
0.241790;0.185311;0.019976;9.762632
0.290230;0.186928;-0.000177;9.768165
0.316559;-0.468159;-0.028278;9.727425
0.427680;-0.328433;-0.066790;9.734368
0.450682;-1.126144;-0.096708;9.736087
0.185906;-0.905451;-0.130305;9.751088
-0.104021;-0.393645;-0.180166;9.752896
-0.364209;-0.295641;-0.197022;9.774818
-0.461834;0.238336;-0.205087;9.770339
-0.463913;0.563376;-0.192048;9.785097
-0.397814;0.702619;-0.159047;9.813794
-0.212562;0.171951;-0.111263;9.860898
-0.125225;0.244628;-0.052781;9.848970
-0.052391;0.200857;0.012254;9.852229
-0.025173;0.259631;0.088682;9.855900
-0.012775;0.223592;0.167275;9.857436
-0.004469;0.117954;0.244938;9.855501
0.072570;-0.318829;0.302414;9.822897
0.017373;-0.131472;0.388025;9.826938
-0.007184;-0.068107;0.463195;9.829451
-0.028038;0.007364;0.537989;9.836256
-0.046919;0.082123;0.612234;9.844118
0.081073;-0.313686;0.639522;9.835869
0.022502;-0.063052;0.709947;9.841305
-0.002689;0.047443;0.769185;9.850493
-0.033744;0.164676;0.826288;9.862260
-0.054300;0.224655;0.878128;9.873395
0.069788;-0.119054;0.856480;9.860613
0.041448;-0.009971;0.886182;9.866364
0.005107;0.121591;0.916124;9.875172
-0.009639;0.170630;0.933517;9.882015
-0.009702;0.171669;0.939975;9.887364
0.106234;-0.159904;0.865922;9.852239
0.036683;0.070817;0.882890;9.863652
0.007567;0.170094;0.881183;9.871487
0.009921;0.170504;0.861774;9.875227
0.146228;-0.291937;0.757020;9.843405
0.091372;-0.043797;0.744156;9.853343
0.070895;0.050020;0.718178;9.856801
0.057511;0.123779;0.687471;9.861391
0.038628;0.204751;0.663077;9.869649
0.146673;-0.284863;0.555954;9.832936
0.088618;-0.005903;0.540462;9.838370
0.068668;0.063434;0.513911;9.844206
0.057058;0.127145;0.485740;9.848890
0.051599;0.152814;0.458629;9.852919
0.123284;-0.261843;0.376329;9.812027
0.094440;-0.070501;0.357390;9.822958
0.079525;0.022369;0.337338;9.829793
0.068420;0.107647;0.320088;9.835118
0.118347;-0.233619;0.264571;9.809227
0.079567;0.067834;0.264763;9.822139
0.071772;0.118337;0.254832;9.825272
0.058379;0.226989;0.252818;9.834471
0.122871;-0.313910;0.202391;9.796977
0.085040;0.022632;0.211788;9.812511
