-0.290613;0.092091;0.627847;10.024654;0
-0.282892;0.088368;0.633690;10.024654;0
-0.274480;0.082152;0.633690;10.024654;0
-0.262684;0.072446;0.633690;10.024654;0
-0.253407;0.057232;0.639025;10.024654;0
-0.243448;0.047772;0.639025;10.024654;0
-0.233176;0.049259;0.643847;10.024654;0
-0.219417;0.068253;0.643847;10.024654;0
-0.208698;0.086239;0.648174;10.024654;0
-0.198194;0.093859;0.648174;10.024654;0
-0.187228;0.099316;0.652043;10.024654;0
-0.172714;0.108919;0.652043;10.024654;0
-0.161501;0.112731;0.655516;10.024654;0
-0.150590;0.106488;0.655516;10.024654;0
-0.139709;0.100723;0.658678;10.024654;0
-0.129283;0.100468;0.658678;10.024654;0
-0.118928;0.105569;0.658678;10.024654;0
-0.105589;0.099371;0.661636;10.024654;0
-0.096359;0.094164;0.661636;10.024654;0
-0.087344;0.092940;0.664519;10.024654;0
-0.078544;0.098234;0.664519;10.024654;0
-0.070101;0.109053;0.667474;10.024654;0
-0.059334;0.119325;0.667474;10.024654;0
-0.051769;0.109955;0.670663;10.024654;0
-0.044425;0.098165;0.670663;10.024654;0
-0.037426;0.092469;0.674261;10.024654;0
-0.030949;0.084795;0.674261;10.024654;0
-0.022567;0.072631;0.678445;10.024654;0
-0.016665;0.072437;0.678445;10.024654;0
-0.011049;0.079663;0.683392;10.024654;0
-0.005579;0.088131;0.683392;10.024654;0
-0.000332;0.082151;0.689269;10.024654;0
0.006035;0.072136;0.689269;10.024654;0
0.010659;0.070060;0.696223;10.024654;0
0.015161;0.076427;0.696223;10.024654;0
0.019534;0.077918;0.704372;10.024654;0
0.023659;0.071382;0.704372;10.024654;0
0.028826;0.069085;0.713801;10.024654;0
0.032507;0.075962;0.713801;10.024654;0
0.035954;0.087080;0.724547;10.024654;0
0.039391;0.090708;0.724547;10.024654;0
0.043916;0.082588;0.724547;10.024654;0
0.047476;0.078869;0.736599;10.024654;0
0.051295;0.081535;0.736599;10.024654;0
0.055587;0.079700;0.749890;10.024654;0
0.060815;0.072262;0.749890;10.024654;0
0.067422;0.068783;0.764294;10.024654;0
-1.000000;0.073236;0.764294;10.024654;0
-1.000000;0.081389;0.779629;10.024654;0
-1.000000;0.082722;0.779629;10.024654;0
-1.000000;0.086108;0.779629;10.024654;0
-1.000000;0.093497;0.795675;10.024654;0
-1.000000;0.109200;0.795675;10.024654;0
-1.000000;0.116279;0.795675;10.024654;0
-1.000000;0.118009;0.812197;10.024654;0
-1.000000;0.119821;0.812197;10.024654;0
-1.000000;0.125991;0.812197;10.024654;0
-1.000000;0.133417;0.828962;10.024654;0
-1.000000;0.134166;0.828962;10.024654;0
-1.000000;0.129298;0.828962;10.024654;0
-1.000000;0.127200;0.845741;10.024654;0
-1.000000;0.131929;0.845741;10.024654;0
-1.000000;0.138032;0.845741;10.024654;0
-1.000000;0.139023;0.862316;10.024654;0
-0.987027;0.141830;0.862316;10.024654;0
-0.969362;0.147689;0.862316;10.024654;0
-0.950367;0.155190;0.878487;10.024654;0
-0.923071;0.156845;0.878487;10.024654;0
-0.901053;0.149477;0.878487;10.024654;0
-0.877937;0.142740;0.894071;10.024654;0
-0.854710;0.141041;0.894071;10.024654;0
-0.830601;0.146391;0.894071;10.024654;0
-0.797506;0.150615;0.894071;10.024654;0
-0.772633;0.149457;0.908905;10.024654;0
-0.747595;0.151468;0.908905;10.024654;0
-0.722448;0.158079;0.908905;10.024654;0
-0.688931;0.164084;0.922852;10.024654;0
-0.663430;0.155559;0.922852;10.024654;0
-0.638234;0.145763;0.922852;10.024654;0
-0.613034;0.141681;0.922852;10.024654;0
-0.588266;0.145873;0.935794;10.024654;0
-0.556574;0.151954;0.935794;10.024654;0
-0.532577;0.145040;0.935794;10.024654;0
-0.509190;0.137949;0.947638;10.024654;0
-0.486842;0.136362;0.947638;10.024654;0
-0.464679;0.140169;0.947638;10.024654;0
-0.443039;0.135018;0.947638;10.024654;0
-0.415991;0.123555;0.958313;10.024654;0
-0.396341;0.120316;0.958313;10.024654;0
-0.376991;0.124408;0.958313;10.024654;0
-0.358857;0.129332;0.958313;10.024654;0
-0.335635;0.118688;0.967770;10.024654;0
-0.318293;0.109830;0.967770;10.024654;0
-0.301604;0.107764;0.967770;10.024654;0
-0.286043;0.112808;0.975981;10.024654;0
-0.270677;0.122142;0.975981;10.024654;0
-0.251006;0.124153;0.975981;10.024654;0
-0.236409;0.116888;0.975981;10.024654;0
-0.222561;0.111520;0.982938;10.024654;0
-0.209171;0.110265;0.982938;10.024654;0
-0.196186;0.102643;0.982938;10.024654;0
-0.179533;0.082718;0.988652;10.024654;0
-0.167436;0.074851;0.988652;10.024654;0
-0.155768;0.076413;0.988652;10.024654;0
-0.144658;0.085025;0.988652;10.024654;0
-0.134250;0.085962;0.993149;10.024654;0
-0.120334;0.082257;0.993149;10.024654;0
-0.110506;0.083824;0.993149;10.024654;0
-0.100625;0.089962;0.996471;10.024654;0
-0.091183;0.099480;0.996471;10.024654;0
-0.079044;0.101317;0.996471;10.024654;0
-0.070004;0.089628;0.996471;10.024654;0
-0.061465;0.061291;0.998675;10.024654;0
-0.053116;0.031579;0.998675;10.024654;0
-0.045233;0.011121;0.998675;10.024654;0
-0.035067;-0.012381;0.998675;10.024654;0
-0.027979;-0.011766;0.998675;10.024654;0
-0.021224;0.005641;0.998675;10.024654;0
-0.014650;0.038603;0.998675;10.024654;0
-0.008312;0.073396;0.999826;10.024654;0
-0.002220;0.090533;0.999826;10.024654;0
0.005305;0.102616;0.999826;10.024654;0
0.010711;0.111016;0.999826;10.024654;0
0.016034;0.111938;1.000000;10.024654;0
0.021068;0.101222;1.000000;10.024654;0
0.025963;0.092580;1.000000;10.024654;0
0.032002;0.090972;0.999278;10.024654;0
0.036297;0.093880;0.999278;10.024654;0
0.040316;0.085195;0.999278;10.024654;0
0.044125;0.073583;0.999278;10.024654;0
0.047777;0.066934;0.997747;10.024654;0
0.052263;0.071934;0.997747;10.024654;0
0.055484;0.074873;0.997747;10.024654;0
0.058701;0.066010;0.992609;10.024654;0
0.061932;0.058645;0.992609;10.024654;0
0.065805;0.057312;0.992609;10.024654;0
0.070599;0.061873;0.992609;10.024654;0
0.075622;0.061330;0.989178;10.024654;0
-0.026686;0.069472;0.989178;10.024654;0
-0.028488;0.057092;0.989178;10.024654;0
-0.031136;0.044211;0.989178;10.024654;0
-0.033173;0.046939;0.985271;10.024654;0
-0.035155;0.054411;0.985271;10.024654;0
-0.037007;0.055886;0.985271;10.024654;0
-0.038719;0.061237;0.980931;10.024654;0
-0.040354;0.074974;0.980931;10.024654;0
-0.042261;0.096113;0.980931;10.024654;0
-0.043395;0.099925;0.980931;10.024654;0
-0.044370;0.103857;0.976177;10.024654;0
-0.045167;0.110828;0.976177;10.024654;0
-0.045804;0.123489;0.976177;10.024654;0
-0.046289;0.127368;0.971009;10.024654;0
-0.046460;0.124900;0.971009;10.024654;0
-0.046510;0.124446;0.971009;10.024654;0
-0.046472;0.130237;0.971009;10.024654;0
-0.046365;0.143628;0.965413;10.024654;0
-0.046060;0.158372;0.965413;10.024654;0
-0.045646;0.152349;0.965413;10.024654;0
-0.045170;0.143888;0.959372;10.024654;0
-0.044685;0.141940;0.959372;10.024654;0
-0.044218;0.149342;0.959372;10.024654;0
-0.043639;0.168108;0.952867;10.024654;0
-0.043184;0.175205;0.952867;10.024654;0
-0.042634;0.163974;0.952867;10.024654;0
-0.042108;0.150490;0.945888;10.024654;0
-0.041642;0.143419;0.945888;10.024654;0
-0.041262;0.146731;0.945888;10.024654;0
-0.040873;0.160747;0.938431;10.024654;0
-0.040569;0.162481;0.938431;10.024654;0
-0.040289;0.157048;0.938431;10.024654;0
-0.040078;0.153861;0.930512;10.024654;0
-0.039901;0.153716;0.930512;10.024654;0
-0.039745;0.141293;0.930512;10.024654;0
-0.039646;0.130278;0.922162;10.024654;0
-0.039637;0.127435;0.922162;10.024654;0
-0.039731;0.133926;0.922162;10.024654;0
-0.039980;0.152269;0.913438;10.024654;0
-0.040133;0.152994;0.913438;10.024654;0
-0.040269;0.144777;0.913438;10.024654;0
-0.040465;0.139978;0.904417;10.024654;0
-0.040728;0.140922;0.904417;10.024654;0
-0.041178;0.149431;0.954158;10.024654;0
-0.041463;0.145593;0.948476;10.024654;0
-0.041739;0.135704;0.948476;10.024654;0
-0.042090;0.128695;0.948476;10.024654;0
-0.042511;0.128001;0.948476;10.024654;0
-0.043122;0.137093;0.885928;10.024654;0
-0.043490;0.139869;0.885928;10.024654;0
-0.043873;0.128735;0.876744;10.024654;0
-0.044332;0.116937;0.876744;10.024654;0
-0.044905;0.111536;0.867827;10.024654;0
-0.045831;0.122674;0.867827;10.024654;0
-0.046575;0.130517;0.859369;10.024654;0
-0.047333;0.122027;0.859369;10.024654;0
-0.048177;0.111032;0.851575;10.024654;0
-0.049167;0.106872;0.851575;10.024654;0
-0.050619;0.105135;0.851575;10.024654;0
-0.051844;0.090402;0.844652;10.024654;0
-0.053191;0.077235;0.844652;10.024654;0
-0.054795;0.073185;0.838798;10.024654;0
-0.056591;0.081021;0.838798;10.024654;0
-0.058617;0.093687;0.834197;10.024654;0
-0.061671;0.083910;0.834197;10.024654;0
-0.064512;0.074327;0.830997;10.024654;0
-0.067944;0.071887;0.830997;10.024654;0
-0.072246;0.076365;0.829305;10.024654;0
0.543831;0.060362;0.829305;10.024654;0
0.555772;0.039426;0.829168;10.024654;0
0.567851;0.018072;0.830567;10.024654;0
0.580529;0.007842;0.830567;10.024654;0
0.593402;0.014173;0.833414;10.024654;0
0.610966;0.033093;0.833414;10.024654;0
0.624136;0.038644;0.837576;10.024654;0
0.636766;0.045101;0.837576;10.024654;0
0.648680;0.057587;0.837576;10.024654;0
0.664065;0.083693;0.842878;10.024654;0
0.674361;0.094625;0.842878;10.024654;0
0.683660;0.098775;0.849114;10.024654;0
0.691445;0.104705;0.849114;10.024654;0
0.697937;0.115007;0.856056;10.024654;0
0.704372;0.133140;0.856056;10.024654;0
0.707252;0.140251;0.863464;10.024654;0
0.708193;0.134186;0.863464;10.024654;0
0.707378;0.125769;0.871093;10.024654;0
0.704529;0.123196;0.871093;10.024654;0
0.700374;0.131474;0.878701;10.024654;0
0.694645;0.141893;0.878701;10.024654;0
0.687092;0.141969;0.886055;10.024654;0
0.678256;0.140771;0.886055;10.024654;0
0.664422;0.144262;0.886055;10.024654;0
0.652469;0.151759;0.892937;10.024654;0
0.639536;0.159486;0.892937;10.024654;0
0.625252;0.156959;0.899145;10.024654;0
0.610180;0.155203;0.899145;10.024654;0
0.589591;0.162350;0.899145;10.024654;0
0.572943;0.167408;0.904501;10.024654;0
0.556083;0.161990;0.904501;10.024654;0
0.539312;0.157031;0.908849;10.024654;0
0.521799;0.158559;0.908849;10.024654;0
0.498884;0.176250;0.908849;10.024654;0
0.481303;0.188721;0.912057;10.024654;0
0.463611;0.185280;0.912057;10.024654;0
0.445815;0.179071;0.912057;10.024654;0
0.428018;0.176346;0.914019;10.024654;0
0.405792;0.181146;0.914019;10.024654;0
0.389355;0.172247;0.914657;10.024654;0
0.373220;0.159553;0.914657;10.024654;0
0.357983;0.154578;0.914657;10.024654;0
0.343269;0.159860;0.913918;10.024654;0
0.324276;0.168316;0.913918;10.024654;0
0.310763;0.160424;0.911777;10.024654;0
0.297905;0.154351;0.911777;10.024654;0
0.285413;0.157802;0.911777;10.024654;0
0.273674;0.164621;0.908235;10.024654;0
0.259329;0.157757;0.908235;10.024654;0
0.248922;0.146248;0.903322;10.024654;0
0.239330;0.139734;0.903322;10.024654;0
0.230137;0.139865;0.903322;10.024654;0
0.221567;0.139420;0.897094;10.024654;0
0.211662;0.122534;0.897094;10.024654;0
0.204836;0.113239;0.889636;10.024654;0
0.198708;0.111887;0.889636;10.024654;0
0.193029;0.117201;0.889636;10.024654;0
0.186479;0.121682;0.881061;10.024654;0
0.182564;0.111462;0.881061;10.024654;0
0.179532;0.102443;0.871511;10.024654;0
0.177462;0.098108;0.871511;10.024654;0
0.176757;0.100196;0.871511;10.024654;0
0.178487;0.091019;0.861155;10.024654;0
0.183133;0.072872;0.861155;10.024654;0
0.489842;0.098926;0.850192;10.024654;0
0.485240;0.086229;0.850192;10.024654;0
0.480085;0.067846;0.838841;10.024654;0
0.476925;0.044365;0.838841;10.024654;0
0.474654;0.032108;0.838841;10.024654;0
0.473141;0.036595;0.827310;10.024654;0
0.472046;0.052925;0.827310;10.024654;0
0.471278;0.063594;0.815799;10.024654;0
0.470495;0.078196;0.815799;10.024654;0
0.469922;0.073276;0.815799;10.024654;0
0.469376;0.066310;0.804494;10.024654;0
0.468617;0.066169;0.804494;10.024654;0
0.467541;0.063788;0.793568;10.024654;0
0.465289;0.075459;0.793568;10.024654;0
0.462823;0.097334;0.793568;10.024654;0
0.459486;0.129244;0.783182;10.024654;0
0.455324;0.157681;0.783182;10.024654;0
0.449906;0.166057;0.773478;10.024654;0
0.440884;0.164524;0.773478;10.024654;0
0.433014;0.164581;0.764587;10.024654;0
0.424430;0.171358;0.764587;10.024654;0
0.414815;0.183510;0.764587;10.024654;0
0.404441;0.180661;0.756619;10.024654;0
0.393262;0.169915;0.756619;10.024654;0
0.377664;0.163069;0.749669;10.024654;0
0.365468;0.167411;0.749669;10.024654;0
0.353296;0.168791;0.743810;10.024654;0
0.340463;0.153911;0.743810;10.024654;0
0.327660;0.136348;0.739098;10.024654;0
0.310950;0.127398;0.739098;10.024654;0
0.298572;0.128393;0.735564;10.024654;0
0.286216;0.120974;0.735564;10.024654;0
0.274159;0.111604;0.733223;10.024654;0
0.262774;0.110862;0.733223;10.024654;0
0.247961;0.124651;0.732066;10.024654;0
0.236845;0.139007;0.732066;10.024654;0
0.226018;0.147231;0.732066;10.024654;0
0.215571;0.138728;0.732062;10.024654;0
0.205372;0.126392;0.732062;10.024654;0
0.192394;0.120619;0.733161;10.024654;0
0.183273;0.119432;0.733161;10.024654;0
0.174650;0.107239;0.735294;10.024654;0
0.166332;0.098956;0.735294;10.024654;0
0.158518;0.101390;0.738372;10.024654;0
0.148636;0.121480;0.738372;10.024654;0
0.141458;0.127270;0.742290;10.024654;0
0.134721;0.121535;0.746928;10.024654;0
0.128480;0.116401;0.746928;10.024654;0
0.122671;0.117661;0.752149;10.024654;0
0.115197;0.126101;0.752149;10.024654;0
0.110206;0.118087;0.757806;10.024654;0
0.105955;0.101238;0.757806;10.024654;0
0.102189;0.088079;0.763741;10.024654;0
0.098730;0.085768;0.763741;10.024654;0
0.095945;0.098455;0.769787;10.024654;0
0.095004;0.103303;0.769787;10.024654;0
0.638641;0.119248;0.775768;10.024654;0
0.638761;0.099734;0.775768;10.024654;0
0.639544;0.077111;0.775768;10.024654;0
0.640563;0.067938;0.781513;10.024654;0
0.641899;0.055881;0.781513;10.024654;0
0.643483;0.045935;0.786872;10.024654;0
0.644962;0.048710;0.786872;10.024654;0
0.646149;0.073968;0.791724;10.024654;0
0.646135;0.096082;0.791724;10.024654;0
0.645148;0.104564;0.795970;10.024654;0
0.643085;0.109964;0.795970;10.024654;0
0.638646;0.122001;0.799541;10.024654;0
0.633557;0.139609;0.799541;10.024654;0
0.626780;0.155338;0.799541;10.024654;0
0.618177;0.154654;0.802392;10.024654;0
0.607963;0.150653;0.802392;10.024654;0
0.596174;0.150460;0.804500;10.024654;0
0.578217;0.157772;0.804500;10.024654;0
0.562727;0.153176;0.804500;10.024654;0
0.546846;0.147556;0.805870;10.024654;0
0.529200;0.145699;0.805870;10.024654;0
0.504107;0.154496;0.806527;10.024654;0
0.483417;0.167701;0.806527;10.024654;0
0.462388;0.174988;0.806521;10.024654;0
0.440244;0.165745;0.806521;10.024654;0
0.416893;0.151865;0.806521;10.024654;0
0.387102;0.145642;0.805923;10.024654;0
0.364383;0.149337;0.805923;10.024654;0
0.341223;0.144026;0.804825;10.024654;0
0.318621;0.138397;0.804825;10.024654;0
0.294539;0.139161;0.804825;10.024654;0
0.263787;0.151944;0.803337;10.024654;0
0.241102;0.152478;0.803337;10.024654;0
0.219353;0.143302;0.801586;10.024654;0
0.198142;0.138145;0.801586;10.024654;0
0.177391;0.141710;0.799716;10.024654;0
0.156702;0.152197;0.799716;10.024654;0
0.129871;0.162585;0.797877;10.024654;0
0.110603;0.151181;0.797877;10.024654;0
0.092631;0.142171;0.797877;10.024654;0
0.074819;0.142299;0.796230;10.024654;0
0.051705;0.147843;0.796230;10.024654;0
0.035209;0.136142;0.794933;10.024654;0
0.018949;0.122967;0.794933;10.024654;0
0.003097;0.115358;0.794143;10.024654;0
-0.012175;0.115445;0.794143;10.024654;0
-0.027434;0.120034;0.794004;10.024654;0
-0.046653;0.106222;0.794004;10.024654;0
-0.061237;0.095129;0.794643;10.024654;0
-0.075550;0.091667;0.794643;10.024654;0
-0.090198;0.096401;0.796159;10.024654;0
-0.109021;0.092623;0.796159;10.024654;0
-0.123728;0.080965;0.798622;10.024654;0
-0.139282;0.073122;0.798622;10.024654;0
-0.155400;0.073848;0.802059;10.024654;0
-0.172714;0.083685;0.802059;10.024654;0
-0.198362;0.094603;0.806454;10.024654;0
-0.221541;0.084848;0.806454;10.024654;0
0.771888;0.037351;0.811739;10.024654;0
0.784336;0.026527;0.811739;10.024654;0
0.798097;0.020294;0.817799;10.024654;0
0.818509;0.020179;0.817799;10.024654;0
0.834959;0.014685;0.824478;10.024654;0
0.851888;0.012803;0.824478;10.024654;0
0.869259;0.017675;0.824478;10.024654;0
0.893075;0.038566;0.831589;10.024654;0
0.911179;0.054709;0.831589;10.024654;0
0.928061;0.060457;0.838927;10.024654;0
0.944234;0.065502;0.838927;10.024654;0
0.959793;0.074179;0.838927;10.024654;0
0.973746;0.086416;0.846276;10.024654;0
0.990695;0.094728;0.846276;10.024654;0
1.000000;0.090821;0.853418;10.024654;0
1.000000;0.086338;0.853418;10.024654;0
1.000000;0.084422;0.853418;10.024654;0
1.000000;0.090278;0.860138;10.024654;0
1.000000;0.096125;0.860138;10.024654;0
1.000000;0.093666;0.860138;10.024654;0
1.000000;0.091438;0.860138;10.024654;0
1.000000;0.094284;0.866230;10.024654;0
1.000000;0.107973;0.866230;10.024654;0
1.000000;0.118955;0.866230;10.024654;0
1.000000;0.121401;0.866230;10.024654;0
0.998424;0.123626;0.866230;10.024654;0
0.987764;0.127264;0.871505;10.024654;0
0.971189;0.136347;0.871505;10.024654;0
0.957403;0.141617;0.871505;10.024654;0
0.942363;0.140060;0.875787;10.024654;0
0.926968;0.139202;0.875787;10.024654;0
0.909827;0.140309;0.875787;10.024654;0
0.885961;0.134196;0.875787;10.024654;0
0.867822;0.127779;0.878921;10.024654;0
0.848599;0.127231;0.878921;10.024654;0
0.829253;0.133707;0.878921;10.024654;0
0.802555;0.150611;0.880776;10.024654;0
0.781498;0.155237;0.880776;10.024654;0
0.760426;0.153818;0.880776;10.024654;0
0.738792;0.155988;0.880776;10.024654;0
0.716968;0.163284;0.881241;10.024654;0
0.688217;0.163098;0.881241;10.024654;0
0.666089;0.155072;0.881241;10.024654;0
0.644570;0.148430;0.880229;10.024654;0
0.622949;0.149103;0.880229;10.024654;0
0.602275;0.152785;0.880229;10.024654;0
0.581081;0.145698;0.880229;10.024654;0
0.553951;0.135048;0.877676;10.024654;0
0.534290;0.133835;0.877676;10.024654;0
0.514746;0.137097;0.877676;10.024654;0
0.496046;0.133422;0.873544;10.024654;0
0.477935;0.129906;0.873544;10.024654;0
0.454583;0.129602;0.873544;10.024654;0
0.437790;0.135711;0.873544;10.024654;0
0.421200;0.148239;0.867819;10.024654;0
0.405339;0.159552;0.867819;10.024654;0
0.385149;0.153337;0.867819;10.024654;0
0.370350;0.145044;0.860512;10.024654;0
0.356472;0.135837;0.860512;10.024654;0
0.343371;0.118796;0.860512;10.024654;0
0.331066;0.102145;0.860512;10.024654;0
0.315902;0.088829;0.851658;10.024654;0
0.305499;0.071125;0.851658;10.024654;0
0.295491;0.057880;0.851658;10.024654;0
0.286218;0.047703;0.841318;10.024654;0
0.277778;0.041849;0.841318;10.024654;0
0.267237;0.053071;0.841318;10.024654;0
0.259643;0.079388;0.841318;10.024654;0
0.252567;0.102673;0.829579;10.024654;0
0.245947;0.118831;0.829579;10.024654;0
0.239345;0.132745;0.829579;10.024654;0
0.230998;0.150456;0.816553;10.024654;0
0.225102;0.164745;0.802380;10.024654;0
0.219439;0.171703;0.802380;10.024654;0
0.214031;0.159237;0.802380;10.024654;0
0.209282;0.139249;0.802380;10.024654;0
0.204195;0.118115;0.787226;10.024654;0
0.201538;0.113870;0.787226;10.024654;0
0.200144;0.110310;0.787226;10.024654;0
0.200379;0.098493;0.771286;10.024654;0
0.202812;0.089017;0.771286;10.024654;0
0.210706;0.086256;0.771286;10.024654;0
0.227959;0.086675;0.754785;10.024654;0
0.221509;0.081025;0.754785;10.024654;0
0.215644;0.072725;0.737967;10.024654;0
0.211148;0.069740;0.737967;10.024654;0
0.207680;0.075160;0.737967;10.024654;0
0.204674;0.090397;0.721078;10.024654;0
0.203417;0.099407;0.721078;10.024654;0
0.203012;0.095678;0.721078;10.024654;0
0.203331;0.090866;0.704354;10.024654;0
0.204171;0.090511;0.704354;10.024654;0
0.205322;0.094534;0.704354;10.024654;0
0.207059;0.087398;0.688019;10.024654;0
0.208318;0.083351;0.688019;10.024654;0
0.209275;0.085916;0.672288;10.024654;0
0.209800;0.093688;0.672288;10.024654;0
0.209791;0.096765;0.672288;10.024654;0
0.208831;0.091435;0.657361;10.024654;0
0.207255;0.094838;0.657361;10.024654;0
0.204907;0.103180;0.643428;10.024654;0
0.201701;0.108524;0.643428;10.024654;0
0.197765;0.098176;0.630660;10.024654;0
0.193243;0.085022;0.630660;10.024654;0
0.186374;0.078951;0.630660;10.024654;0
0.180231;0.086015;0.619213;10.024654;0
0.173477;0.093384;0.619213;10.024654;0
0.166406;0.087868;0.609224;10.024654;0
0.156481;0.081195;0.609224;10.024654;0
0.148262;0.085690;0.600805;10.024654;0
0.139992;0.099845;0.600805;10.024654;0
0.131491;0.113399;0.594048;10.024654;0
0.122912;0.110719;0.594048;10.024654;0
0.111554;0.100120;0.589016;10.024654;0
0.102826;0.096992;0.589016;10.024654;0
0.094283;0.100796;0.585746;10.024654;0
0.085845;0.105940;0.585746;10.024654;0
0.077837;0.100812;0.584248;10.024654;0
0.067471;0.086475;0.584502;10.024654;0
0.060018;0.082200;0.584502;10.024654;0
0.052760;0.085292;0.586465;10.024654;0
0.045579;0.094295;0.586465;10.024654;0
0.036370;0.103491;0.590066;10.024654;0
0.029902;0.097092;0.590066;10.024654;0
0.023612;0.091442;0.595216;10.024654;0
0.017676;0.090053;0.595216;10.024654;0
0.011974;0.093956;0.601803;10.024654;0
0.004760;0.098713;0.609704;10.024654;0
-0.000250;0.088520;0.609704;10.024654;0
-0.005101;0.076744;0.618781;10.024654;0
-0.009678;0.071608;0.618781;10.024654;0
-0.014118;0.075553;0.628884;10.024654;0
-0.019877;0.083492;0.628884;10.024654;0
-0.024115;0.077151;0.639861;10.024654;0
-0.028472;0.066566;0.639861;10.024654;0
-0.033105;0.062255;0.651550;10.024654;0
0.698217;0.053136;0.651550;10.024654;0
0.705383;0.058437;0.663787;10.024654;0
0.715309;0.063965;0.663787;10.024654;0
0.722777;0.062391;0.676411;10.024654;0
0.730128;0.065841;0.676411;10.024654;0
0.736841;0.076158;0.689273;10.024654;0
0.744711;0.102402;0.689273;10.024654;0
0.749579;0.122602;0.689273;10.024654;0
0.752895;0.130693;0.702250;10.024654;0
0.754877;0.135496;0.702250;10.024654;0
0.755361;0.142741;0.715236;10.024654;0
0.753323;0.162102;0.715236;10.024654;0
0.749384;0.174808;0.715236;10.024654;0
0.742956;0.174652;0.728140;10.024654;0
0.734707;0.172977;0.728140;10.024654;0
0.724296;0.174509;0.740891;10.024654;0
0.707129;0.181782;0.740891;10.024654;0
0.691836;0.182398;0.740891;10.024654;0
0.674362;0.173395;0.753432;10.024654;0
0.655759;0.168215;0.753432;10.024654;0
0.635821;0.170721;0.765717;10.024654;0
0.607490;0.181890;0.765717;10.024654;0
0.585056;0.180032;0.765717;10.024654;0
0.561055;0.176520;0.777713;10.024654;0
0.537350;0.176392;0.777713;10.024654;0
0.505732;0.185939;0.789400;10.024654;0
0.479870;0.196025;0.789400;10.024654;0
0.454322;0.194545;0.789400;10.024654;0
0.429020;0.187173;0.800763;10.024654;0
0.404600;0.182348;0.800763;10.024654;0
0.373120;0.183559;0.811799;10.024654;0
0.349949;0.192818;0.811799;10.024654;0
0.326924;0.206148;0.822510;10.024654;0
0.305322;0.209831;0.822510;10.024654;0
0.277955;0.191778;0.822510;10.024654;0
0.257810;0.179518;0.832901;10.024654;0
0.239635;0.176524;0.832901;10.024654;0
0.221667;0.175295;0.842986;10.024654;0
0.204434;0.160925;0.842986;10.024654;0
0.183065;0.148930;0.842986;10.024654;0
0.168293;0.152539;0.852775;10.024654;0
0.154218;0.163793;0.852775;10.024654;0
0.140563;0.173402;0.862283;10.024654;0
0.127705;0.162653;0.862283;10.024654;0
0.111926;0.141595;0.862283;10.024654;0
0.100833;0.131816;0.871522;10.024654;0
0.090028;0.130292;0.871522;10.024654;0
0.079670;0.132658;0.880501;10.024654;0
0.070008;0.122680;0.880501;10.024654;0
0.060732;0.112623;0.889225;10.024654;0
0.048550;0.111994;0.889225;10.024654;0
0.039746;0.124832;0.889225;10.024654;0
0.031113;0.137297;0.897693;10.024654;0
0.022894;0.131047;0.897693;10.024654;0
0.012210;0.115853;0.905898;10.024654;0
0.004078;0.111961;0.905898;10.024654;0
-0.004144;0.112469;0.913821;10.024654;0
-0.012108;0.100229;0.913821;10.024654;0
-0.020087;0.087183;0.913821;10.024654;0
-0.031088;0.082906;0.921436;10.024654;0
-0.039414;0.095537;0.921436;10.024654;0
-0.047785;0.106396;0.928704;10.024654;0
-0.056795;0.098560;0.928704;10.024654;0
-0.069263;0.086072;0.928704;10.024654;0
-0.080821;0.079194;0.935575;10.024654;0
0.070708;0.082806;0.935575;10.024654;0
0.070932;0.052139;0.941990;10.024654;0
0.071829;0.016583;0.941990;10.024654;0
0.074132;-0.009381;0.941990;10.024654;0
0.076677;-0.006957;0.947877;10.024654;0
0.080026;0.003327;0.947877;10.024654;0
0.083927;0.006938;0.953162;10.024654;0
0.088184;0.014669;0.953162;10.024654;0
0.094446;0.036955;0.953162;10.024654;0
0.099389;0.059674;0.957767;10.024654;0
0.104625;0.078544;0.957767;10.024654;0
0.109917;0.080009;0.957767;10.024654;0
0.115062;0.075937;0.961618;10.024654;0
0.121828;0.078082;0.961618;10.024654;0
0.126489;0.089255;0.964643;10.024654;0
0.131032;0.098509;0.964643;10.024654;0
0.135178;0.096950;0.964643;10.024654;0
0.139027;0.095439;0.966781;10.024654;0
0.143546;0.102558;0.966781;10.024654;0
0.146424;0.113895;0.966781;10.024654;0
0.148982;0.123463;0.967978;10.024654;0
0.151209;0.120201;0.967978;10.024654;0
0.153532;0.116111;0.967978;10.024654;0
0.154806;0.120356;0.968195;10.024654;0
0.155714;0.123132;0.968195;10.024654;0
0.156288;0.114735;0.968195;10.024654;0
0.156594;0.108310;0.967403;10.024654;0
0.156640;0.103581;0.967403;10.024654;0
0.156562;0.072720;0.967403;10.024654;0
0.156496;0.037838;0.965591;10.024654;0
0.156392;0.009323;0.965591;10.024654;0
0.156159;0.006427;0.965591;10.024654;0
0.155583;0.043710;0.962762;10.024654;0
0.155055;0.084256;0.962762;10.024654;0
0.154496;0.110040;0.962762;10.024654;0
0.153808;0.134211;0.958939;10.024654;0
0.152811;0.168233;0.958939;10.024654;0
0.151992;0.188280;0.954158;10.024654;0
0.151161;0.191485;0.954158;10.024654;0
0.150306;0.183301;0.954158;10.024654;0
0.149499;0.176703;0.948476;10.024654;0
0.148548;0.179715;0.948476;10.024654;0
0.147978;0.181923;0.948476;10.024654;0
0.147501;0.171860;0.941966;10.024654;0
0.147161;0.157084;0.941966;10.024654;0
0.146905;0.146558;0.934717;10.024654;0
0.146844;0.148726;0.934717;10.024654;0
0.146933;0.147024;0.934717;10.024654;0
0.147181;0.132102;0.926836;10.024654;0
0.147624;0.121492;0.926836;10.024654;0
0.148209;0.122111;0.918442;10.024654;0
0.149195;0.134652;0.918442;10.024654;0
0.150115;0.131591;0.918442;10.024654;0
0.151205;0.118389;0.909667;10.024654;0
0.152526;0.105546;0.909667;10.024654;0
0.154102;0.100894;0.900652;10.024654;0
0.156497;0.111957;0.900652;10.024654;0
0.158604;0.119664;0.900652;10.024654;0
0.161007;0.111574;0.891546;10.024654;0
0.163741;0.101235;0.891546;10.024654;0
0.168054;0.097421;0.882497;10.024654;0
0.171901;0.105967;0.882497;10.024654;0
0.176335;0.113561;0.873651;10.024654;0
0.181511;0.109137;0.873651;10.024654;0
0.187663;0.096455;0.873651;10.024654;0
0.197558;0.084596;0.865144;10.024654;0
0.207229;0.083055;0.865144;10.024654;0
0.218817;0.087459;0.857099;10.024654;0
0.233963;0.089094;0.857099;10.024654;0
-0.659813;0.002705;0.857099;10.024654;0
-0.686667;-0.019114;0.849613;10.024654;0
-0.708512;-0.025583;0.849613;10.024654;0
-0.730807;-0.024478;0.842758;10.024654;0
-0.754926;-0.024101;0.842758;10.024654;0
-0.779253;-0.016831;0.836575;10.024654;0
-0.811865;0.008270;0.836575;10.024654;0
-0.835548;0.028839;0.836575;10.024654;0
-0.858220;0.039170;0.831076;10.024654;0
-0.880102;0.048224;0.831076;10.024654;0
-0.900176;0.060554;0.831076;10.024654;0
-0.923895;0.076099;0.826248;10.024654;0
-0.939480;0.077686;0.826248;10.024654;0
-0.952052;0.073938;0.826248;10.024654;0
-0.962617;0.073279;0.822053;10.024654;0
-0.972952;0.081083;0.822053;10.024654;0
-0.977493;0.090224;0.818430;10.024654;0
-0.978970;0.092811;0.818430;10.024654;0
-0.977548;0.094994;0.818430;10.024654;0
-0.971388;0.103439;0.818430;10.024654;0
-0.963080;0.109865;0.815302;10.024654;0
-0.952202;0.107763;0.815302;10.024654;0
-0.938546;0.105756;0.815302;10.024654;0
-0.922100;0.108431;0.812579;10.024654;0
-0.896989;0.122239;0.812579;10.024654;0
-0.874697;0.133548;0.812579;10.024654;0
-0.850436;0.134619;0.812579;10.024654;0
-0.824214;0.133995;0.812579;10.024654;0
-0.795716;0.137554;0.810160;10.024654;0
-0.756701;0.149704;0.810160;10.024654;0
-0.724365;0.155369;0.810160;10.024654;0
-0.691360;0.147308;0.807938;10.024654;0
-0.658199;0.138081;0.807938;10.024654;0
-0.612090;0.134954;0.807938;10.024654;0
-0.577119;0.138124;0.805802;10.024654;0
-0.542575;0.132159;0.805802;10.024654;0
-0.506891;0.124692;0.805802;10.024654;0
-0.472683;0.122927;0.805802;10.024654;0
-0.426504;0.131238;0.803644;10.024654;0
-0.391856;0.138502;0.803644;10.024654;0
-0.357868;0.135830;0.803644;10.024654;0
-0.325269;0.133184;0.801357;10.024654;0
-0.293525;0.133485;0.801357;10.024654;0
-0.254013;0.139835;0.798843;10.024654;0
-0.224290;0.148743;0.798843;10.024654;0
-0.194986;0.152973;0.796008;10.024654;0
-0.167857;0.141588;0.796008;10.024654;0
-0.133253;0.120737;0.796008;10.024654;0
-0.108456;0.111123;0.796008;10.024654;0
-0.084794;0.109055;0.792772;10.024654;0
-0.062247;0.108516;0.792772;10.024654;0
-0.034687;0.090450;0.792772;10.024654;0
-0.014140;0.080419;0.789062;10.024654;0
0.004682;0.081468;0.789062;10.024654;0
0.022887;0.085767;0.789062;10.024654;0
0.039865;0.081932;0.784823;10.024654;0
0.060929;0.073468;0.784823;10.024654;0
0.076453;0.072787;0.784823;10.024654;0
0.090689;0.076724;0.780008;10.024654;0
0.104493;0.073669;0.780008;10.024654;0
0.117662;0.065390;0.774588;10.024654;0
0.130260;0.063332;0.774588;10.024654;0
0.145816;0.075145;0.774588;10.024654;0
0.157046;0.084012;0.768549;10.024654;0
0.168053;0.081025;0.768549;10.024654;0
0.178333;0.077168;0.768549;10.024654;0
0.191534;0.081554;0.761891;10.024654;0
0.201581;0.093215;0.761891;10.024654;0
0.211639;0.097535;0.761891;10.024654;0
0.221784;0.089148;0.754634;10.024654;0
0.232713;0.081689;0.754634;10.024654;0
0.244688;0.078720;0.746813;10.024654;0
0.263537;0.076710;0.746813;10.024654;0
0.280492;0.065124;0.746813;10.024654;0
-0.281832;0.058379;0.738487;10.024654;0
-0.292873;0.057218;0.738487;10.024654;0
-0.304182;0.065637;0.729730;10.024654;0
-0.319125;0.084302;0.729730;10.024654;0
-0.329683;0.088280;0.729730;10.024654;0
-0.339751;0.094618;0.720634;10.024654;0
-0.348590;0.108902;0.720634;10.024654;0
-0.358361;0.132807;0.711300;10.024654;0
-0.364294;0.139090;0.711300;10.024654;0
-0.368559;0.144064;0.711300;10.024654;0
-0.371210;0.154177;0.701835;10.024654;0
-0.372005;0.168630;0.701835;10.024654;0
-0.370103;0.179983;0.692359;10.024654;0
-0.366261;0.172089;0.692359;10.024654;0
-0.360658;0.164478;0.692359;10.024654;0
-0.353720;0.162632;0.682996;10.024654;0
-0.345189;0.166728;0.682996;10.024654;0
-0.331308;0.169157;0.673883;10.024654;0
-0.319378;0.158445;0.673883;10.024654;0
-0.306994;0.152106;0.665158;10.024654;0
-0.293672;0.153945;0.665158;10.024654;0
-0.275412;0.165274;0.656970;10.024654;0
-0.260552;0.163076;0.656970;10.024654;0
-0.246010;0.153986;0.649469;10.024654;0
-0.231497;0.147301;0.649469;10.024654;0
-0.216870;0.146312;0.642807;10.024654;0
-0.197618;0.149712;0.642807;10.024654;0
-0.183398;0.139380;0.637133;10.024654;0
-0.169728;0.130095;0.632590;10.024654;0
-0.156886;0.129093;0.632590;10.024654;0
-0.144633;0.138427;0.629307;10.024654;0
-0.128862;0.146295;0.629307;10.024654;0
-0.117968;0.143312;0.627399;10.024654;0
-0.107735;0.142004;0.626958;10.024654;0
-0.097965;0.145226;0.626958;10.024654;0
-0.088786;0.153240;0.628045;10.024654;0
-0.080249;0.152985;0.630691;10.024654;0
-0.069660;0.134982;0.630691;10.024654;0
-0.062622;0.124593;0.634891;10.024654;0
-0.055664;0.122058;0.634891;10.024654;0
-0.049215;0.116494;0.640598;10.024654;0
-0.041078;0.096422;0.647728;10.024654;0
-0.035600;0.085568;0.647728;10.024654;0
-0.030316;0.083799;0.656157;10.024654;0
-0.025351;0.086271;0.665720;10.024654;0
-0.018998;0.072314;0.665720;10.024654;0
-0.014426;0.065069;0.676221;10.024654;0
-0.010254;0.067008;0.676221;10.024654;0
-0.006657;0.070376;0.687426;10.024654;0
-0.003890;0.066030;0.699076;10.024654;0
-0.861894;0.025173;0.699076;10.024654;0
-0.876089;-0.027037;0.699076;10.024654;0
-0.888996;-0.084090;0.710886;10.024654;0
-0.904998;-0.129546;0.710886;10.024654;0
-0.923738;-0.153125;0.722568;10.024654;0
-0.943739;-0.150824;0.722568;10.024654;0
-0.970664;-0.106125;0.733852;10.024654;0
-0.990373;-0.052044;0.733852;10.024654;0
-1.000000;0.005851;0.733852;10.024654;0
-1.000000;0.048641;0.744488;10.024654;0
-1.000000;0.091616;0.744488;10.024654;0
-1.000000;0.116038;0.754251;10.024654;0
-1.000000;0.136705;0.754251;10.024654;0
-1.000000;0.151308;0.754251;10.024654;0
-1.000000;0.152718;0.762938;10.024654;0
-1.000000;0.147143;0.762938;10.024654;0
-1.000000;0.143593;0.762938;10.024654;0
-1.000000;0.143780;0.762938;10.024654;0
-1.000000;0.147860;0.762938;10.024654;0
-1.000000;0.149473;0.770373;10.024654;0
-1.000000;0.146276;0.770373;10.024654;0
-1.000000;0.145908;0.770373;10.024654;0
-1.000000;0.150359;0.770373;10.024654;0
-1.000000;0.159666;0.776406;10.024654;0
-1.000000;0.163072;0.776406;10.024654;0
-1.000000;0.161815;0.776406;10.024654;0
-1.000000;0.163419;0.780913;10.024654;0
-0.973694;0.169877;0.780913;10.024654;0
-0.944749;0.176913;0.780913;10.024654;0
-0.903800;0.176610;0.783795;10.024654;0
-0.870773;0.174295;0.783795;10.024654;0
-0.837503;0.177651;0.783795;10.024654;0
-0.803579;0.185402;0.783795;10.024654;0
-0.769034;0.187372;0.784978;10.024654;0
-0.721894;0.176892;0.784978;10.024654;0
-0.686401;0.171656;0.784978;10.024654;0
-0.652755;0.171301;0.784413;10.024654;0
-0.619843;0.176453;0.784413;10.024654;0
-0.588243;0.180484;0.784413;10.024654;0
-0.547105;0.172621;0.782077;10.024654;0
-0.517417;0.168998;0.782077;10.024654;0
-0.489053;0.170417;0.782077;10.024654;0
-0.461995;0.174263;0.777971;10.024654;0
-0.428209;0.170970;0.777971;10.024654;0
-0.403918;0.161664;0.777971;10.024654;0
-0.381612;0.154301;0.772121;10.024654;0
-0.360803;0.151807;0.772121;10.024654;0
-0.341377;0.148023;0.772121;10.024654;0
-0.318136;0.138762;0.764576;10.024654;0
-0.301833;0.137587;0.764576;10.024654;0
-0.286713;0.142820;0.764576;10.024654;0
-0.272372;0.141378;0.755412;10.024654;0
