-0.290645;0.104575;0.627847;10.024654;0
-0.282833;0.116304;0.633690;10.024654;0
-0.274078;0.107909;0.633690;10.024654;0
-0.264891;0.090630;0.639025;10.024654;0
-0.255077;0.075524;0.639025;10.024654;0
-0.241528;0.071892;0.639025;10.024654;0
-0.230757;0.074516;0.643847;10.024654;0
-0.220097;0.068971;0.643847;10.024654;0
-0.209296;0.065717;0.648174;10.024654;0
-0.194620;0.075282;0.648174;10.024654;0
-0.183213;0.087104;0.652043;10.024654;0
-0.171821;0.089744;0.652043;10.024654;0
-0.160752;0.092222;0.655516;10.024654;0
-0.150049;0.097598;0.655516;10.024654;0
-0.135762;0.111596;0.658678;10.024654;0
-0.125142;0.117477;0.658678;10.024654;0
-0.115163;0.109173;0.661636;10.024654;0
-0.105367;0.096975;0.661636;10.024654;0
-0.095946;0.089902;0.661636;10.024654;0
-0.084062;0.094415;0.664519;10.024654;0
-0.075304;0.098541;0.664519;10.024654;0
-0.066917;0.090846;0.667474;10.024654;0
-0.059066;0.084219;0.667474;10.024654;0
-0.051585;0.085611;0.670663;10.024654;0
-0.042194;0.091479;0.670663;10.024654;0
-0.035454;0.084170;0.674261;10.024654;0
-0.029052;0.078511;0.674261;10.024654;0
-0.022859;0.080215;0.678445;10.024654;0
-0.015330;0.085891;0.678445;10.024654;0
-0.009751;0.079788;0.683392;10.024654;0
-0.004441;0.075498;0.683392;10.024654;0
0.000436;0.077178;0.689269;10.024654;0
0.005259;0.086309;0.689269;10.024654;0
0.009810;0.095390;0.696223;10.024654;0
0.015668;0.086430;0.696223;10.024654;0
0.019844;0.079142;0.704372;10.024654;0
0.023846;0.080200;0.704372;10.024654;0
0.027740;0.090147;0.713801;10.024654;0
0.031762;0.094892;0.713801;10.024654;0
0.036219;0.084830;0.724547;10.024654;0
0.039690;0.079746;0.724547;10.024654;0
0.043058;0.081188;0.736599;10.024654;0
0.046567;0.084135;0.736599;10.024654;0
0.051598;0.070408;0.736599;10.024654;0
0.055967;0.061612;0.749890;10.024654;0
0.061216;0.063135;0.749890;10.024654;0
0.067664;0.072013;0.764294;10.024654;0
-1.000000;0.077051;0.764294;10.024654;0
-1.000000;0.082560;0.779629;10.024654;0
-1.000000;0.088107;0.779629;10.024654;0
-1.000000;0.094981;0.779629;10.024654;0
-1.000000;0.104742;0.795675;10.024654;0
-1.000000;0.116059;0.795675;10.024654;0
-1.000000;0.114358;0.795675;10.024654;0
-1.000000;0.113002;0.812197;10.024654;0
-1.000000;0.116578;0.812197;10.024654;0
-1.000000;0.122143;0.828962;10.024654;0
-1.000000;0.121090;0.828962;10.024654;0
-1.000000;0.120741;0.828962;10.024654;0
-1.000000;0.124135;0.845741;10.024654;0
-1.000000;0.131857;0.845741;10.024654;0
-1.000000;0.140299;0.845741;10.024654;0
-1.000000;0.137368;0.845741;10.024654;0
-1.000000;0.134491;0.862316;10.024654;0
-0.986771;0.134973;0.862316;10.024654;0
-0.963020;0.143766;0.862316;10.024654;0
-0.944392;0.149597;0.878487;10.024654;0
-0.923369;0.149245;0.878487;10.024654;0
-0.901336;0.147870;0.878487;10.024654;0
-0.878917;0.149754;0.894071;10.024654;0
-0.848135;0.153945;0.894071;10.024654;0
-0.823557;0.149591;0.894071;10.024654;0
-0.799063;0.146244;0.894071;10.024654;0
-0.774807;0.147511;0.908905;10.024654;0
-0.741415;0.154331;0.908905;10.024654;0
-0.716166;0.150124;0.908905;10.024654;0
-0.690986;0.143553;0.922852;10.024654;0
-0.665607;0.140602;0.922852;10.024654;0
-0.641386;0.143696;0.922852;10.024654;0
-0.608722;0.155132;0.922852;10.024654;0
-0.583607;0.157540;0.935794;10.024654;0
-0.560062;0.151166;0.935794;10.024654;0
-0.536172;0.146023;0.935794;10.024654;0
-0.513642;0.143959;0.947638;10.024654;0
-0.483694;0.143171;0.947638;10.024654;0
-0.461581;0.133563;0.947638;10.024654;0
-0.440560;0.126436;0.947638;10.024654;0
-0.420203;0.127303;0.958313;10.024654;0
-0.400058;0.133223;0.958313;10.024654;0
-0.380466;0.129681;0.958313;10.024654;0
-0.355394;0.122040;0.958313;10.024654;0
-0.337359;0.121820;0.967770;10.024654;0
-0.320209;0.128272;0.967770;10.024654;0
-0.303520;0.135031;0.967770;10.024654;0
-0.286447;0.128137;0.975981;10.024654;0
-0.266729;0.118464;0.975981;10.024654;0
-0.252062;0.114749;0.975981;10.024654;0
-0.237367;0.114517;0.975981;10.024654;0
-0.223372;0.115248;0.982938;10.024654;0
-0.209591;0.105211;0.982938;10.024654;0
-0.192247;0.092751;0.982938;10.024654;0
-0.179825;0.092217;0.988652;10.024654;0
-0.167558;0.095444;0.988652;10.024654;0
-0.155891;0.090576;0.988652;10.024654;0
-0.141285;0.086149;0.988652;10.024654;0
-0.130116;0.089977;0.993149;10.024654;0
-0.119999;0.095023;0.993149;10.024654;0
-0.109644;0.090225;0.993149;10.024654;0
-0.100172;0.082692;0.996471;10.024654;0
-0.087344;0.079842;0.996471;10.024654;0
-0.078068;0.086671;0.996471;10.024654;0
-0.069041;0.091915;0.996471;10.024654;0
-0.060456;0.081709;0.998675;10.024654;0
-0.052026;0.068868;0.998675;10.024654;0
-0.041407;0.061521;0.998675;10.024654;0
-0.034078;0.065473;0.998675;10.024654;0
-0.026854;0.071113;0.998675;10.024654;0
-0.019640;0.065745;0.998675;10.024654;0
-0.010721;0.058210;0.998675;10.024654;0
-0.004540;0.057991;0.999826;10.024654;0
0.001701;0.063154;0.999826;10.024654;0
0.007571;0.069726;0.999826;10.024654;0
0.013201;0.065966;1.000000;10.024654;0
0.020397;0.060391;1.000000;10.024654;0
0.025277;0.062319;1.000000;10.024654;0
0.030070;0.066218;1.000000;10.024654;0
0.034456;0.059681;0.999278;10.024654;0
0.038735;0.051837;0.999278;10.024654;0
0.043996;0.052034;0.999278;10.024654;0
0.047549;0.060308;0.997747;10.024654;0
0.050816;0.070916;0.997747;10.024654;0
0.054036;0.074060;0.997747;10.024654;0
0.057173;0.069185;0.997747;10.024654;0
0.061417;0.065241;0.992609;10.024654;0
0.064641;0.069941;0.992609;10.024654;0
0.068309;0.073341;0.992609;10.024654;0
0.072654;0.062301;0.989178;10.024654;0
-0.026528;0.065401;0.989178;10.024654;0
-0.028432;0.059846;0.989178;10.024654;0
-0.030446;0.060297;0.989178;10.024654;0
-0.032419;0.062493;0.985271;10.024654;0
-0.034372;0.056008;0.985271;10.024654;0
-0.036939;0.052338;0.985271;10.024654;0
-0.038755;0.060773;0.985271;10.024654;0
-0.040479;0.076781;0.980931;10.024654;0
-0.042128;0.099881;0.980931;10.024654;0
-0.043544;0.116929;0.980931;10.024654;0
-0.045074;0.125383;0.976177;10.024654;0
-0.046054;0.131747;0.976177;10.024654;0
-0.046884;0.141139;0.976177;10.024654;0
-0.047525;0.149113;0.971009;10.024654;0
-0.047918;0.143954;0.971009;10.024654;0
-0.048222;0.136931;0.971009;10.024654;0
-0.048350;0.138708;0.971009;10.024654;0
-0.048356;0.138619;0.965413;10.024654;0
-0.048212;0.126123;0.965413;10.024654;0
-0.048008;0.113717;0.965413;10.024654;0
-0.047726;0.110252;0.959372;10.024654;0
-0.047468;0.111403;0.959372;10.024654;0
-0.047023;0.088031;0.959372;10.024654;0
-0.046544;0.054072;0.959372;10.024654;0
-0.046102;0.032864;0.952867;10.024654;0
-0.045662;0.042151;0.952867;10.024654;0
-0.045458;0.076181;0.952867;10.024654;0
-0.045310;0.118394;0.945888;10.024654;0
-0.045197;0.146743;0.945888;10.024654;0
-0.045177;0.170941;0.945888;10.024654;0
-0.045323;0.203503;0.938431;10.024654;0
-0.045461;0.219997;0.938431;10.024654;0
-0.045500;0.220106;0.938431;10.024654;0
-0.045560;0.212372;0.930512;10.024654;0
-0.045721;0.208171;0.930512;10.024654;0
-0.046067;0.207669;0.930512;10.024654;0
-0.046266;0.195398;0.922162;10.024654;0
-0.046489;0.176547;0.922162;10.024654;0
-0.046796;0.163606;0.922162;10.024654;0
-0.047381;0.159201;0.913438;10.024654;0
-0.047820;0.155783;0.913438;10.024654;0
-0.048253;0.141661;0.954158;10.024654;0
-0.048754;0.130096;0.954158;10.024654;0
-0.049346;0.128506;0.954158;10.024654;0
-0.050029;0.138590;0.948476;10.024654;0
-0.050914;0.145718;0.948476;10.024654;0
-0.051549;0.139711;0.948476;10.024654;0
-0.052253;0.136027;0.948476;10.024654;0
-0.053063;0.140211;0.948476;10.024654;0
-0.053852;0.139306;0.885928;10.024654;0
-0.054922;0.123496;0.876744;10.024654;0
-0.055808;0.115874;0.876744;10.024654;0
-0.056834;0.119145;0.876744;10.024654;0
-0.057924;0.130977;0.867827;10.024654;0
-0.059105;0.141743;0.867827;10.024654;0
-0.060657;0.124604;0.859369;10.024654;0
-0.061951;0.109803;0.859369;10.024654;0
-0.063411;0.104725;0.851575;10.024654;0
-0.065039;0.108843;0.851575;10.024654;0
-0.066761;0.112813;0.844652;10.024654;0
-0.069249;0.096088;0.844652;10.024654;0
-0.071410;0.084425;0.838798;10.024654;0
-0.073807;0.082461;0.838798;10.024654;0
-0.076467;0.084724;0.838798;10.024654;0
-0.079447;0.075204;0.834197;10.024654;0
-0.082990;0.069143;0.830997;10.024654;0
-0.088807;0.079929;0.830997;10.024654;0
-0.094146;0.091405;0.829305;10.024654;0
-0.100874;0.088772;0.829305;10.024654;0
0.541945;0.047419;0.829168;10.024654;0
0.554003;0.045132;0.829168;10.024654;0
0.571601;0.048858;0.830567;10.024654;0
0.585161;0.051790;0.830567;10.024654;0
0.599013;0.045894;0.833414;10.024654;0
0.613381;0.043411;0.833414;10.024654;0
0.627785;0.049967;0.837576;10.024654;0
0.642167;0.065804;0.837576;10.024654;0
0.659883;0.090766;0.842878;10.024654;0
0.672047;0.094179;0.842878;10.024654;0
0.683086;0.092041;0.849114;10.024654;0
0.693302;0.090517;0.849114;10.024654;0
0.705257;0.097843;0.849114;10.024654;0
0.712398;0.107466;0.856056;10.024654;0
0.717963;0.108613;0.856056;10.024654;0
0.721738;0.106337;0.863464;10.024654;0
0.723859;0.109786;0.863464;10.024654;0
0.724238;0.121241;0.871093;10.024654;0
0.721866;0.145934;0.878701;10.024654;0
0.717692;0.155946;0.878701;10.024654;0
0.711461;0.156687;0.878701;10.024654;0
0.703662;0.157184;0.886055;10.024654;0
0.694127;0.158999;0.886055;10.024654;0
0.679449;0.147449;0.892937;10.024654;0
0.667096;0.140929;0.892937;10.024654;0
0.653760;0.140865;0.892937;10.024654;0
0.639206;0.147879;0.899145;10.024654;0
0.623685;0.159004;0.899145;10.024654;0
0.602141;0.155363;0.899145;10.024654;0
0.585266;0.149041;0.904501;10.024654;0
0.568069;0.151910;0.904501;10.024654;0
0.550525;0.164859;0.908849;10.024654;0
0.527036;0.180952;0.908849;10.024654;0
0.507701;0.175880;0.908849;10.024654;0
0.489120;0.170123;0.912057;10.024654;0
0.471033;0.171715;0.912057;10.024654;0
0.452756;0.174520;0.912057;10.024654;0
0.435374;0.164389;0.914019;10.024654;0
0.412476;0.153086;0.914019;10.024654;0
0.396242;0.155041;0.914657;10.024654;0
0.379841;0.166667;0.914657;10.024654;0
0.363840;0.170409;0.914657;10.024654;0
0.348415;0.163753;0.913918;10.024654;0
0.328831;0.160749;0.913918;10.024654;0
0.315045;0.164236;0.911777;10.024654;0
0.301540;0.170883;0.911777;10.024654;0
0.288831;0.171986;0.911777;10.024654;0
0.276793;0.158174;0.908235;10.024654;0
0.262027;0.141566;0.908235;10.024654;0
0.251428;0.139591;0.903322;10.024654;0
0.241433;0.142006;0.903322;10.024654;0
0.232157;0.131061;0.903322;10.024654;0
0.223798;0.117385;0.897094;10.024654;0
0.213786;0.108469;0.897094;10.024654;0
0.206772;0.113483;0.889636;10.024654;0
0.200494;0.116908;0.889636;10.024654;0
0.195095;0.104886;0.889636;10.024654;0
0.190391;0.090581;0.881061;10.024654;0
0.185304;0.084427;0.881061;10.024654;0
0.182437;0.091744;0.871511;10.024654;0
0.180674;0.089174;0.871511;10.024654;0
0.180347;0.077741;0.871511;10.024654;0
0.181856;0.069740;0.861155;10.024654;0
0.187725;0.067387;0.861155;10.024654;0
0.484659;0.119278;0.850192;10.024654;0
0.479770;0.105310;0.850192;10.024654;0
0.475405;0.079541;0.838841;10.024654;0
0.471644;0.060217;0.838841;10.024654;0
0.467820;0.054824;0.838841;10.024654;0
0.465578;0.058101;0.827310;10.024654;0
0.463858;0.058567;0.827310;10.024654;0
0.462499;0.066955;0.815799;10.024654;0
0.461196;0.084041;0.815799;10.024654;0
0.459876;0.102515;0.815799;10.024654;0
0.457927;0.109814;0.804494;10.024654;0
0.456286;0.109776;0.804494;10.024654;0
0.454197;0.116375;0.793568;10.024654;0
0.451511;0.126149;0.793568;10.024654;0
0.447051;0.126145;0.783182;10.024654;0
0.442889;0.121208;0.783182;10.024654;0
0.437903;0.123351;0.783182;10.024654;0
0.432056;0.133577;0.773478;10.024654;0
0.425286;0.150348;0.773478;10.024654;0
0.414699;0.160626;0.764587;10.024654;0
0.405913;0.155550;0.764587;10.024654;0
0.396451;0.151101;0.756619;10.024654;0
0.386184;0.151234;0.756619;10.024654;0
0.375899;0.150331;0.756619;10.024654;0
0.361012;0.130480;0.749669;10.024654;0
0.349471;0.120992;0.749669;10.024654;0
0.337699;0.123924;0.743810;10.024654;0
0.325462;0.137519;0.743810;10.024654;0
0.313411;0.155869;0.739098;10.024654;0
0.296991;0.165475;0.739098;10.024654;0
0.284313;0.158582;0.735564;10.024654;0
0.272004;0.150881;0.735564;10.024654;0
0.259903;0.147579;0.733223;10.024654;0
0.248509;0.138514;0.733223;10.024654;0
0.237327;0.122827;0.732066;10.024654;0
0.223178;0.112362;0.732066;10.024654;0
0.212880;0.115724;0.732062;10.024654;0
0.202710;0.129294;0.732062;10.024654;0
0.193202;0.142827;0.733161;10.024654;0
0.183790;0.139054;0.733161;10.024654;0
0.172107;0.129821;0.735294;10.024654;0
0.163692;0.129598;0.735294;10.024654;0
0.155621;0.135703;0.738372;10.024654;0
0.147927;0.138890;0.738372;10.024654;0
0.140878;0.124624;0.742290;10.024654;0
0.132526;0.108309;0.742290;10.024654;0
0.126347;0.109484;0.746928;10.024654;0
0.120618;0.106364;0.746928;10.024654;0
0.115381;0.097687;0.752149;10.024654;0
0.110638;0.093006;0.752149;10.024654;0
0.104868;0.101688;0.757806;10.024654;0
0.100944;0.117694;0.757806;10.024654;0
0.097663;0.128147;0.763741;10.024654;0
0.095057;0.118608;0.763741;10.024654;0
0.093045;0.099404;0.769787;10.024654;0
0.093010;0.081012;0.769787;10.024654;0
0.646946;0.066060;0.769787;10.024654;0
0.648276;0.027103;0.775768;10.024654;0
0.650496;-0.013512;0.775768;10.024654;0
0.654323;-0.036444;0.781513;10.024654;0
0.657147;-0.021073;0.781513;10.024654;0
0.659600;0.018477;0.786872;10.024654;0
0.661662;0.065960;0.786872;10.024654;0
0.663477;0.110976;0.791724;10.024654;0
0.663763;0.137910;0.791724;10.024654;0
0.662963;0.163934;0.795970;10.024654;0
0.660850;0.189217;0.795970;10.024654;0
0.657145;0.205494;0.795970;10.024654;0
0.651398;0.199766;0.799541;10.024654;0
0.641661;0.181210;0.799541;10.024654;0
0.632821;0.171654;0.802392;10.024654;0
0.622835;0.169257;0.802392;10.024654;0
0.611380;0.163613;0.804500;10.024654;0
0.598858;0.153270;0.804500;10.024654;0
0.580177;0.144803;0.804500;10.024654;0
0.564920;0.147737;0.805870;10.024654;0
0.548419;0.159231;0.805870;10.024654;0
0.523820;0.170812;0.806527;10.024654;0
0.504871;0.162837;0.806527;10.024654;0
0.484117;0.150786;0.806527;10.024654;0
0.463105;0.145906;0.806521;10.024654;0
0.434747;0.154210;0.806521;10.024654;0
0.411893;0.158856;0.805923;10.024654;0
0.388764;0.148427;0.805923;10.024654;0
0.365996;0.139408;0.804825;10.024654;0
0.342748;0.139986;0.804825;10.024654;0
0.319849;0.146948;0.804825;10.024654;0
0.289848;0.145971;0.803337;10.024654;0
0.267069;0.142961;0.803337;10.024654;0
0.244933;0.145576;0.801586;10.024654;0
0.223039;0.152535;0.801586;10.024654;0
0.201458;0.156929;0.799716;10.024654;0
0.173528;0.138550;0.799716;10.024654;0
0.153382;0.127195;0.799716;10.024654;0
0.133726;0.124917;0.797877;10.024654;0
0.114232;0.126864;0.797877;10.024654;0
0.093487;0.124863;0.796230;10.024654;0
0.071717;0.112141;0.796230;10.024654;0
0.054303;0.106174;0.794933;10.024654;0
0.038166;0.108434;0.794933;10.024654;0
0.021883;0.108619;0.794143;10.024654;0
0.005880;0.093555;0.794143;10.024654;0
-0.014623;0.078227;0.794004;10.024654;0
-0.029716;0.078084;0.794004;10.024654;0
-0.044974;0.086830;0.794643;10.024654;0
-0.059925;0.101472;0.794643;10.024654;0
-0.079261;0.106026;0.796159;10.024654;0
-0.093835;0.094492;0.796159;10.024654;0
-0.109231;0.082381;0.798622;10.024654;0
-0.124861;0.080289;0.798622;10.024654;0
-0.145015;0.074327;0.802059;10.024654;0
-0.164243;0.062465;0.802059;10.024654;0
-0.183427;0.056196;0.806454;10.024654;0
-0.205220;0.056111;0.806454;10.024654;0
0.754782;0.047292;0.811739;10.024654;0
0.769629;0.045394;0.811739;10.024654;0
0.782162;0.030250;0.817799;10.024654;0
0.796205;0.018552;0.817799;10.024654;0
0.811368;0.017541;0.817799;10.024654;0
0.827032;0.027744;0.824478;10.024654;0
0.848377;0.046405;0.824478;10.024654;0
0.864932;0.051261;0.831589;10.024654;0
0.881319;0.052817;0.831589;10.024654;0
0.897064;0.057997;0.838927;10.024654;0
0.912474;0.067866;0.838927;10.024654;0
0.927002;0.078497;0.838927;10.024654;0
0.944431;0.076666;0.846276;10.024654;0
0.955871;0.075788;0.846276;10.024654;0
0.966016;0.081476;0.846276;10.024654;0
0.974799;0.089593;0.853418;10.024654;0
0.981645;0.088464;0.853418;10.024654;0
0.988386;0.087899;0.860138;10.024654;0
0.991536;0.095012;0.860138;10.024654;0
0.992957;0.107394;0.860138;10.024654;0
0.992634;0.121868;0.866230;10.024654;0
0.990291;0.129740;0.866230;10.024654;0
0.984348;0.127665;0.866230;10.024654;0
0.977955;0.127175;0.866230;10.024654;0
0.970194;0.126744;0.871505;10.024654;0
0.961206;0.120766;0.871505;10.024654;0
0.951134;0.113325;0.871505;10.024654;0
0.939934;0.112239;0.871505;10.024654;0
0.923446;0.123325;0.871505;10.024654;0
0.909750;0.131471;0.875787;10.024654;0
0.894954;0.130637;0.875787;10.024654;0
0.879637;0.129565;0.875787;10.024654;0
0.863651;0.132683;0.878921;10.024654;0
0.847012;0.141821;0.878921;10.024654;0
0.823298;0.158615;0.878921;10.024654;0
0.804843;0.162387;0.878921;10.024654;0
0.785470;0.157257;0.880776;10.024654;0
0.766148;0.151957;0.880776;10.024654;0
0.746643;0.151688;0.880776;10.024654;0
0.720503;0.156371;0.881241;10.024654;0
0.700094;0.151190;0.881241;10.024654;0
0.679727;0.146989;0.881241;10.024654;0
0.659787;0.149034;0.881241;10.024654;0
0.639517;0.157680;0.880229;10.024654;0
0.612777;0.159035;0.880229;10.024654;0
0.592991;0.156225;0.880229;10.024654;0
0.573094;0.156292;0.877676;10.024654;0
0.553444;0.160394;0.877676;10.024654;0
0.534009;0.164602;0.877676;10.024654;0
0.515205;0.157852;0.877676;10.024654;0
0.490800;0.147238;0.873544;10.024654;0
0.473183;0.145289;0.873544;10.024654;0
0.456042;0.145745;0.873544;10.024654;0
0.440027;0.137681;0.867819;10.024654;0
0.419060;0.130444;0.867819;10.024654;0
0.403592;0.134312;0.867819;10.024654;0
0.388887;0.144640;0.867819;10.024654;0
0.374619;0.153887;0.860512;10.024654;0
0.357263;0.148315;0.860512;10.024654;0
0.343344;0.142867;0.860512;10.024654;0
0.330700;0.144395;0.851658;10.024654;0
0.318786;0.146556;0.851658;10.024654;0
0.307254;0.137115;0.851658;10.024654;0
0.296555;0.129098;0.841318;10.024654;0
0.283421;0.127999;0.841318;10.024654;0
0.273724;0.134915;0.841318;10.024654;0
0.264495;0.139912;0.841318;10.024654;0
0.255992;0.130977;0.829579;10.024654;0
0.245775;0.120483;0.829579;10.024654;0
0.238256;0.120720;0.816553;10.024654;0
0.231561;0.126505;0.816553;10.024654;0
0.225465;0.125117;0.802380;10.024654;0
0.218034;0.113129;0.802380;10.024654;0
0.213030;0.108235;0.802380;10.024654;0
0.208670;0.110583;0.802380;10.024654;0
0.205085;0.116544;0.787226;10.024654;0
0.202561;0.112989;0.787226;10.024654;0
0.201244;0.107466;0.787226;10.024654;0
0.202010;0.104765;0.771286;10.024654;0
0.205135;0.106974;0.771286;10.024654;0
0.211367;0.114394;0.771286;10.024654;0
0.236550;0.105942;0.754785;10.024654;0
0.229843;0.096233;0.754785;10.024654;0
0.222442;0.078682;0.737967;10.024654;0
0.218137;0.072890;0.737967;10.024654;0
0.214892;0.077687;0.737967;10.024654;0
0.212583;0.087726;0.721078;10.024654;0
0.211026;0.082412;0.721078;10.024654;0
0.210898;0.078222;0.721078;10.024654;0
0.211470;0.080603;0.704354;10.024654;0
0.212502;0.089743;0.704354;10.024654;0
0.213833;0.099499;0.704354;10.024654;0
0.215839;0.092498;0.688019;10.024654;0
0.217357;0.084011;0.688019;10.024654;0
0.218681;0.079845;0.672288;10.024654;0
0.219652;0.082636;0.672288;10.024654;0
0.220140;0.093757;0.672288;10.024654;0
0.219913;0.107049;0.657361;10.024654;0
0.219039;0.101659;0.657361;10.024654;0
0.217498;0.095328;0.643428;10.024654;0
0.215290;0.093792;0.643428;10.024654;0
0.211396;0.095160;0.630660;10.024654;0
0.207746;0.089108;0.630660;10.024654;0
0.203678;0.080828;0.630660;10.024654;0
0.198804;0.076289;0.619213;10.024654;0
0.191714;0.083301;0.619213;10.024654;0
0.185595;0.091289;0.609224;10.024654;0
0.179216;0.089326;0.609224;10.024654;0
0.172525;0.085624;0.600805;10.024654;0
0.165406;0.067675;0.600805;10.024654;0
0.156236;0.043160;0.594048;10.024654;0
0.149142;0.033739;0.594048;10.024654;0
0.142515;0.026255;0.589016;10.024654;0
0.135549;0.027384;0.589016;10.024654;0
0.128564;0.043033;0.585746;10.024654;0
0.119483;0.080201;0.585746;10.024654;0
0.112682;0.106966;0.584248;10.024654;0
0.106011;0.119148;0.584248;10.024654;0
0.099336;0.125448;0.584502;10.024654;0
0.092785;0.130704;0.584502;10.024654;0
0.084477;0.141247;0.586465;10.024654;0
0.078339;0.137998;0.586465;10.024654;0
0.072589;0.124428;0.590066;10.024654;0
0.066995;0.111403;0.595216;10.024654;0
0.061633;0.106538;0.595216;10.024654;0
0.056592;0.098158;0.601803;10.024654;0
0.050449;0.078260;0.601803;10.024654;0
0.046158;0.068781;0.609704;10.024654;0
0.042082;0.068609;0.609704;10.024654;0
0.038213;0.076486;0.618781;10.024654;0
0.034525;0.084991;0.618781;10.024654;0
0.030172;0.073519;0.628884;10.024654;0
0.027239;0.060959;0.628884;10.024654;0
0.024547;0.056078;0.639861;10.024654;0
0.022122;0.057791;0.639861;10.024654;0
0.019512;0.052827;0.651550;10.024654;0
0.703466;0.054593;0.651550;10.024654;0
0.708755;0.055584;0.663787;10.024654;0
0.714245;0.062143;0.663787;10.024654;0
0.719851;0.066145;0.676411;10.024654;0
0.727224;0.072643;0.676411;10.024654;0
0.732520;0.087924;0.689273;10.024654;0
0.736833;0.103979;0.689273;10.024654;0
0.740242;0.111529;0.702250;10.024654;0
0.742640;0.119862;0.702250;10.024654;0
0.743925;0.139948;0.702250;10.024654;0
0.743049;0.152875;0.715236;10.024654;0
0.740284;0.153026;0.715236;10.024654;0
0.735785;0.151730;0.728140;10.024654;0
0.729363;0.155060;0.728140;10.024654;0
0.717853;0.167643;0.728140;10.024654;0
0.706513;0.171587;0.740891;10.024654;0
0.693363;0.170895;0.740891;10.024654;0
0.678667;0.173297;0.753432;10.024654;0
0.661628;0.179718;0.753432;10.024654;0
0.636903;0.196352;0.753432;10.024654;0
0.615796;0.204576;0.765717;10.024654;0
0.593983;0.197395;0.765717;10.024654;0
0.570910;0.187628;0.777713;10.024654;0
0.539483;0.185396;0.777713;10.024654;0
0.515090;0.191992;0.777713;10.024654;0
0.490275;0.195606;0.789400;10.024654;0
0.465269;0.188662;0.789400;10.024654;0
0.440005;0.182111;0.800763;10.024654;0
0.415030;0.180444;0.800763;10.024654;0
0.383595;0.185424;0.800763;10.024654;0
0.360408;0.188740;0.811799;10.024654;0
0.337049;0.177967;0.811799;10.024654;0
0.308891;0.164853;0.822510;10.024654;0
0.287662;0.165163;0.822510;10.024654;0
0.267303;0.175069;0.822510;10.024654;0
0.248182;0.177834;0.832901;10.024654;0
0.229727;0.170337;0.832901;10.024654;0
0.207234;0.165380;0.842986;10.024654;0
0.190915;0.169183;0.842986;10.024654;0
0.175698;0.175573;0.852775;10.024654;0
0.161331;0.172923;0.852775;10.024654;0
0.147817;0.162564;0.852775;10.024654;0
0.134810;0.154274;0.862283;10.024654;0
0.118656;0.153972;0.862283;10.024654;0
0.107184;0.162101;0.871522;10.024654;0
0.095947;0.172113;0.871522;10.024654;0
0.085276;0.163840;0.871522;10.024654;0
0.072351;0.146570;0.880501;10.024654;0
0.062499;0.139349;0.880501;10.024654;0
0.053252;0.139463;0.889225;10.024654;0
0.044346;0.131231;0.889225;10.024654;0
0.035626;0.115518;0.897693;10.024654;0
0.027258;0.105045;0.897693;10.024654;0
0.016231;0.103937;0.897693;10.024654;0
0.008012;0.105571;0.905898;10.024654;0
0.000135;0.095671;0.905898;10.024654;0
-0.007548;0.088915;0.913821;10.024654;0
-0.015534;0.089901;0.913821;10.024654;0
-0.026128;0.104975;0.913821;10.024654;0
-0.034357;0.110680;0.921436;10.024654;0
-0.042530;0.101230;0.921436;10.024654;0
-0.050872;0.093561;0.928704;10.024654;0
-0.059902;0.090740;0.928704;10.024654;0
-0.069723;0.090429;0.935575;10.024654;0
-0.084641;0.069411;0.935575;10.024654;0
0.070762;0.065021;0.935575;10.024654;0
0.071373;0.049080;0.941990;10.024654;0
0.072726;0.031603;0.941990;10.024654;0
0.074861;0.017249;0.947877;10.024654;0
0.077737;-0.003839;0.947877;10.024654;0
0.082816;-0.016566;0.947877;10.024654;0
0.087250;-0.004924;0.953162;10.024654;0
0.092146;0.014350;0.953162;10.024654;0
0.097510;0.024410;0.953162;10.024654;0
0.104692;0.040455;0.957767;10.024654;0
0.110197;0.056660;0.957767;10.024654;0
0.115815;0.074925;0.961618;10.024654;0
0.121499;0.082569;0.961618;10.024654;0
0.126960;0.079685;0.961618;10.024654;0
0.133914;0.078286;0.964643;10.024654;0
0.138755;0.083544;0.964643;10.024654;0
0.143257;0.087429;0.964643;10.024654;0
0.147450;0.077775;0.966781;10.024654;0
0.151169;0.069244;0.966781;10.024654;0
0.155312;0.071909;0.966781;10.024654;0
0.158062;0.084756;0.967978;10.024654;0
0.160327;0.099161;0.967978;10.024654;0
0.162166;0.102496;0.967978;10.024654;0
0.163593;0.107324;0.968195;10.024654;0
0.164870;0.120462;0.968195;10.024654;0
0.165384;0.129171;0.968195;10.024654;0
0.165574;0.125217;0.967403;10.024654;0
0.165482;0.118789;0.967403;10.024654;0
0.165000;0.118058;0.967403;10.024654;0
0.164426;0.121195;0.965591;10.024654;0
0.163705;0.114463;0.965591;10.024654;0
0.162860;0.109525;0.965591;10.024654;0
0.161953;0.113829;0.962762;10.024654;0
0.160941;0.129718;0.962762;10.024654;0
0.159519;0.147257;0.962762;10.024654;0
0.158399;0.140838;0.958939;10.024654;0
0.157338;0.131610;0.958939;10.024654;0
0.156299;0.125265;0.954158;10.024654;0
0.155316;0.126988;0.954158;10.024654;0
0.154085;0.143228;0.954158;10.024654;0
0.153237;0.150802;0.948476;10.024654;0
0.152467;0.142258;0.948476;10.024654;0
0.151824;0.134931;0.948476;10.024654;0
0.151154;0.135635;0.941966;10.024654;0
0.150784;0.136831;0.941966;10.024654;0
0.150616;0.129338;0.934717;10.024654;0
0.150595;0.120163;0.934717;10.024654;0
0.150697;0.119041;0.934717;10.024654;0
0.150904;0.126981;0.926836;10.024654;0
0.151368;0.131603;0.926836;10.024654;0
0.151878;0.123789;0.926836;10.024654;0
0.152516;0.118002;0.918442;10.024654;0
0.153315;0.119522;0.918442;10.024654;0
0.154533;0.133765;0.909667;10.024654;0
0.155668;0.142068;0.909667;10.024654;0
0.157012;0.135082;0.900652;10.024654;0
0.158708;0.119912;0.900652;10.024654;0
0.161356;0.110225;0.900652;10.024654;0
0.163765;0.104522;0.891546;10.024654;0
0.166562;0.088709;0.891546;10.024654;0
0.169825;0.077305;0.882497;10.024654;0
0.173544;0.078109;0.882497;10.024654;0
0.179204;0.096547;0.882497;10.024654;0
0.184322;0.107638;0.873651;10.024654;0
0.190294;0.102546;0.873651;10.024654;0
0.197181;0.095587;0.865144;10.024654;0
0.208643;0.091005;0.865144;10.024654;0
0.220519;0.093229;0.857099;10.024654;0
0.234989;0.097710;0.857099;10.024654;0
-0.662890;0.013941;0.857099;10.024654;0
-0.683384;-0.007558;0.849613;10.024654;0
-0.712200;-0.031745;0.849613;10.024654;0
-0.735608;-0.033962;0.842758;10.024654;0
-0.760035;-0.027804;0.842758;10.024654;0
-0.784191;-0.026595;0.842758;10.024654;0
-0.809075;-0.035954;0.836575;10.024654;0
-0.842149;-0.047719;0.836575;10.024654;0
-0.865602;-0.040483;0.836575;10.024654;0
-0.887345;-0.021871;0.831076;10.024654;0
-0.906963;-0.003091;0.831076;10.024654;0
-0.925411;0.020376;0.826248;10.024654;0
-0.946611;0.057435;0.826248;10.024654;0
-0.960221;0.088566;0.826248;10.024654;0
-0.970950;0.109720;0.822053;10.024654;0
-0.978746;0.119421;0.822053;10.024654;0
-0.983679;0.125016;0.822053;10.024654;0
-0.985877;0.133500;0.818430;10.024654;0
-0.983989;0.133294;0.818430;10.024654;0
-0.979402;0.128952;0.818430;10.024654;0
-0.972352;0.127007;0.815302;10.024654;0
-0.958812;0.130230;0.815302;10.024654;0
-0.945479;0.138873;0.815302;10.024654;0
-0.929667;0.145666;0.812579;10.024654;0
-0.911227;0.140831;0.812579;10.024654;0
-0.891010;0.132933;0.812579;10.024654;0
-0.860455;0.130609;0.812579;10.024654;0
-0.835836;0.132889;0.812579;10.024654;0
-0.808515;0.128007;0.810160;10.024654;0
-0.779683;0.126656;0.810160;10.024654;0
-0.749942;0.133745;0.810160;10.024654;0
-0.707899;0.150870;0.810160;10.024654;0
-0.675598;0.154841;0.807938;10.024654;0
-0.643014;0.152615;0.807938;10.024654;0
-0.609213;0.149578;0.807938;10.024654;0
-0.562477;0.148369;0.805802;10.024654;0
-0.526641;0.148408;0.805802;10.024654;0
-0.490839;0.140860;0.805802;10.024654;0
-0.455325;0.134611;0.803644;10.024654;0
-0.420835;0.132771;0.803644;10.024654;0
-0.374759;0.141291;0.803644;10.024654;0
-0.342026;0.146853;0.803644;10.024654;0
-0.310660;0.140453;0.801357;10.024654;0
-0.278542;0.131195;0.801357;10.024654;0
-0.247470;0.127651;0.798843;10.024654;0
-0.208244;0.125383;0.798843;10.024654;0
-0.180900;0.113147;0.796008;10.024654;0
-0.153887;0.101748;0.796008;10.024654;0
-0.128614;0.097225;0.796008;10.024654;0
-0.104534;0.100128;0.792772;10.024654;0
-0.074786;0.115030;0.792772;10.024654;0
-0.053165;0.124816;0.792772;10.024654;0
-0.032700;0.119117;0.789062;10.024654;0
-0.013330;0.108131;0.789062;10.024654;0
0.011108;0.100865;0.789062;10.024654;0
0.028025;0.097958;0.784823;10.024654;0
0.044352;0.085919;0.784823;10.024654;0
0.060123;0.074886;0.784823;10.024654;0
0.075125;0.071238;0.780008;10.024654;0
0.094064;0.079140;0.780008;10.024654;0
0.107549;0.081805;0.780008;10.024654;0
0.120009;0.081693;0.774588;10.024654;0
0.132167;0.083344;0.774588;10.024654;0
0.147092;0.089854;0.774588;10.024654;0
0.158615;0.093437;0.768549;10.024654;0
0.169387;0.086147;0.768549;10.024654;0
0.179857;0.079897;0.768549;10.024654;0
0.190234;0.078894;0.761891;10.024654;0
0.200220;0.085198;0.761891;10.024654;0
0.213540;0.093437;0.754634;10.024654;0
0.223792;0.086229;0.754634;10.024654;0
0.234881;0.078430;0.754634;10.024654;0
0.246653;0.075988;0.746813;10.024654;0
0.265094;0.082352;0.746813;10.024654;0
0.282812;0.083886;0.746813;10.024654;0
-0.283677;0.075738;0.738487;10.024654;0
-0.294576;0.071582;0.738487;10.024654;0
-0.305893;0.070941;0.729730;10.024654;0
-0.320307;0.067927;0.729730;10.024654;0
-0.330828;0.069130;0.729730;10.024654;0
-0.340571;0.080644;0.720634;10.024654;0
-0.349583;0.101781;0.720634;10.024654;0
-0.359553;0.131426;0.711300;10.024654;0
-0.365221;0.142874;0.711300;10.024654;0
-0.369304;0.143286;0.711300;10.024654;0
-0.371688;0.142896;0.701835;10.024654;0
-0.372274;0.151539;0.701835;10.024654;0
-0.370561;0.161394;0.692359;10.024654;0
-0.366936;0.160280;0.692359;10.024654;0
-0.361590;0.157933;0.692359;10.024654;0
-0.354635;0.162311;0.682996;10.024654;0
-0.342850;0.179013;0.682996;10.024654;0
-0.332206;0.178805;0.673883;10.024654;0
-0.320129;0.172739;0.673883;10.024654;0
-0.307071;0.167551;0.665158;10.024654;0
-0.293473;0.169543;0.665158;10.024654;0
-0.274477;0.175102;0.656970;10.024654;0
-0.258938;0.166065;0.656970;10.024654;0
-0.243501;0.153745;0.649469;10.024654;0
-0.228375;0.148093;0.649469;10.024654;0
-0.213119;0.151678;0.642807;10.024654;0
-0.198329;0.164525;0.642807;10.024654;0
-0.178603;0.170292;0.637133;10.024654;0
-0.164548;0.163897;0.632590;10.024654;0
-0.150824;0.157299;0.632590;10.024654;0
-0.138171;0.155407;0.629307;10.024654;0
-0.125659;0.154322;0.629307;10.024654;0
-0.110233;0.131751;0.627399;10.024654;0
-0.099382;0.115305;0.626958;10.024654;0
-0.089415;0.109405;0.626958;10.024654;0
-0.080062;0.116827;0.628045;10.024654;0
-0.071386;0.128747;0.628045;10.024654;0
-0.060385;0.129351;0.630691;10.024654;0
-0.052521;0.124626;0.634891;10.024654;0
-0.045143;0.124525;0.634891;10.024654;0
-0.038413;0.125895;0.640598;10.024654;0
-0.029891;0.110737;0.647728;10.024654;0
-0.023713;0.094370;0.647728;10.024654;0
-0.017815;0.086877;0.656157;10.024654;0
-0.012363;0.089571;0.665720;10.024654;0
-0.005328;0.106822;0.665720;10.024654;0
-0.000159;0.117583;0.676221;10.024654;0
0.004795;0.111181;0.676221;10.024654;0
0.009525;0.098483;0.687426;10.024654;0
0.014609;0.088352;0.687426;10.024654;0
-0.860577;0.026559;0.699076;10.024654;0
-0.871788;-0.011479;0.699076;10.024654;0
-0.884711;-0.054157;0.710886;10.024654;0
-0.900162;-0.081296;0.710886;10.024654;0
-0.917359;-0.084149;0.722568;10.024654;0
-0.942314;-0.053438;0.722568;10.024654;0
-0.961555;-0.019048;0.733852;10.024654;0
-0.981094;0.010998;0.733852;10.024654;0
-0.999758;0.038600;0.744488;10.024654;0
-1.000000;0.066272;0.744488;10.024654;0
-1.000000;0.101170;0.744488;10.024654;0
-1.000000;0.123474;0.754251;10.024654;0
-1.000000;0.133712;0.754251;10.024654;0
-1.000000;0.131786;0.754251;10.024654;0
-1.000000;0.127653;0.762938;10.024654;0
-1.000000;0.129510;0.762938;10.024654;0
-1.000000;0.136404;0.762938;10.024654;0
-1.000000;0.138159;0.770373;10.024654;0
-1.000000;0.138977;0.770373;10.024654;0
-1.000000;0.143410;0.770373;10.024654;0
-1.000000;0.154259;0.770373;10.024654;0
-1.000000;0.152627;0.770373;10.024654;0
-1.000000;0.148358;0.776406;10.024654;0
-0.988753;0.149240;0.776406;10.024654;0
-0.962317;0.157450;0.776406;10.024654;0
-0.922652;0.171164;0.780913;10.024654;0
-0.889445;0.170051;0.780913;10.024654;0
-0.855476;0.167648;0.780913;10.024654;0
-0.819931;0.167484;0.783795;10.024654;0
-0.782374;0.171545;0.783795;10.024654;0
-0.730229;0.179987;0.783795;10.024654;0
-0.689529;0.175286;0.783795;10.024654;0
-0.649250;0.167189;0.784978;10.024654;0
-0.609047;0.161145;0.784978;10.024654;0
-0.568428;0.161632;0.784978;10.024654;0
-0.516366;0.170773;0.784413;10.024654;0
-0.476299;0.172389;0.784413;10.024654;0
-0.438641;0.159834;0.784413;10.024654;0
-0.402347;0.146113;0.782077;10.024654;0
-0.366918;0.139075;0.782077;10.024654;0
-0.322085;0.142013;0.782077;10.024654;0
-0.290799;0.147062;0.777971;10.024654;0
-0.261107;0.142485;0.777971;10.024654;0
-0.233139;0.133177;0.777971;10.024654;0
-0.206866;0.126658;0.772121;10.024654;0
-0.174198;0.127105;0.772121;10.024654;0
-0.151135;0.134130;0.772121;10.024654;0
-0.129948;0.129108;0.764576;10.024654;0
-0.110017;0.104243;0.764576;10.024654;0
-0.091939;0.076532;0.755412;10.024654;0
-0.075161;0.060036;0.755412;10.024654;0
