-0.290164;0.096259;0.627847;10.024654;0
-0.282308;0.101517;0.633690;10.024654;0
-0.270878;0.081642;0.633690;10.024654;0
-0.261461;0.057132;0.639025;10.024654;0
-0.252147;0.042664;0.639025;10.024654;0
-0.242104;0.042638;0.639025;10.024654;0
-0.231675;0.056009;0.643847;10.024654;0
-0.217786;0.069526;0.643847;10.024654;0
-0.206702;0.076211;0.648174;10.024654;0
-0.195508;0.086810;0.648174;10.024654;0
-0.184641;0.100772;0.652043;10.024654;0
-0.173336;0.113670;0.652043;10.024654;0
-0.158908;0.109559;0.655516;10.024654;0
-0.148030;0.103470;0.655516;10.024654;0
-0.137386;0.099772;0.658678;10.024654;0
-0.126988;0.104017;0.658678;10.024654;0
-0.116829;0.110450;0.661636;10.024654;0
-0.104026;0.096265;0.661636;10.024654;0
-0.094528;0.065083;0.661636;10.024654;0
-0.085526;0.032616;0.664519;10.024654;0
-0.074831;0.014861;0.664519;10.024654;0
-0.066975;0.017091;0.667474;10.024654;0
-0.059536;0.022067;0.667474;10.024654;0
-0.052510;0.035910;0.670663;10.024654;0
-0.045743;0.060093;0.670663;10.024654;0
-0.039279;0.088388;0.674261;10.024654;0
-0.031077;0.104825;0.674261;10.024654;0
-0.025445;0.113006;0.678445;10.024654;0
-0.020145;0.122394;0.678445;10.024654;0
-0.014764;0.132834;0.678445;10.024654;0
-0.007950;0.139152;0.683392;10.024654;0
-0.003111;0.127952;0.683392;10.024654;0
0.001662;0.114840;0.689269;10.024654;0
0.006200;0.107403;0.689269;10.024654;0
0.012168;0.104298;0.696223;10.024654;0
0.016498;0.091719;0.696223;10.024654;0
0.020623;0.079492;0.704372;10.024654;0
0.024750;0.074565;0.704372;10.024654;0
0.028641;0.079329;0.713801;10.024654;0
0.033655;0.091777;0.713801;10.024654;0
0.037323;0.088872;0.724547;10.024654;0
0.040997;0.082360;0.724547;10.024654;0
0.044671;0.078693;0.736599;10.024654;0
0.048481;0.082317;0.736599;10.024654;0
0.052659;0.092060;0.749890;10.024654;0
0.059384;0.097869;0.749890;10.024654;0
0.065839;0.087451;0.764294;10.024654;0
0.074083;0.078213;0.764294;10.024654;0
-1.000000;0.077428;0.764294;10.024654;0
-1.000000;0.084517;0.779629;10.024654;0
-1.000000;0.084153;0.779629;10.024654;0
-1.000000;0.087150;0.795675;10.024654;0
-1.000000;0.094717;0.795675;10.024654;0
-1.000000;0.104545;0.795675;10.024654;0
-1.000000;0.110627;0.812197;10.024654;0
-1.000000;0.108534;0.812197;10.024654;0
-1.000000;0.106918;0.812197;10.024654;0
-1.000000;0.109664;0.828962;10.024654;0
-1.000000;0.115944;0.828962;10.024654;0
-1.000000;0.117348;0.828962;10.024654;0
-1.000000;0.116991;0.845741;10.024654;0
-1.000000;0.120205;0.845741;10.024654;0
-1.000000;0.126789;0.845741;10.024654;0
-1.000000;0.136918;0.862316;10.024654;0
-1.000000;0.142148;0.862316;10.024654;0
-0.992550;0.139390;0.862316;10.024654;0
-0.976579;0.137695;0.878487;10.024654;0
-0.959818;0.140315;0.878487;10.024654;0
-0.942296;0.147310;0.878487;10.024654;0
-0.918044;0.148251;0.878487;10.024654;0
-0.898871;0.142893;0.894071;10.024654;0
-0.879351;0.138927;0.894071;10.024654;0
-0.860334;0.141243;0.894071;10.024654;0
-0.833765;0.147403;0.908905;10.024654;0
-0.812825;0.143514;0.908905;10.024654;0
-0.791817;0.138737;0.908905;10.024654;0
-0.770901;0.139521;0.908905;10.024654;0
-0.750773;0.145216;0.922852;10.024654;0
-0.723515;0.144405;0.922852;10.024654;0
-0.702251;0.137428;0.922852;10.024654;0
-0.681666;0.133208;0.922852;10.024654;0
-0.661416;0.136536;0.935794;10.024654;0
-0.641668;0.139669;0.935794;10.024654;0
-0.622065;0.134144;0.935794;10.024654;0
-0.596775;0.127659;0.947638;10.024654;0
-0.577483;0.128111;0.947638;10.024654;0
-0.559585;0.135922;0.947638;10.024654;0
-0.541292;0.145177;0.947638;10.024654;0
-0.521936;0.142786;0.958313;10.024654;0
-0.501209;0.139024;0.958313;10.024654;0
-0.484051;0.140804;0.958313;10.024654;0
-0.467566;0.146287;0.958313;10.024654;0
-0.451612;0.145197;0.967770;10.024654;0
-0.430426;0.134052;0.967770;10.024654;0
-0.414897;0.128178;0.967770;10.024654;0
-0.399842;0.129175;0.975981;10.024654;0
-0.385157;0.130179;0.975981;10.024654;0
-0.371094;0.121743;0.975981;10.024654;0
-0.357272;0.112363;0.975981;10.024654;0
-0.340052;0.111582;0.982938;10.024654;0
-0.327470;0.120612;0.982938;10.024654;0
-0.315160;0.124115;0.982938;10.024654;0
-0.302976;0.116974;0.982938;10.024654;0
-0.291214;0.111625;0.988652;10.024654;0
-0.276726;0.113462;0.988652;10.024654;0
-0.265795;0.121951;0.988652;10.024654;0
-0.255285;0.122915;0.993149;10.024654;0
-0.245071;0.114238;0.993149;10.024654;0
-0.231937;0.106637;0.993149;10.024654;0
-0.222333;0.108062;0.993149;10.024654;0
-0.213331;0.113397;0.996471;10.024654;0
-0.204207;0.111943;0.996471;10.024654;0
-0.195510;0.103625;0.996471;10.024654;0
-0.186961;0.097311;0.998675;10.024654;0
-0.176274;0.100037;0.998675;10.024654;0
-0.168389;0.103533;0.998675;10.024654;0
-0.160721;0.096818;0.998675;10.024654;0
-0.153323;0.090840;0.998675;10.024654;0
-0.143815;0.091726;0.998675;10.024654;0
-0.136828;0.094746;0.998675;10.024654;0
-0.130042;0.086269;0.998675;10.024654;0
-0.123748;0.076532;0.999826;10.024654;0
-0.115886;0.072064;0.999826;10.024654;0
-0.109822;0.079083;0.999826;10.024654;0
-0.104141;0.086732;0.999826;10.024654;0
-0.098545;0.082802;1.000000;10.024654;0
-0.093172;0.079028;1.000000;10.024654;0
-0.088104;0.080872;1.000000;10.024654;0
-0.083139;0.089669;0.999278;10.024654;0
-0.076838;0.100286;0.999278;10.024654;0
-0.072228;0.095977;0.999278;10.024654;0
-0.067820;0.092558;0.999278;10.024654;0
-0.063636;0.094808;0.997747;10.024654;0
-0.059757;0.101999;0.997747;10.024654;0
-0.054933;0.098748;0.997747;10.024654;0
-0.051742;0.093903;0.992609;10.024654;0
-0.049029;0.093575;0.992609;10.024654;0
-0.046919;0.100886;0.992609;10.024654;0
-0.045659;0.111382;0.992609;10.024654;0
-0.045593;0.110792;0.989178;10.024654;0
0.052569;0.081946;0.989178;10.024654;0
0.056487;0.076844;0.989178;10.024654;0
0.059722;0.077200;0.989178;10.024654;0
0.062226;0.082305;0.985271;10.024654;0
0.064573;0.078380;0.985271;10.024654;0
0.065577;0.080177;0.985271;10.024654;0
0.065949;0.089657;0.980931;10.024654;0
0.065691;0.106726;0.980931;10.024654;0
0.064881;0.123811;0.980931;10.024654;0
0.063077;0.123586;0.980931;10.024654;0
0.061284;0.120983;0.976177;10.024654;0
0.059154;0.122256;0.976177;10.024654;0
0.056717;0.129653;0.976177;10.024654;0
0.053241;0.139005;0.971009;10.024654;0
0.050499;0.135019;0.971009;10.024654;0
0.047839;0.131275;0.971009;10.024654;0
0.045155;0.133172;0.965413;10.024654;0
0.042531;0.142876;0.965413;10.024654;0
0.039266;0.151814;0.965413;10.024654;0
0.037053;0.146701;0.965413;10.024654;0
0.035001;0.141889;0.959372;10.024654;0
0.033078;0.142542;0.959372;10.024654;0
0.031375;0.147699;0.959372;10.024654;0
0.029440;0.138219;0.952867;10.024654;0
0.028211;0.132069;0.952867;10.024654;0
0.027132;0.134886;0.952867;10.024654;0
0.026184;0.146576;0.945888;10.024654;0
0.025388;0.160607;0.945888;10.024654;0
0.024579;0.157153;0.945888;10.024654;0
0.024111;0.153738;0.938431;10.024654;0
0.023712;0.157006;0.938431;10.024654;0
0.023331;0.168633;0.938431;10.024654;0
0.022958;0.175082;0.930512;10.024654;0
0.022754;0.168054;0.930512;10.024654;0
0.022565;0.162817;0.930512;10.024654;0
0.022376;0.163096;0.922162;10.024654;0
0.022167;0.168948;0.922162;10.024654;0
0.022006;0.168137;0.913438;10.024654;0
0.021940;0.152784;0.913438;10.024654;0
0.021861;0.141255;0.913438;10.024654;0
0.021737;0.136649;0.904417;10.024654;0
0.021595;0.136942;0.904417;10.024654;0
0.021449;0.117092;0.904417;10.024654;0
0.021329;0.103087;0.895204;10.024654;0
0.021210;0.093621;0.895204;10.024654;0
0.021262;0.064399;0.895204;10.024654;0
0.021397;0.041564;0.885928;10.024654;0
0.021696;0.016038;0.885928;10.024654;0
0.021863;0.012368;0.885928;10.024654;0
0.021925;0.030434;0.876744;10.024654;0
0.021889;0.070635;0.876744;10.024654;0
0.021817;0.118761;0.876744;10.024654;0
0.021718;0.153798;0.867827;10.024654;0
0.021588;0.167205;0.867827;10.024654;0
0.021412;0.177260;0.859369;10.024654;0
0.021199;0.185327;0.859369;10.024654;0
0.020964;0.183303;0.851575;10.024654;0
0.020889;0.160965;0.851575;10.024654;0
0.020894;0.135674;0.844652;10.024654;0
0.020971;0.116764;0.844652;10.024654;0
0.021111;0.109680;0.844652;10.024654;0
0.021431;0.115143;0.838798;10.024654;0
0.021889;0.116323;0.838798;10.024654;0
0.022577;0.104871;0.834197;10.024654;0
0.023491;0.093694;0.834197;10.024654;0
0.024701;0.088346;0.830997;10.024654;0
0.026950;0.094051;0.830997;10.024654;0
0.029513;0.098794;0.829305;10.024654;0
0.522207;0.074480;0.829305;10.024654;0
0.529404;0.059435;0.829168;10.024654;0
0.536755;0.045110;0.830567;10.024654;0
0.547080;0.033787;0.830567;10.024654;0
0.555069;0.023634;0.833414;10.024654;0
0.563149;0.022285;0.833414;10.024654;0
0.571050;0.033038;0.833414;10.024654;0
0.578520;0.054212;0.837576;10.024654;0
0.587426;0.078211;0.837576;10.024654;0
0.593364;0.088050;0.842878;10.024654;0
0.598222;0.097097;0.842878;10.024654;0
0.602172;0.109859;0.849114;10.024654;0
0.605540;0.123965;0.849114;10.024654;0
0.606489;0.119969;0.856056;10.024654;0
0.606158;0.116625;0.856056;10.024654;0
0.604458;0.119336;0.863464;10.024654;0
0.601288;0.128577;0.863464;10.024654;0
0.596527;0.138700;0.871093;10.024654;0
0.587790;0.130865;0.871093;10.024654;0
0.579766;0.122450;0.878701;10.024654;0
0.570369;0.119740;0.878701;10.024654;0
0.559729;0.125385;0.886055;10.024654;0
0.548278;0.137656;0.886055;10.024654;0
0.530761;0.153246;0.886055;10.024654;0
0.516145;0.151560;0.892937;10.024654;0
0.500974;0.149240;0.892937;10.024654;0
0.485094;0.150478;0.899145;10.024654;0
0.468269;0.157655;0.899145;10.024654;0
0.445572;0.151663;0.899145;10.024654;0
0.428115;0.146353;0.904501;10.024654;0
0.410145;0.151130;0.904501;10.024654;0
0.392286;0.161012;0.908849;10.024654;0
0.374361;0.161769;0.908849;10.024654;0
0.351467;0.153792;0.908849;10.024654;0
0.334175;0.151480;0.912057;10.024654;0
0.317058;0.155028;0.912057;10.024654;0
0.294658;0.159185;0.914019;10.024654;0
0.277634;0.150042;0.914019;10.024654;0
0.261657;0.145767;0.914019;10.024654;0
0.245483;0.151786;0.914657;10.024654;0
0.229923;0.164548;0.914657;10.024654;0
0.209754;0.163416;0.913918;10.024654;0
0.195558;0.155565;0.913918;10.024654;0
0.181566;0.153218;0.913918;10.024654;0
0.168210;0.158706;0.911777;10.024654;0
0.150552;0.172168;0.911777;10.024654;0
0.137664;0.169057;0.908235;10.024654;0
0.125331;0.154880;0.908235;10.024654;0
0.113900;0.141487;0.908235;10.024654;0
0.102660;0.135059;0.903322;10.024654;0
0.088173;0.137241;0.903322;10.024654;0
0.077906;0.127894;0.897094;10.024654;0
0.068178;0.120731;0.897094;10.024654;0
0.058519;0.120201;0.889636;10.024654;0
0.048075;0.126079;0.889636;10.024654;0
0.036614;0.130656;0.889636;10.024654;0
0.027775;0.119112;0.881061;10.024654;0
0.019111;0.106989;0.881061;10.024654;0
0.010678;0.101700;0.871511;10.024654;0
-0.000476;0.108198;0.871511;10.024654;0
-0.009072;0.107280;0.871511;10.024654;0
-0.017496;0.095802;0.861155;10.024654;0
-0.026095;0.088218;0.861155;10.024654;0
0.534207;0.065238;0.850192;10.024654;0
0.540850;0.054152;0.850192;10.024654;0
0.547009;0.034680;0.838841;10.024654;0
0.554570;0.013966;0.838841;10.024654;0
0.563513;0.004479;0.838841;10.024654;0
0.577141;0.016794;0.827310;10.024654;0
0.588079;0.031840;0.827310;10.024654;0
0.599234;0.042130;0.815799;10.024654;0
0.610286;0.056450;0.815799;10.024654;0
0.621100;0.078021;0.815799;10.024654;0
0.631213;0.103905;0.804494;10.024654;0
0.642884;0.124667;0.804494;10.024654;0
0.649980;0.127286;0.793568;10.024654;0
0.655721;0.128075;0.793568;10.024654;0
0.659968;0.132009;0.793568;10.024654;0
0.663036;0.144087;0.783182;10.024654;0
0.662916;0.144506;0.783182;10.024654;0
0.660842;0.139756;0.773478;10.024654;0
0.656814;0.138225;0.773478;10.024654;0
0.648835;0.148640;0.764587;10.024654;0
0.640281;0.159009;0.764587;10.024654;0
0.629916;0.158816;0.764587;10.024654;0
0.618359;0.154404;0.756619;10.024654;0
0.605194;0.153883;0.756619;10.024654;0
0.585640;0.160623;0.749669;10.024654;0
0.569111;0.168209;0.749669;10.024654;0
0.551084;0.163718;0.749669;10.024654;0
0.532570;0.157000;0.743810;10.024654;0
0.506809;0.159301;0.743810;10.024654;0
0.486883;0.171503;0.739098;10.024654;0
0.466047;0.172732;0.739098;10.024654;0
0.445066;0.164407;0.735564;10.024654;0
0.424505;0.157124;0.735564;10.024654;0
0.397546;0.156203;0.735564;10.024654;0
0.377707;0.162918;0.733223;10.024654;0
0.357370;0.169166;0.733223;10.024654;0
0.338168;0.161434;0.732066;10.024654;0
0.313592;0.149203;0.732066;10.024654;0
0.295112;0.148496;0.732062;10.024654;0
0.277492;0.156802;0.732062;10.024654;0
0.260486;0.160917;0.733161;10.024654;0
0.244208;0.151484;0.733161;10.024654;0
0.223841;0.140502;0.735294;10.024654;0
0.208898;0.142089;0.735294;10.024654;0
0.194838;0.142207;0.738372;10.024654;0
0.181542;0.129313;0.738372;10.024654;0
0.168714;0.119655;0.742290;10.024654;0
0.153098;0.120966;0.742290;10.024654;0
0.141628;0.132412;0.746928;10.024654;0
0.130874;0.133559;0.746928;10.024654;0
0.120521;0.120882;0.746928;10.024654;0
0.107454;0.102997;0.752149;10.024654;0
0.097852;0.098623;0.752149;10.024654;0
0.088997;0.095588;0.757806;10.024654;0
0.080479;0.081081;0.757806;10.024654;0
0.072326;0.069430;0.763741;10.024654;0
0.064531;0.066775;0.763741;10.024654;0
0.054075;0.073250;0.769787;10.024654;0
0.522755;0.118601;0.769787;10.024654;0
0.519498;0.105553;0.775768;10.024654;0
0.516672;0.093671;0.775768;10.024654;0
0.514199;0.089678;0.781513;10.024654;0
0.511059;0.093942;0.781513;10.024654;0
0.508694;0.097582;0.786872;10.024654;0
0.506132;0.092979;0.786872;10.024654;0
0.503304;0.092785;0.791724;10.024654;0
0.499904;0.102138;0.791724;10.024654;0
0.494169;0.124122;0.795970;10.024654;0
0.488240;0.128642;0.795970;10.024654;0
0.481897;0.126257;0.795970;10.024654;0
0.474458;0.122920;0.799541;10.024654;0
0.465957;0.128088;0.799541;10.024654;0
0.456621;0.140101;0.802392;10.024654;0
0.445672;0.151849;0.802392;10.024654;0
0.429427;0.146027;0.804500;10.024654;0
0.416133;0.141187;0.804500;10.024654;0
0.402121;0.140166;0.805870;10.024654;0
0.386612;0.144702;0.805870;10.024654;0
0.370103;0.154056;0.805870;10.024654;0
0.346713;0.153802;0.806527;10.024654;0
0.328852;0.137916;0.806527;10.024654;0
0.310531;0.101106;0.806521;10.024654;0
0.292644;0.065391;0.806521;10.024654;0
0.274999;0.048598;0.806521;10.024654;0
0.251156;0.039637;0.805923;10.024654;0
0.232818;0.040595;0.805923;10.024654;0
0.214338;0.059430;0.804825;10.024654;0
0.195640;0.093591;0.804825;10.024654;0
0.176660;0.136513;0.803337;10.024654;0
0.157367;0.176303;0.803337;10.024654;0
0.132228;0.191673;0.801586;10.024654;0
0.113228;0.190844;0.801586;10.024654;0
0.093883;0.189899;0.799716;10.024654;0
0.074946;0.185187;0.799716;10.024654;0
0.050154;0.156346;0.797877;10.024654;0
0.032268;0.139081;0.797877;10.024654;0
0.014515;0.131857;0.796230;10.024654;0
-0.003437;0.132977;0.796230;10.024654;0
-0.021872;0.137816;0.794933;10.024654;0
-0.045132;0.123286;0.794933;10.024654;0
-0.062245;0.113033;0.794143;10.024654;0
-0.078955;0.108707;0.794143;10.024654;0
-0.096250;0.114177;0.794004;10.024654;0
-0.113481;0.122906;0.794004;10.024654;0
-0.136148;0.107586;0.794643;10.024654;0
-0.152633;0.095895;0.794643;10.024654;0
-0.169666;0.094154;0.796159;10.024654;0
-0.187255;0.095283;0.796159;10.024654;0
-0.204786;0.084888;0.798622;10.024654;0
-0.229352;0.067309;0.798622;10.024654;0
-0.249265;0.067507;0.802059;10.024654;0
-0.270264;0.079275;0.802059;10.024654;0
-0.293270;0.092676;0.806454;10.024654;0
-0.319796;0.091092;0.806454;10.024654;0
-0.351245;0.085325;0.811739;10.024654;0
0.841836;-0.012982;0.811739;10.024654;0
0.861100;-0.025308;0.817799;10.024654;0
0.883107;-0.047138;0.817799;10.024654;0
0.906319;-0.062959;0.824478;10.024654;0
0.939904;-0.064754;0.824478;10.024654;0
0.966753;-0.048853;0.824478;10.024654;0
0.993947;-0.025311;0.831589;10.024654;0
1.000000;-0.005126;0.831589;10.024654;0
1.000000;0.011918;0.831589;10.024654;0
1.000000;0.035252;0.838927;10.024654;0
1.000000;0.052937;0.838927;10.024654;0
1.000000;0.069015;0.846276;10.024654;0
1.000000;0.077203;0.846276;10.024654;0
1.000000;0.077875;0.846276;10.024654;0
1.000000;0.077835;0.846276;10.024654;0
1.000000;0.081438;0.853418;10.024654;0
1.000000;0.089929;0.853418;10.024654;0
1.000000;0.096701;0.853418;10.024654;0
1.000000;0.097231;0.860138;10.024654;0
1.000000;0.098823;0.860138;10.024654;0
1.000000;0.104186;0.860138;10.024654;0
1.000000;0.113724;0.860138;10.024654;0
1.000000;0.122995;0.860138;10.024654;0
1.000000;0.122715;0.860138;10.024654;0
1.000000;0.124949;0.866230;10.024654;0
1.000000;0.132293;0.866230;10.024654;0
1.000000;0.139223;0.866230;10.024654;0
1.000000;0.139089;0.866230;10.024654;0
1.000000;0.139330;0.871505;10.024654;0
1.000000;0.143493;0.871505;10.024654;0
1.000000;0.151487;0.871505;10.024654;0
1.000000;0.153719;0.871505;10.024654;0
1.000000;0.154165;0.875787;10.024654;0
1.000000;0.158851;0.875787;10.024654;0
0.975944;0.168339;0.875787;10.024654;0
0.947921;0.174853;0.875787;10.024654;0
0.918486;0.168612;0.878921;10.024654;0
0.888784;0.160107;0.878921;10.024654;0
0.850158;0.157593;0.878921;10.024654;0
0.820307;0.158633;0.878921;10.024654;0
0.790503;0.156680;0.880776;10.024654;0
0.760937;0.158159;0.880776;10.024654;0
0.731622;0.164848;0.880776;10.024654;0
0.693923;0.178705;0.880776;10.024654;0
0.665090;0.184165;0.881241;10.024654;0
0.637125;0.175295;0.881241;10.024654;0
0.610430;0.163231;0.881241;10.024654;0
0.575919;0.151646;0.880229;10.024654;0
0.549565;0.150154;0.880229;10.024654;0
0.525040;0.149950;0.880229;10.024654;0
0.501543;0.141376;0.880229;10.024654;0
0.479595;0.132045;0.877676;10.024654;0
0.458734;0.130068;0.877676;10.024654;0
0.432306;0.139913;0.877676;10.024654;0
0.413939;0.147099;0.877676;10.024654;0
0.396153;0.142679;0.873544;10.024654;0
0.379365;0.130984;0.873544;10.024654;0
0.363571;0.121044;0.873544;10.024654;0
0.343570;0.116630;0.867819;10.024654;0
0.329852;0.109122;0.867819;10.024654;0
0.316795;0.098598;0.867819;10.024654;0
0.304557;0.093416;0.867819;10.024654;0
0.293006;0.097915;0.860512;10.024654;0
0.282104;0.101126;0.860512;10.024654;0
0.268584;0.097933;0.860512;10.024654;0
0.259553;0.100518;0.851658;10.024654;0
0.250436;0.108125;0.851658;10.024654;0
0.241876;0.113205;0.851658;10.024654;0
0.231413;0.101218;0.851658;10.024654;0
0.223894;0.090698;0.841318;10.024654;0
0.216757;0.084510;0.841318;10.024654;0
0.209955;0.084216;0.841318;10.024654;0
0.203395;0.083802;0.829579;10.024654;0
0.195436;0.069821;0.829579;10.024654;0
0.189819;0.064229;0.829579;10.024654;0
0.184482;0.067748;0.816553;10.024654;0
0.179389;0.078800;0.816553;10.024654;0
0.174644;0.081700;0.802380;10.024654;0
0.170408;0.074645;0.802380;10.024654;0
0.165515;0.065407;0.802380;10.024654;0
0.162086;0.064430;0.787226;10.024654;0
0.159461;0.068262;0.787226;10.024654;0
0.157718;0.074111;0.787226;10.024654;0
0.157089;0.075894;0.771286;10.024654;0
0.158744;0.058430;0.771286;10.024654;0
0.162649;0.042611;0.771286;10.024654;0
0.169661;0.034207;0.754785;10.024654;0
0.199136;0.075159;0.754785;10.024654;0
0.195236;0.067014;0.754785;10.024654;0
0.191815;0.051917;0.737967;10.024654;0
0.190576;0.049208;0.737967;10.024654;0
0.190536;0.054315;0.737967;10.024654;0
0.191549;0.064283;0.721078;10.024654;0
0.193756;0.074085;0.721078;10.024654;0
0.197020;0.067106;0.721078;10.024654;0
0.200560;0.060891;0.704354;10.024654;0
0.204545;0.061756;0.704354;10.024654;0
0.208635;0.071131;0.688019;10.024654;0
0.213732;0.079610;0.688019;10.024654;0
0.217382;0.080067;0.688019;10.024654;0
0.220410;0.083082;0.672288;10.024654;0
0.222832;0.092045;0.672288;10.024654;0
0.224789;0.111509;0.657361;10.024654;0
0.225251;0.114111;0.657361;10.024654;0
0.224768;0.108318;0.657361;10.024654;0
0.223324;0.105451;0.643428;10.024654;0
0.220873;0.109344;0.643428;10.024654;0
0.216132;0.112189;0.630660;10.024654;0
0.211572;0.101472;0.630660;10.024654;0
0.206339;0.088710;0.619213;10.024654;0
0.200145;0.082822;0.619213;10.024654;0
0.191065;0.094692;0.609224;10.024654;0
0.183618;0.103965;0.609224;10.024654;0
0.175407;0.099986;0.609224;10.024654;0
0.166626;0.093639;0.600805;10.024654;0
0.157624;0.091441;0.600805;10.024654;0
0.145447;0.095554;0.594048;10.024654;0
0.136028;0.104286;0.594048;10.024654;0
0.126403;0.106974;0.589016;10.024654;0
0.116857;0.096825;0.585746;10.024654;0
0.104385;0.085349;0.585746;10.024654;0
0.095051;0.083850;0.584248;10.024654;0
0.085683;0.088936;0.584248;10.024654;0
0.076715;0.093756;0.584502;10.024654;0
0.068064;0.086973;0.584502;10.024654;0
0.056792;0.077562;0.586465;10.024654;0
0.048651;0.078435;0.586465;10.024654;0
0.040768;0.086747;0.590066;10.024654;0
0.033197;0.093379;0.595216;10.024654;0
0.026271;0.087145;0.595216;10.024654;0
0.017433;0.080112;0.601803;10.024654;0
0.010950;0.080725;0.601803;10.024654;0
0.005001;0.080497;0.609704;10.024654;0
-0.000626;0.050882;0.609704;10.024654;0
-0.007551;-0.000379;0.618781;10.024654;0
-0.012708;-0.024577;0.618781;10.024654;0
-0.017522;-0.026672;0.628884;10.024654;0
-0.022198;-0.012112;0.628884;10.024654;0
-0.026834;0.003848;0.639861;10.024654;0
-0.033000;0.026591;0.639861;10.024654;0
-0.038217;0.049637;0.651550;10.024654;0
0.692018;0.082645;0.651550;10.024654;0
0.698778;0.100463;0.663787;10.024654;0
0.707618;0.109909;0.663787;10.024654;0
0.714273;0.101279;0.676411;10.024654;0
0.720896;0.093618;0.676411;10.024654;0
0.727292;0.093001;0.676411;10.024654;0
0.733352;0.102155;0.689273;10.024654;0
0.738872;0.118506;0.689273;10.024654;0
0.744433;0.125800;0.702250;10.024654;0
0.747291;0.128527;0.702250;10.024654;0
0.748907;0.134608;0.715236;10.024654;0
0.749152;0.145410;0.715236;10.024654;0
0.746697;0.149465;0.715236;10.024654;0
0.742865;0.144068;0.728140;10.024654;0
0.737216;0.141956;0.728140;10.024654;0
0.729827;0.147044;0.740891;10.024654;0
0.720947;0.156884;0.740891;10.024654;0
0.705659;0.157038;0.740891;10.024654;0
0.692513;0.158145;0.753432;10.024654;0
0.677604;0.163937;0.753432;10.024654;0
0.661214;0.174491;0.765717;10.024654;0
0.643698;0.185751;0.765717;10.024654;0
0.618523;0.182564;0.765717;10.024654;0
0.598136;0.176144;0.777713;10.024654;0
0.577170;0.174389;0.777713;10.024654;0
0.556112;0.179462;0.789400;10.024654;0
0.534213;0.180639;0.789400;10.024654;0
0.505576;0.174167;0.789400;10.024654;0
0.483242;0.173318;0.800763;10.024654;0
0.461485;0.180399;0.800763;10.024654;0
0.439917;0.189055;0.811799;10.024654;0
0.419391;0.187550;0.811799;10.024654;0
0.399359;0.186073;0.811799;10.024654;0
0.373247;0.189947;0.822510;10.024654;0
0.354132;0.198973;0.822510;10.024654;0
0.335565;0.200149;0.832901;10.024654;0
0.317720;0.193305;0.832901;10.024654;0
0.294749;0.185034;0.832901;10.024654;0
0.278444;0.187875;0.842986;10.024654;0
0.263393;0.189716;0.842986;10.024654;0
0.248846;0.177740;0.852775;10.024654;0
0.234900;0.167275;0.852775;10.024654;0
0.217923;0.163763;0.852775;10.024654;0
0.205671;0.160812;0.862283;10.024654;0
0.194173;0.148006;0.862283;10.024654;0
0.183544;0.138805;0.871522;10.024654;0
0.173276;0.140425;0.871522;10.024654;0
0.160834;0.145880;0.871522;10.024654;0
0.151904;0.134568;0.880501;10.024654;0
0.143454;0.124324;0.880501;10.024654;0
0.135373;0.121991;0.889225;10.024654;0
0.127563;0.131777;0.889225;10.024654;0
0.117621;0.147456;0.889225;10.024654;0
0.110356;0.141594;0.897693;10.024654;0
0.103366;0.135028;0.897693;10.024654;0
0.096562;0.137108;0.905898;10.024654;0
0.089890;0.146955;0.905898;10.024654;0
0.081382;0.152502;0.913821;10.024654;0
0.075275;0.135757;0.913821;10.024654;0
0.069532;0.118625;0.913821;10.024654;0
0.064079;0.109860;0.921436;10.024654;0
0.058699;0.109843;0.921436;10.024654;0
0.052044;0.101258;0.928704;10.024654;0
0.047412;0.087171;0.928704;10.024654;0
0.043089;0.077879;0.928704;10.024654;0
0.039116;0.078166;0.935575;10.024654;0
0.055685;0.076427;0.935575;10.024654;0
0.050191;0.065564;0.941990;10.024654;0
0.045214;0.055323;0.941990;10.024654;0
0.040474;0.055151;0.941990;10.024654;0
0.036117;0.066313;0.947877;10.024654;0
0.030744;0.081465;0.947877;10.024654;0
0.027112;0.079988;0.953162;10.024654;0
0.023771;0.079250;0.953162;10.024654;0
0.020675;0.082952;0.953162;10.024654;0
0.017789;0.094641;0.957767;10.024654;0
0.015198;0.102734;0.957767;10.024654;0
0.012167;0.092061;0.961618;10.024654;0
0.010070;0.085696;0.961618;10.024654;0
0.008065;0.086051;0.961618;10.024654;0
0.006201;0.092992;0.964643;10.024654;0
0.004567;0.093415;0.964643;10.024654;0
0.002449;0.091066;0.964643;10.024654;0
0.000866;0.098040;0.966781;10.024654;0
-0.000708;0.111725;0.966781;10.024654;0
-0.002238;0.122533;0.967978;10.024654;0
-0.003724;0.116204;0.967978;10.024654;0
-0.005629;0.102035;0.967978;10.024654;0
-0.007032;0.100411;0.968195;10.024654;0
-0.008494;0.109600;0.968195;10.024654;0
-0.009837;0.107782;0.968195;10.024654;0
-0.011151;0.099830;0.967403;10.024654;0
-0.012842;0.099846;0.967403;10.024654;0
-0.014092;0.109409;0.965591;10.024654;0
-0.015362;0.123810;0.965591;10.024654;0
-0.016432;0.131941;0.965591;10.024654;0
-0.017674;0.120043;0.962762;10.024654;0
-0.018567;0.113446;0.962762;10.024654;0
-0.019434;0.115714;0.962762;10.024654;0
-0.020302;0.126193;0.958939;10.024654;0
-0.021119;0.139429;0.958939;10.024654;0
-0.021798;0.134978;0.954158;10.024654;0
-0.022579;0.122290;0.954158;10.024654;0
-0.023121;0.118774;0.954158;10.024654;0
-0.023657;0.121425;0.948476;10.024654;0
-0.024156;0.128367;0.948476;10.024654;0
-0.024641;0.122846;0.941966;10.024654;0
-0.024894;0.109071;0.941966;10.024654;0
-0.025134;0.100628;0.941966;10.024654;0
-0.025357;0.103199;0.934717;10.024654;0
-0.025519;0.110121;0.934717;10.024654;0
-0.025590;0.109882;0.934717;10.024654;0
-0.025611;0.099579;0.926836;10.024654;0
-0.025667;0.089820;0.926836;10.024654;0
-0.025750;0.091569;0.918442;10.024654;0
-0.025830;0.094214;0.918442;10.024654;0
-0.025872;0.082160;0.918442;10.024654;0
-0.025945;0.069476;0.909667;10.024654;0
-0.026060;0.073517;0.909667;10.024654;0
-0.026187;0.085063;0.900652;10.024654;0
-0.026254;0.083701;0.900652;10.024654;0
-0.026353;0.079549;0.891546;10.024654;0
-0.026610;0.082999;0.891546;10.024654;0
-0.026904;0.094760;0.891546;10.024654;0
-0.027213;0.100622;0.882497;10.024654;0
-0.027529;0.086590;0.882497;10.024654;0
-0.027925;0.071139;0.873651;10.024654;0
-0.028476;0.061964;0.873651;10.024654;0
-0.029498;0.066545;0.873651;10.024654;0
-0.030555;0.070954;0.865144;10.024654;0
-0.031938;0.061599;0.865144;10.024654;0
-0.034034;0.044002;0.857099;10.024654;0
-0.582782;0.051240;0.857099;10.024654;0
-0.590221;0.038648;0.849613;10.024654;0
-0.600575;0.012975;0.849613;10.024654;0
-0.609102;-0.016811;0.849613;10.024654;0
-0.618392;-0.035716;0.842758;10.024654;0
-0.628217;-0.036375;0.842758;10.024654;0
-0.641524;-0.012437;0.836575;10.024654;0
-0.651943;0.006281;0.836575;10.024654;0
-0.661675;0.021746;0.836575;10.024654;0
-0.671144;0.038033;0.831076;10.024654;0
-0.680384;0.057893;0.831076;10.024654;0
-0.691489;0.068924;0.831076;10.024654;0
-0.698894;0.072979;0.826248;10.024654;0
-0.705621;0.078555;0.826248;10.024654;0
-0.711465;0.085432;0.822053;10.024654;0
-0.716118;0.091667;0.822053;10.024654;0
-0.720135;0.083624;0.822053;10.024654;0
-0.721747;0.079318;0.818430;10.024654;0
-0.722034;0.080839;0.818430;10.024654;0
-0.721019;0.087447;0.818430;10.024654;0
-0.718479;0.088801;0.815302;10.024654;0
-0.714528;0.085609;0.815302;10.024654;0
-0.707511;0.090868;0.815302;10.024654;0
-0.700622;0.103199;0.812579;10.024654;0
-0.692448;0.107271;0.812579;10.024654;0
-0.682889;0.103603;0.812579;10.024654;0
-0.672492;0.101449;0.810160;10.024654;0
-0.657116;0.085352;0.810160;10.024654;0
-0.644892;0.068462;0.810160;10.024654;0
-0.632257;0.048858;0.807938;10.024654;0
-0.619283;0.039828;0.807938;10.024654;0
-0.601240;0.053849;0.807938;10.024654;0
-0.591296;0.071906;0.805802;10.024654;0
-0.571808;0.107394;0.805802;10.024654;0
-0.556420;0.121166;0.805802;10.024654;0
-0.541807;0.129325;0.803644;10.024654;0
-0.526722;0.138150;0.803644;10.024654;0
-0.509246;0.153977;0.803644;10.024654;0
-0.490402;0.175273;0.801357;10.024654;0
-0.474915;0.188507;0.801357;10.024654;0
-0.458258;0.184747;0.801357;10.024654;0
-0.441660;0.173867;0.798843;10.024654;0
-0.420222;0.163717;0.798843;10.024654;0
-0.404276;0.162720;0.798843;10.024654;0
-0.388824;0.154870;0.796008;10.024654;0
-0.373757;0.141297;0.796008;10.024654;0
-0.359195;0.131852;0.796008;10.024654;0
-0.340448;0.130607;0.792772;10.024654;0
-0.327183;0.138549;0.792772;10.024654;0
-0.313774;0.144815;0.792772;10.024654;0
-0.301211;0.137258;0.789062;10.024654;0
-0.285102;0.125631;0.789062;10.024654;0
-0.273313;0.123939;0.789062;10.024654;0
-0.261983;0.124549;0.784823;10.024654;0
-0.251513;0.115874;0.784823;10.024654;0
-0.241908;0.108938;0.784823;10.024654;0
-0.228912;0.107245;0.780008;10.024654;0
-0.219843;0.113515;0.780008;10.024654;0
-0.211275;0.113162;0.780008;10.024654;0
-0.203130;0.105664;0.774588;10.024654;0
-0.192837;0.102335;0.774588;10.024654;0
-0.185479;0.110575;0.774588;10.024654;0
-0.178272;0.120230;0.768549;10.024654;0
-0.171514;0.116969;0.768549;10.024654;0
-0.163144;0.111736;0.761891;10.024654;0
-0.157229;0.112710;0.761891;10.024654;0
-0.151769;0.116998;0.761891;10.024654;0
-0.146593;0.122548;0.754634;10.024654;0
-0.141765;0.119138;0.754634;10.024654;0
-0.136549;0.103062;0.754634;10.024654;0
-0.133402;0.093397;0.746813;10.024654;0
-0.131291;0.090841;0.746813;10.024654;0
-0.130519;0.092167;0.746813;10.024654;0
-0.345766;0.073555;0.738487;10.024654;0
-0.340245;0.063864;0.738487;10.024654;0
-0.335502;0.063030;0.729730;10.024654;0
-0.331294;0.073316;0.729730;10.024654;0
-0.327418;0.092481;0.729730;10.024654;0
-0.322636;0.120085;0.720634;10.024654;0
-0.318902;0.126480;0.720634;10.024654;0
-0.315162;0.129824;0.711300;10.024654;0
-0.311339;0.137316;0.711300;10.024654;0
-0.307334;0.150713;0.711300;10.024654;0
-0.302784;0.162658;0.701835;10.024654;0
-0.295865;0.155168;0.701835;10.024654;0
-0.290078;0.147541;0.692359;10.024654;0
-0.283688;0.146590;0.692359;10.024654;0
-0.276446;0.153511;0.692359;10.024654;0
-0.268494;0.160550;0.682996;10.024654;0
-0.256542;0.150863;0.682996;10.024654;0
-0.246831;0.145308;0.673883;10.024654;0
-0.236314;0.146085;0.673883;10.024654;0
-0.225181;0.152313;0.665158;10.024654;0
-0.213658;0.159257;0.665158;10.024654;0
-0.197708;0.147520;0.665158;10.024654;0
-0.185344;0.136147;0.656970;10.024654;0
-0.172815;0.132423;0.656970;10.024654;0
-0.160150;0.140214;0.649469;10.024654;0
-0.147364;0.150826;0.649469;10.024654;0
-0.129995;0.147229;0.642807;10.024654;0
-0.117582;0.144290;0.642807;10.024654;0
-0.105363;0.146315;0.637133;10.024654;0
-0.093130;0.154689;0.632590;10.024654;0
-0.080889;0.158397;0.632590;10.024654;0
-0.065089;0.143965;0.629307;10.024654;0
-0.053685;0.135639;0.629307;10.024654;0
-0.042856;0.134734;0.627399;10.024654;0
-0.032367;0.137104;0.626958;10.024654;0
-0.019122;0.126376;0.626958;10.024654;0
-0.009030;0.115144;0.628045;10.024654;0
0.000533;0.112493;0.628045;10.024654;0
0.009625;0.117390;0.630691;10.024654;0
0.018652;0.125360;0.634891;10.024654;0
0.027307;0.118257;0.634891;10.024654;0
0.038348;0.106312;0.640598;10.024654;0
0.046561;0.104582;0.647728;10.024654;0
0.054904;0.110208;0.647728;10.024654;0
0.063328;0.116968;0.656157;10.024654;0
0.075201;0.105503;0.665720;10.024654;0
0.084569;0.091926;0.665720;10.024654;0
0.094511;0.087476;0.676221;10.024654;0
0.105243;0.094049;0.676221;10.024654;0
0.116917;0.104044;0.687426;10.024654;0
0.134836;0.096497;0.699076;10.024654;0
-0.824618;0.032741;0.699076;10.024654;0
-0.838713;0.016744;0.710886;10.024654;0
-0.854213;0.005437;0.710886;10.024654;0
-0.871058;-0.007855;0.722568;10.024654;0
-0.895662;-0.014491;0.722568;10.024654;0
-0.914712;-0.003241;0.733852;10.024654;0
-0.934055;0.019771;0.733852;10.024654;0
-0.953272;0.050771;0.733852;10.024654;0
-0.978838;0.091558;0.744488;10.024654;0
-0.996636;0.106926;0.744488;10.024654;0
-1.000000;0.114726;0.754251;10.024654;0
-1.000000;0.121963;0.754251;10.024654;0
-1.000000;0.129050;0.754251;10.024654;0
-1.000000;0.128321;0.762938;10.024654;0
-1.000000;0.119867;0.762938;10.024654;0
-1.000000;0.118459;0.770373;10.024654;0
-1.000000;0.123495;0.770373;10.024654;0
-1.000000;0.132704;0.770373;10.024654;0
-1.000000;0.132640;0.776406;10.024654;0
-1.000000;0.130903;0.770373;10.024654;0
-1.000000;0.133477;0.776406;10.024654;0
-1.000000;0.142415;0.776406;10.024654;0
-1.000000;0.152573;0.776406;10.024654;0
-1.000000;0.150603;0.780913;10.024654;0
-0.994640;0.149069;0.780913;10.024654;0
-0.974280;0.153356;0.780913;10.024654;0
-0.952086;0.162612;0.783795;10.024654;0
-0.927486;0.164374;0.783795;10.024654;0
-0.892752;0.161958;0.783795;10.024654;0
-0.864962;0.164132;0.784978;10.024654;0
-0.836636;0.171257;0.784978;10.024654;0
-0.807300;0.176979;0.784978;10.024654;0
-0.777097;0.170549;0.784413;10.024654;0
-0.736206;0.160931;0.784413;10.024654;0
-0.705617;0.160966;0.784413;10.024654;0
-0.675045;0.166854;0.784413;10.024654;0
-0.644478;0.166320;0.782077;10.024654;0
-0.614225;0.158545;0.782077;10.024654;0
-0.574619;0.156669;0.782077;10.024654;0
-0.545744;0.164595;0.777971;10.024654;0
-0.517930;0.176233;0.777971;10.024654;0
-0.490163;0.176473;0.777971;10.024654;0
-0.454782;0.165696;0.772121;10.024654;0
-0.428756;0.157473;0.772121;10.024654;0
-0.404706;0.152868;0.772121;10.024654;0
-0.381668;0.150478;0.764576;10.024654;0
