-0.257698;0.076679;0.627847;10.024654;0
-0.250557;0.075277;0.633690;10.024654;0
-0.242860;0.071624;0.633690;10.024654;0
-0.236612;0.068886;0.639025;10.024654;0
-0.231778;0.058660;0.639025;10.024654;0
-0.227642;0.054114;0.639025;10.024654;0
-0.224298;0.058177;0.643847;10.024654;0
-0.221118;0.078295;0.643847;10.024654;0
-0.219438;0.093146;0.648174;10.024654;0
-0.218337;0.092683;0.648174;10.024654;0
-0.217844;0.089725;0.652043;10.024654;0
-0.218006;0.091338;0.652043;10.024654;0
-0.218723;0.093796;0.655516;10.024654;0
-0.220372;0.078862;0.655516;10.024654;0
-0.222193;0.068986;0.658678;10.024654;0
-0.224476;0.066277;0.658678;10.024654;0
-0.227318;0.073372;0.661636;10.024654;0
-0.231329;0.088188;0.661636;10.024654;0
-0.235020;0.086409;0.664519;10.024654;0
-0.238759;0.080548;0.664519;10.024654;0
-0.242744;0.079101;0.664519;10.024654;0
-0.248476;0.087165;0.667474;10.024654;0
-0.252995;0.092738;0.667474;10.024654;0
-0.257710;0.087287;0.670663;10.024654;0
-0.262597;0.078148;0.670663;10.024654;0
-0.267631;0.074924;0.674261;10.024654;0
-0.274595;0.081188;0.674261;10.024654;0
-0.279992;0.086043;0.678445;10.024654;0
-0.285422;0.078305;0.678445;10.024654;0
-0.291094;0.068516;0.683392;10.024654;0
-0.296930;0.062647;0.683392;10.024654;0
-0.304799;0.069157;0.689269;10.024654;0
-0.310694;0.074171;0.689269;10.024654;0
-0.316603;0.067175;0.696223;10.024654;0
-0.322730;0.061543;0.696223;10.024654;0
-0.328739;0.064040;0.696223;10.024654;0
-0.336932;0.074063;0.704372;10.024654;0
-0.343005;0.072963;0.704372;10.024654;0
-0.349065;0.070948;0.713801;10.024654;0
-0.355338;0.074566;0.713801;10.024654;0
-0.363787;0.085943;0.724547;10.024654;0
-0.370355;0.090098;0.724547;10.024654;0
-0.377438;0.081444;0.736599;10.024654;0
-0.385183;0.069305;0.736599;10.024654;0
-0.394209;0.063791;0.736599;10.024654;0
-0.408455;0.068707;0.749890;10.024654;0
-0.422090;0.078254;0.749890;10.024654;0
-0.439754;0.075823;0.764294;10.024654;0
-1.000000;0.113535;0.764294;10.024654;0
-1.000000;0.104324;0.764294;10.024654;0
-1.000000;0.102104;0.779629;10.024654;0
-1.000000;0.109010;0.779629;10.024654;0
-1.000000;0.110233;0.779629;10.024654;0
-0.990208;0.107802;0.795675;10.024654;0
-0.979930;0.108696;0.795675;10.024654;0
-0.969939;0.115494;0.812197;10.024654;0
-0.956723;0.130770;0.812197;10.024654;0
-0.946293;0.137170;0.812197;10.024654;0
-0.935192;0.133367;0.828962;10.024654;0
-0.924177;0.127974;0.828962;10.024654;0
-0.912959;0.126099;0.828962;10.024654;0
-0.898041;0.130807;0.845741;10.024654;0
-0.886367;0.128681;0.845741;10.024654;0
-0.874342;0.123123;0.845741;10.024654;0
-0.862122;0.120508;0.862316;10.024654;0
-0.849695;0.124059;0.862316;10.024654;0
-0.832424;0.132997;0.862316;10.024654;0
-0.819273;0.131457;0.862316;10.024654;0
-0.804994;0.127543;0.878487;10.024654;0
-0.790720;0.128229;0.878487;10.024654;0
-0.771443;0.137648;0.878487;10.024654;0
-0.756461;0.149414;0.894071;10.024654;0
-0.740841;0.153442;0.894071;10.024654;0
-0.724147;0.148714;0.894071;10.024654;0
-0.707249;0.143682;0.908905;10.024654;0
-0.687322;0.143097;0.908905;10.024654;0
-0.669030;0.147683;0.908905;10.024654;0
-0.652526;0.146763;0.908905;10.024654;0
-0.635547;0.135642;0.922852;10.024654;0
-0.619044;0.125415;0.922852;10.024654;0
-0.596938;0.121736;0.922852;10.024654;0
-0.580629;0.124229;0.935794;10.024654;0
-0.564117;0.119723;0.935794;10.024654;0
-0.548176;0.115490;0.935794;10.024654;0
-0.532564;0.115275;0.935794;10.024654;0
-0.512416;0.125656;0.947638;10.024654;0
-0.497159;0.137557;0.947638;10.024654;0
-0.482508;0.137774;0.947638;10.024654;0
-0.467591;0.134218;0.958313;10.024654;0
-0.453274;0.133817;0.958313;10.024654;0
-0.434578;0.141152;0.958313;10.024654;0
-0.420573;0.139644;0.958313;10.024654;0
-0.407087;0.131994;0.967770;10.024654;0
-0.393971;0.125249;0.967770;10.024654;0
-0.381009;0.123656;0.967770;10.024654;0
-0.364405;0.128289;0.975981;10.024654;0
-0.352015;0.124053;0.975981;10.024654;0
-0.340381;0.117045;0.975981;10.024654;0
-0.328897;0.113782;0.975981;10.024654;0
-0.317546;0.115011;0.982938;10.024654;0
-0.303027;0.118866;0.982938;10.024654;0
-0.292283;0.111330;0.982938;10.024654;0
-0.282059;0.103586;0.988652;10.024654;0
-0.272158;0.101199;0.988652;10.024654;0
-0.259659;0.108249;0.988652;10.024654;0
-0.250319;0.117676;0.988652;10.024654;0
-0.240957;0.115226;0.993149;10.024654;0
-0.231983;0.105520;0.993149;10.024654;0
-0.223121;0.099681;0.993149;10.024654;0
-0.214666;0.101010;0.993149;10.024654;0
-0.203606;0.098422;0.996471;10.024654;0
-0.195631;0.075055;0.996471;10.024654;0
-0.188129;0.051922;0.996471;10.024654;0
-0.180792;0.042068;0.996471;10.024654;0
-0.171337;0.044404;0.998675;10.024654;0
-0.164543;0.047573;0.998675;10.024654;0
-0.158093;0.058567;0.998675;10.024654;0
-0.151720;0.076695;0.998675;10.024654;0
-0.143524;0.110261;0.998675;10.024654;0
-0.137282;0.130967;0.998675;10.024654;0
-0.131315;0.135063;0.998675;10.024654;0
-0.125242;0.134847;0.999826;10.024654;0
-0.119503;0.135456;0.999826;10.024654;0
-0.111836;0.139915;0.999826;10.024654;0
-0.106116;0.131245;0.999826;10.024654;0
-0.100654;0.118601;1.000000;10.024654;0
-0.095367;0.111185;1.000000;10.024654;0
-0.090248;0.112446;1.000000;10.024654;0
-0.083676;0.117264;0.999278;10.024654;0
-0.078791;0.109139;0.999278;10.024654;0
-0.074113;0.101390;0.999278;10.024654;0
-0.069658;0.099069;0.999278;10.024654;0
-0.065582;0.101834;0.997747;10.024654;0
-0.060386;0.104873;0.997747;10.024654;0
-0.056830;0.096260;0.997747;10.024654;0
-0.053666;0.087678;0.992609;10.024654;0
-0.050950;0.084760;0.992609;10.024654;0
-0.048915;0.091063;0.992609;10.024654;0
-0.047428;0.093888;0.992609;10.024654;0
-0.047598;0.090612;0.989178;10.024654;0
0.041127;0.065559;0.989178;10.024654;0
0.045074;0.072967;0.989178;10.024654;0
0.048246;0.083263;0.989178;10.024654;0
0.051693;0.091610;0.985271;10.024654;0
0.053591;0.089347;0.985271;10.024654;0
0.054866;0.090013;0.985271;10.024654;0
0.055541;0.099414;0.980931;10.024654;0
0.055680;0.105412;0.980931;10.024654;0
0.055084;0.106501;0.980931;10.024654;0
0.054088;0.114267;0.980931;10.024654;0
0.052716;0.129272;0.976177;10.024654;0
0.050964;0.143232;0.976177;10.024654;0
0.049004;0.140283;0.976177;10.024654;0
0.046089;0.132232;0.971009;10.024654;0
0.043778;0.132673;0.971009;10.024654;0
0.041459;0.140534;0.971009;10.024654;0
0.039204;0.148195;0.965413;10.024654;0
0.036369;0.138030;0.965413;10.024654;0
0.034298;0.130478;0.965413;10.024654;0
0.032415;0.131679;0.965413;10.024654;0
0.030620;0.141271;0.959372;10.024654;0
0.028957;0.156864;0.959372;10.024654;0
0.027062;0.164978;0.959372;10.024654;0
0.025871;0.158954;0.952867;10.024654;0
0.024831;0.154490;0.952867;10.024654;0
0.023942;0.155588;0.952867;10.024654;0
0.022952;0.158496;0.945888;10.024654;0
0.022404;0.147456;0.945888;10.024654;0
0.021971;0.137001;0.945888;10.024654;0
0.021630;0.136337;0.938431;10.024654;0
0.021339;0.148861;0.938431;10.024654;0
0.021073;0.164025;0.938431;10.024654;0
0.020971;0.158093;0.930512;10.024654;0
0.020895;0.150244;0.930512;10.024654;0
0.020814;0.148913;0.930512;10.024654;0
0.020665;0.158895;0.922162;10.024654;0
0.020568;0.163390;0.922162;10.024654;0
0.020509;0.151702;0.913438;10.024654;0
0.020449;0.138150;0.913438;10.024654;0
0.020363;0.132243;0.913438;10.024654;0
0.020194;0.142308;0.904417;10.024654;0
0.020107;0.147961;0.904417;10.024654;0
0.020048;0.139809;0.904417;10.024654;0
0.019978;0.132913;0.895204;10.024654;0
0.019869;0.135050;0.895204;10.024654;0
0.019699;0.146917;0.948476;10.024654;0
0.019658;0.143319;0.885928;10.024654;0
0.019633;0.131580;0.885928;10.024654;0
0.019581;0.123024;0.885928;10.024654;0
0.019447;0.123715;0.876744;10.024654;0
0.019318;0.132804;0.876744;10.024654;0
0.019281;0.136214;0.867827;10.024654;0
0.019304;0.125249;0.867827;10.024654;0
0.019347;0.111339;0.859369;10.024654;0
0.019410;0.104143;0.859369;10.024654;0
0.019524;0.101395;0.859369;10.024654;0
0.019796;0.089353;0.851575;10.024654;0
0.020123;0.077559;0.851575;10.024654;0
0.020570;0.077403;0.844652;10.024654;0
0.020954;0.087610;0.844652;10.024654;0
0.021487;0.088750;0.838798;10.024654;0
0.022126;0.084355;0.838798;10.024654;0
0.022837;0.082365;0.834197;10.024654;0
0.023677;0.087254;0.834197;10.024654;0
0.025166;0.096359;0.830997;10.024654;0
0.026868;0.088314;0.830997;10.024654;0
0.029099;0.076667;0.829305;10.024654;0
0.521859;0.057364;0.829305;10.024654;0
0.528794;0.053843;0.829168;10.024654;0
0.538279;0.054309;0.829168;10.024654;0
0.545609;0.053580;0.830567;10.024654;0
0.553120;0.042851;0.830567;10.024654;0
0.560548;0.038772;0.833414;10.024654;0
0.567843;0.050107;0.833414;10.024654;0
0.576355;0.079122;0.837576;10.024654;0
0.581951;0.091891;0.837576;10.024654;0
0.586317;0.101840;0.842878;10.024654;0
0.589549;0.112553;0.842878;10.024654;0
0.591358;0.125940;0.849114;10.024654;0
0.591577;0.137555;0.849114;10.024654;0
0.589108;0.130568;0.856056;10.024654;0
0.585323;0.125769;0.856056;10.024654;0
0.579767;0.128748;0.863464;10.024654;0
0.572297;0.133305;0.863464;10.024654;0
0.562941;0.126138;0.863464;10.024654;0
0.548471;0.119733;0.871093;10.024654;0
0.534699;0.123666;0.871093;10.024654;0
0.519905;0.127581;0.878701;10.024654;0
0.503644;0.122630;0.878701;10.024654;0
0.486072;0.120170;0.886055;10.024654;0
0.466864;0.124802;0.886055;10.024654;0
0.439595;0.142202;0.892937;10.024654;0
0.418310;0.147399;0.892937;10.024654;0
0.395419;0.145181;0.899145;10.024654;0
0.372219;0.145867;0.899145;10.024654;0
0.347934;0.150928;0.899145;10.024654;0
0.315122;0.162619;0.904501;10.024654;0
0.290216;0.164474;0.904501;10.024654;0
0.265794;0.152331;0.908849;10.024654;0
0.241105;0.139010;0.908849;10.024654;0
0.208710;0.135517;0.908849;10.024654;0
0.184293;0.146258;0.912057;10.024654;0
0.159689;0.154071;0.912057;10.024654;0
0.135625;0.147942;0.914019;10.024654;0
0.112059;0.141692;0.914019;10.024654;0
0.089316;0.141267;0.914019;10.024654;0
0.060274;0.148369;0.914657;10.024654;0
0.038720;0.143806;0.914657;10.024654;0
0.017790;0.134573;0.913918;10.024654;0
-0.002670;0.129168;0.913918;10.024654;0
-0.029828;0.132130;0.911777;10.024654;0
-0.049143;0.141785;0.911777;10.024654;0
-0.068431;0.147705;0.911777;10.024654;0
-0.087136;0.136873;0.908235;10.024654;0
-0.109093;0.122715;0.908235;10.024654;0
-0.129568;0.118989;0.903322;10.024654;0
-0.148036;0.123379;0.903322;10.024654;0
-0.166057;0.125180;0.903322;10.024654;0
-0.184210;0.114662;0.897094;10.024654;0
-0.202486;0.107738;0.897094;10.024654;0
-0.221032;0.108532;0.889636;10.024654;0
-0.245600;0.119515;0.889636;10.024654;0
-0.264856;0.116319;0.881061;10.024654;0
-0.284737;0.103617;0.881061;10.024654;0
-0.305643;0.093939;0.881061;10.024654;0
-0.334378;0.094353;0.871511;10.024654;0
-0.359262;0.103604;0.871511;10.024654;0
-0.385242;0.100274;0.861155;10.024654;0
-0.415315;0.093556;0.861155;10.024654;0
-0.451307;0.094043;0.850192;10.024654;0
0.522554;-0.027056;0.850192;10.024654;0
0.543908;-0.040476;0.850192;10.024654;0
0.567561;-0.066322;0.838841;10.024654;0
0.595220;-0.084870;0.838841;10.024654;0
0.624640;-0.085163;0.827310;10.024654;0
0.667942;-0.054653;0.827310;10.024654;0
0.701144;-0.025905;0.827310;10.024654;0
0.734024;-0.000452;0.815799;10.024654;0
0.765999;0.012103;0.815799;10.024654;0
0.804412;0.025469;0.815799;10.024654;0
0.832574;0.045661;0.804494;10.024654;0
0.857471;0.072457;0.804494;10.024654;0
0.880181;0.094414;0.793568;10.024654;0
0.900214;0.111019;0.793568;10.024654;0
0.921158;0.134616;0.793568;10.024654;0
0.932879;0.156203;0.783182;10.024654;0
0.940704;0.178735;0.783182;10.024654;0
0.944004;0.187291;0.783182;10.024654;0
0.943097;0.188389;0.773478;10.024654;0
0.936050;0.192594;0.773478;10.024654;0
0.926628;0.201178;0.764587;10.024654;0
0.913561;0.206230;0.764587;10.024654;0
0.897113;0.200607;0.764587;10.024654;0
0.878058;0.196228;0.756619;10.024654;0
0.848863;0.198914;0.756619;10.024654;0
0.824529;0.210122;0.756619;10.024654;0
0.797946;0.218784;0.749669;10.024654;0
0.769947;0.214517;0.749669;10.024654;0
0.730051;0.205962;0.743810;10.024654;0
0.698316;0.207130;0.743810;10.024654;0
0.667077;0.215354;0.743810;10.024654;0
0.635284;0.221013;0.739098;10.024654;0
0.602744;0.211663;0.739098;10.024654;0
0.561322;0.200577;0.735564;10.024654;0
0.530784;0.200838;0.735564;10.024654;0
0.500464;0.208359;0.735564;10.024654;0
0.471452;0.207936;0.733223;10.024654;0
0.443094;0.198005;0.733223;10.024654;0
0.408377;0.188671;0.732066;10.024654;0
0.382385;0.191537;0.732066;10.024654;0
0.359421;0.199606;0.732062;10.024654;0
0.337649;0.202658;0.732062;10.024654;0
0.316913;0.187325;0.733161;10.024654;0
0.297447;0.168207;0.733161;10.024654;0
0.273897;0.156178;0.733161;10.024654;0
0.257798;0.160986;0.735294;10.024654;0
0.242985;0.161665;0.735294;10.024654;0
0.229526;0.148023;0.738372;10.024654;0
0.217537;0.137079;0.738372;10.024654;0
0.203409;0.137939;0.742290;10.024654;0
0.193273;0.143210;0.742290;10.024654;0
0.184609;0.136230;0.746928;10.024654;0
0.176827;0.122799;0.746928;10.024654;0
0.169539;0.113232;0.752149;10.024654;0
0.160983;0.111709;0.752149;10.024654;0
0.155230;0.114243;0.757806;10.024654;0
0.150387;0.101194;0.757806;10.024654;0
0.146438;0.084241;0.763741;10.024654;0
0.142532;0.071612;0.763741;10.024654;0
0.140262;0.072391;0.769787;10.024654;0
0.139330;0.072445;0.769787;10.024654;0
0.467619;0.107327;0.769787;10.024654;0
0.460954;0.098025;0.775768;10.024654;0
0.454183;0.091742;0.775768;10.024654;0
0.444846;0.095882;0.781513;10.024654;0
0.437650;0.092718;0.781513;10.024654;0
0.430236;0.085507;0.786872;10.024654;0
0.422406;0.083575;0.786872;10.024654;0
0.414226;0.090656;0.791724;10.024654;0
0.403053;0.111742;0.791724;10.024654;0
0.394001;0.124389;0.795970;10.024654;0
0.384746;0.119918;0.795970;10.024654;0
0.375110;0.112151;0.795970;10.024654;0
0.365346;0.110000;0.799541;10.024654;0
0.355498;0.118677;0.799541;10.024654;0
0.342470;0.123681;0.802392;10.024654;0
0.332639;0.119070;0.802392;10.024654;0
0.322963;0.117927;0.804500;10.024654;0
0.313654;0.127263;0.804500;10.024654;0
0.304702;0.140616;0.805870;10.024654;0
0.292827;0.135565;0.805870;10.024654;0
0.284220;0.130219;0.805870;10.024654;0
0.276147;0.132727;0.806527;10.024654;0
0.268309;0.144687;0.806527;10.024654;0
0.260945;0.155508;0.806521;10.024654;0
0.251754;0.141759;0.806521;10.024654;0
0.245358;0.126829;0.805923;10.024654;0
0.239367;0.116837;0.805923;10.024654;0
0.233866;0.115691;0.804825;10.024654;0
0.228830;0.118973;0.804825;10.024654;0
0.223009;0.107007;0.803337;10.024654;0
0.219147;0.100262;0.803337;10.024654;0
0.215702;0.101848;0.803337;10.024654;0
0.212579;0.115471;0.801586;10.024654;0
0.209926;0.124798;0.801586;10.024654;0
0.206863;0.121602;0.799716;10.024654;0
0.204940;0.120985;0.799716;10.024654;0
0.203335;0.128876;0.797877;10.024654;0
0.202032;0.135578;0.797877;10.024654;0
0.201076;0.124970;0.796230;10.024654;0
0.200347;0.109069;0.796230;10.024654;0
0.200201;0.107593;0.794933;10.024654;0
0.200359;0.116316;0.794933;10.024654;0
0.200814;0.123386;0.794143;10.024654;0
0.201607;0.113516;0.794143;10.024654;0
0.203360;0.102318;0.794004;10.024654;0
0.205123;0.105940;0.794004;10.024654;0
0.207255;0.110987;0.794643;10.024654;0
0.209987;0.101360;0.794643;10.024654;0
0.213285;0.093021;0.796159;10.024654;0
0.218712;0.099847;0.796159;10.024654;0
0.223476;0.115504;0.798622;10.024654;0
0.229262;0.121393;0.798622;10.024654;0
0.236360;0.116105;0.802059;10.024654;0
0.245224;0.109863;0.802059;10.024654;0
0.256304;0.105837;0.802059;10.024654;0
0.276993;0.105486;0.806454;10.024654;0
0.299145;0.095765;0.806454;10.024654;0
0.994766;0.095476;0.811739;10.024654;0
0.997427;0.066936;0.811739;10.024654;0
1.000000;0.040691;0.817799;10.024654;0
1.000000;0.025913;0.817799;10.024654;0
1.000000;0.026787;0.817799;10.024654;0
1.000000;0.027883;0.824478;10.024654;0
1.000000;0.034821;0.824478;10.024654;0
1.000000;0.057548;0.831589;10.024654;0
1.000000;0.077306;0.831589;10.024654;0
1.000000;0.090041;0.831589;10.024654;0
1.000000;0.097873;0.838927;10.024654;0
1.000000;0.106829;0.838927;10.024654;0
1.000000;0.119614;0.838927;10.024654;0
1.000000;0.139193;0.846276;10.024654;0
1.000000;0.144441;0.846276;10.024654;0
1.000000;0.141636;0.846276;10.024654;0
1.000000;0.138787;0.853418;10.024654;0
1.000000;0.139389;0.853418;10.024654;0
1.000000;0.143833;0.853418;10.024654;0
1.000000;0.139164;0.853418;10.024654;0
0.998524;0.133968;0.853418;10.024654;0
0.982893;0.132466;0.860138;10.024654;0
0.965080;0.135590;0.860138;10.024654;0
0.939405;0.145978;0.860138;10.024654;0
0.917440;0.153163;0.866230;10.024654;0
0.893174;0.150355;0.866230;10.024654;0
0.868317;0.145768;0.866230;10.024654;0
0.832408;0.145420;0.866230;10.024654;0
0.804652;0.150082;0.871505;10.024654;0
0.775782;0.146684;0.871505;10.024654;0
0.746179;0.141289;0.871505;10.024654;0
0.705440;0.137511;0.875787;10.024654;0
0.674043;0.141269;0.875787;10.024654;0
0.642192;0.150198;0.875787;10.024654;0
0.609368;0.156864;0.875787;10.024654;0
0.577037;0.149952;0.878921;10.024654;0
0.533614;0.137556;0.878921;10.024654;0
0.502631;0.134381;0.878921;10.024654;0
0.472592;0.137940;0.880776;10.024654;0
0.441331;0.143021;0.880776;10.024654;0
0.410783;0.135843;0.880776;10.024654;0
0.372489;0.124435;0.880776;10.024654;0
0.345034;0.120427;0.881241;10.024654;0
0.317939;0.122835;0.881241;10.024654;0
0.291326;0.123948;0.881241;10.024654;0
0.257656;0.110575;0.880229;10.024654;0
0.234945;0.104867;0.880229;10.024654;0
0.212731;0.106725;0.880229;10.024654;0
0.191368;0.116153;0.880229;10.024654;0
0.164414;0.121130;0.877676;10.024654;0
0.144888;0.115992;0.877676;10.024654;0
0.126258;0.110787;0.873544;10.024654;0
0.108453;0.108809;0.873544;10.024654;0
0.086091;0.113059;0.873544;10.024654;0
0.070132;0.110529;0.867819;10.024654;0
0.055311;0.096999;0.867819;10.024654;0
0.041245;0.082157;0.867819;10.024654;0
0.023598;0.047891;0.860512;10.024654;0
0.010888;0.027974;0.860512;10.024654;0
-0.000862;0.015589;0.860512;10.024654;0
-0.012315;0.006549;0.860512;10.024654;0
-0.022624;0.010326;0.851658;10.024654;0
-0.035775;0.036160;0.851658;10.024654;0
-0.045571;0.069778;0.851658;10.024654;0
-0.054511;0.096928;0.841318;10.024654;0
-0.063119;0.110394;0.841318;10.024654;0
-0.071196;0.119607;0.841318;10.024654;0
-0.079077;0.128632;0.829579;10.024654;0
-0.088771;0.138046;0.829579;10.024654;0
-0.095480;0.132530;0.829579;10.024654;0
-0.101908;0.117346;0.816553;10.024654;0
-0.108108;0.103466;0.816553;10.024654;0
-0.115628;0.095357;0.816553;10.024654;0
-0.120854;0.099450;0.802380;10.024654;0
-0.125660;0.102406;0.802380;10.024654;0
-0.130056;0.094280;0.802380;10.024654;0
-0.134111;0.085694;0.787226;10.024654;0
-0.139343;0.082930;0.787226;10.024654;0
-0.143258;0.088190;0.787226;10.024654;0
-0.147554;0.090925;0.771286;10.024654;0
-0.152444;0.079832;0.771286;10.024654;0
-0.160433;0.067370;0.771286;10.024654;0
0.344709;0.052663;0.754785;10.024654;0
0.357119;0.054746;0.754785;10.024654;0
0.370000;0.051590;0.754785;10.024654;0
0.382743;0.038886;0.737967;10.024654;0
0.395679;0.030709;0.737967;10.024654;0
0.411945;0.037504;0.721078;10.024654;0
0.423683;0.056202;0.721078;10.024654;0
0.434471;0.079658;0.721078;10.024654;0
0.443774;0.090338;0.704354;10.024654;0
0.452144;0.095570;0.704354;10.024654;0
0.460962;0.102836;0.704354;10.024654;0
0.465684;0.110514;0.688019;10.024654;0
0.468874;0.121139;0.688019;10.024654;0
0.470333;0.123670;0.672288;10.024654;0
0.469705;0.112825;0.672288;10.024654;0
0.467355;0.106464;0.672288;10.024654;0
0.463318;0.106735;0.657361;10.024654;0
0.457766;0.109856;0.657361;10.024654;0
0.450928;0.105862;0.643428;10.024654;0
0.442695;0.099599;0.643428;10.024654;0
0.430402;0.102477;0.643428;10.024654;0
0.419501;0.112537;0.630660;10.024654;0
0.407574;0.120201;0.630660;10.024654;0
0.395319;0.116140;0.619213;10.024654;0
0.377975;0.112014;0.619213;10.024654;0
0.364055;0.114978;0.609224;10.024654;0
0.349997;0.122960;0.609224;10.024654;0
0.335647;0.132888;0.600805;10.024654;0
0.321691;0.129398;0.600805;10.024654;0
0.302762;0.117304;0.594048;10.024654;0
0.288643;0.115538;0.594048;10.024654;0
0.274953;0.121391;0.589016;10.024654;0
0.261001;0.131293;0.589016;10.024654;0
0.243410;0.133545;0.585746;10.024654;0
0.230398;0.126138;0.585746;10.024654;0
0.217874;0.119010;0.584248;10.024654;0
0.206248;0.118057;0.584248;10.024654;0
0.194832;0.125231;0.584502;10.024654;0
0.180337;0.128399;0.584502;10.024654;0
0.170192;0.118071;0.586465;10.024654;0
0.160416;0.111930;0.586465;10.024654;0
0.151421;0.113466;0.590066;10.024654;0
0.142549;0.117136;0.590066;10.024654;0
0.131912;0.106437;0.595216;10.024654;0
0.124456;0.095820;0.595216;10.024654;0
0.117536;0.092741;0.601803;10.024654;0
0.110732;0.097283;0.609704;10.024654;0
0.104314;0.103492;0.609704;10.024654;0
0.096626;0.093498;0.618781;10.024654;0
0.091336;0.083562;0.618781;10.024654;0
0.086511;0.080258;0.628884;10.024654;0
0.082182;0.085543;0.628884;10.024654;0
0.078638;0.090016;0.639861;10.024654;0
0.075132;0.079772;0.639861;10.024654;0
0.073641;0.074244;0.651550;10.024654;0
0.644327;0.064677;0.651550;10.024654;0
0.645219;0.066908;0.663787;10.024654;0
0.647258;0.069922;0.663787;10.024654;0
0.649307;0.064510;0.676411;10.024654;0
0.651732;0.064313;0.676411;10.024654;0
0.654362;0.073632;0.676411;10.024654;0
0.656908;0.090074;0.689273;10.024654;0
0.659719;0.118943;0.689273;10.024654;0
0.660977;0.130870;0.702250;10.024654;0
0.661380;0.138525;0.702250;10.024654;0
0.660822;0.146139;0.715236;10.024654;0
0.659138;0.157137;0.715236;10.024654;0
0.654624;0.168832;0.715236;10.024654;0
0.649158;0.160989;0.728140;10.024654;0
0.642473;0.153112;0.728140;10.024654;0
0.634061;0.152153;0.740891;10.024654;0
0.624018;0.158101;0.740891;10.024654;0
0.608389;0.168766;0.753432;10.024654;0
0.594877;0.165553;0.753432;10.024654;0
0.579502;0.162098;0.753432;10.024654;0
0.562866;0.163826;0.765717;10.024654;0
0.545371;0.172853;0.765717;10.024654;0
0.519866;0.172517;0.777713;10.024654;0
0.500198;0.168808;0.777713;10.024654;0
0.479995;0.169131;0.777713;10.024654;0
0.458989;0.175764;0.789400;10.024654;0
0.438008;0.182076;0.789400;10.024654;0
0.409362;0.175148;0.800763;10.024654;0
0.388448;0.171081;0.800763;10.024654;0
0.367791;0.172104;0.800763;10.024654;0
0.348167;0.179293;0.811799;10.024654;0
0.321804;0.186706;0.811799;10.024654;0
0.302164;0.177955;0.822510;10.024654;0
0.283270;0.169622;0.822510;10.024654;0
0.265438;0.169002;0.822510;10.024654;0
0.248602;0.172924;0.832901;10.024654;0
0.227486;0.164402;0.832901;10.024654;0
0.212280;0.152253;0.842986;10.024654;0
0.197869;0.146222;0.842986;10.024654;0
0.184390;0.149998;0.842986;10.024654;0
0.171029;0.164305;0.852775;10.024654;0
0.154712;0.186871;0.852775;10.024654;0
0.142656;0.188280;0.862283;10.024654;0
0.131226;0.177926;0.862283;10.024654;0
0.120351;0.165857;0.871522;10.024654;0
0.107098;0.160224;0.871522;10.024654;0
0.097331;0.164500;0.871522;10.024654;0
0.087754;0.165281;0.880501;10.024654;0
0.078818;0.147468;0.880501;10.024654;0
0.070283;0.128159;0.889225;10.024654;0
0.059418;0.116181;0.889225;10.024654;0
0.051265;0.119587;0.897693;10.024654;0
0.043384;0.131683;0.897693;10.024654;0
0.035676;0.142636;0.897693;10.024654;0
0.028275;0.138837;0.905898;10.024654;0
0.018498;0.121618;0.905898;10.024654;0
0.011235;0.113535;0.913821;10.024654;0
0.004230;0.114279;0.913821;10.024654;0
-0.002830;0.110981;0.913821;10.024654;0
-0.009724;0.099894;0.921436;10.024654;0
-0.019165;0.093041;0.921436;10.024654;0
-0.026702;0.100403;0.928704;10.024654;0
-0.034541;0.112281;0.928704;10.024654;0
-0.042682;0.111008;0.935575;10.024654;0
-0.053022;0.107313;0.935575;10.024654;0
0.086461;0.092518;0.935575;10.024654;0
0.086153;0.087050;0.941990;10.024654;0
0.086495;0.074781;0.941990;10.024654;0
0.087554;0.059299;0.947877;10.024654;0
0.089338;0.035794;0.947877;10.024654;0
0.092718;0.010149;0.947877;10.024654;0
0.096007;0.009964;0.953162;10.024654;0
0.099752;0.025736;0.953162;10.024654;0
0.103875;0.046396;0.953162;10.024654;0
0.108394;0.053476;0.957767;10.024654;0
0.114648;0.057489;0.957767;10.024654;0
0.119353;0.065790;0.961618;10.024654;0
0.124200;0.079161;0.961618;10.024654;0
0.129100;0.083922;0.961618;10.024654;0
0.135378;0.081958;0.964643;10.024654;0
0.139894;0.086156;0.964643;10.024654;0
0.144225;0.094949;0.964643;10.024654;0
0.148121;0.107423;0.966781;10.024654;0
0.151833;0.117439;0.966781;10.024654;0
0.156259;0.107698;0.966781;10.024654;0
0.159182;0.100139;0.967978;10.024654;0
0.161778;0.094087;0.967978;10.024654;0
0.164119;0.067084;0.967978;10.024654;0
0.167094;0.022638;0.968195;10.024654;0
0.169065;-0.001488;0.968195;10.024654;0
0.170685;-0.003049;0.968195;10.024654;0
0.171963;0.019435;0.967403;10.024654;0
0.172978;0.055548;0.967403;10.024654;0
0.173879;0.084679;0.967403;10.024654;0
0.174704;0.110189;0.965591;10.024654;0
0.175067;0.128098;0.965591;10.024654;0
0.175293;0.149057;0.962762;10.024654;0
0.175390;0.169876;0.962762;10.024654;0
0.175317;0.184688;0.962762;10.024654;0
0.175122;0.173610;0.958939;10.024654;0
0.174975;0.159543;0.958939;10.024654;0
0.174927;0.151569;0.958939;10.024654;0
0.174982;0.151133;0.954158;10.024654;0
0.175213;0.152091;0.954158;10.024654;0
0.175497;0.140734;0.954158;10.024654;0
0.175929;0.130597;0.948476;10.024654;0
0.176508;0.126464;0.948476;10.024654;0
0.177233;0.130748;0.941966;10.024654;0
0.178419;0.134399;0.941966;10.024654;0
0.179518;0.120904;0.941966;10.024654;0
0.180780;0.110401;0.934717;10.024654;0
0.182193;0.108620;0.934717;10.024654;0
0.183792;0.115018;0.934717;10.024654;0
0.185805;0.129641;0.926836;10.024654;0
0.188154;0.125644;0.926836;10.024654;0
0.190286;0.118167;0.918442;10.024654;0
0.192717;0.117656;0.918442;10.024654;0
0.195363;0.124497;0.918442;10.024654;0
0.199186;0.133533;0.909667;10.024654;0
0.202339;0.124961;0.909667;10.024654;0
0.205834;0.115241;0.900652;10.024654;0
0.209639;0.112605;0.900652;10.024654;0
0.213898;0.119889;0.891546;10.024654;0
0.220164;0.135380;0.891546;10.024654;0
0.225515;0.132339;0.891546;10.024654;0
0.231534;0.125546;0.882497;10.024654;0
0.238328;0.119753;0.882497;10.024654;0
0.248907;0.123060;0.873651;10.024654;0
0.258383;0.129110;0.873651;10.024654;0
0.269591;0.122026;0.865144;10.024654;0
0.282561;0.109412;0.865144;10.024654;0
0.298932;0.101417;0.865144;10.024654;0
0.318924;0.103482;0.857099;10.024654;0
0.355394;0.106793;0.857099;10.024654;0
-0.659468;-0.020170;0.849613;10.024654;0
-0.682480;-0.035634;0.849613;10.024654;0
-0.705957;-0.044457;0.849613;10.024654;0
-0.731654;-0.041091;0.842758;10.024654;0
-0.767673;-0.033699;0.842758;10.024654;0
-0.795995;-0.027699;0.836575;10.024654;0
-0.823955;-0.014803;0.836575;10.024654;0
-0.851544;0.005934;0.836575;10.024654;0
-0.877876;0.026467;0.831076;10.024654;0
-0.903099;0.037461;0.831076;10.024654;0
-0.935331;0.050623;0.826248;10.024654;0
-0.957334;0.061536;0.826248;10.024654;0
-0.977636;0.074911;0.826248;10.024654;0
-0.995906;0.087305;0.822053;10.024654;0
-1.000000;0.090255;0.822053;10.024654;0
-1.000000;0.093296;0.822053;10.024654;0
-1.000000;0.100618;0.818430;10.024654;0
-1.000000;0.111056;0.818430;10.024654;0
-1.000000;0.114761;0.818430;10.024654;0
-1.000000;0.113879;0.815302;10.024654;0
-1.000000;0.116542;0.815302;10.024654;0
-1.000000;0.123044;0.815302;10.024654;0
-1.000000;0.133981;0.815302;10.024654;0
-1.000000;0.143500;0.815302;10.024654;0
-1.000000;0.139361;0.812579;10.024654;0
-1.000000;0.134333;0.812579;10.024654;0
-0.993430;0.133468;0.812579;10.024654;0
-0.976379;0.139101;0.810160;10.024654;0
-0.957594;0.147861;0.810160;10.024654;0
-0.937013;0.149263;0.810160;10.024654;0
-0.908219;0.149501;0.810160;10.024654;0
-0.884711;0.154164;0.807938;10.024654;0
-0.860111;0.164359;0.807938;10.024654;0
-0.834745;0.168133;0.807938;10.024654;0
-0.800404;0.165857;0.805802;10.024654;0
-0.772000;0.168662;0.805802;10.024654;0
-0.744594;0.177044;0.805802;10.024654;0
-0.716709;0.185841;0.803644;10.024654;0
-0.688883;0.182541;0.803644;10.024654;0
-0.660030;0.175720;0.803644;10.024654;0
-0.622412;0.170843;0.801357;10.024654;0
-0.594200;0.174103;0.801357;10.024654;0
-0.566761;0.177449;0.801357;10.024654;0
-0.539692;0.169345;0.801357;10.024654;0
-0.505005;0.158534;0.798843;10.024654;0
-0.479223;0.156613;0.798843;10.024654;0
-0.454245;0.159985;0.798843;10.024654;0
-0.430474;0.165773;0.796008;10.024654;0
-0.407040;0.163690;0.796008;10.024654;0
-0.384933;0.154494;0.796008;10.024654;0
-0.356553;0.144122;0.792772;10.024654;0
-0.336823;0.141369;0.792772;10.024654;0
-0.318368;0.137980;0.792772;10.024654;0
-0.300581;0.123631;0.789062;10.024654;0
-0.281292;0.108015;0.789062;10.024654;0
-0.263351;0.104004;0.789062;10.024654;0
-0.248849;0.109849;0.784823;10.024654;0
-0.235134;0.120245;0.784823;10.024654;0
-0.222356;0.123037;0.784823;10.024654;0
-0.206293;0.114711;0.780008;10.024654;0
-0.195167;0.110032;0.780008;10.024654;0
-0.184285;0.109729;0.780008;10.024654;0
-0.173973;0.111253;0.774588;10.024654;0
-0.161599;0.100826;0.774588;10.024654;0
-0.152415;0.095322;0.768549;10.024654;0
-0.143869;0.098673;0.768549;10.024654;0
-0.135854;0.108976;0.761891;10.024654;0
-0.128177;0.111393;0.761891;10.024654;0
-0.120764;0.105875;0.761891;10.024654;0
-0.111680;0.103070;0.754634;10.024654;0
-0.105428;0.106971;0.754634;10.024654;0
-0.099772;0.112647;0.754634;10.024654;0
-0.094554;0.110475;0.746813;10.024654;0
-0.089004;0.098072;0.746813;10.024654;0
-0.086010;0.090638;0.746813;10.024654;0
-0.084764;0.089188;0.738487;10.024654;0
-0.197805;0.082936;0.738487;10.024654;0
-0.193247;0.075793;0.738487;10.024654;0
-0.188438;0.058641;0.729730;10.024654;0
-0.185919;0.056545;0.729730;10.024654;0
-0.184348;0.067262;0.720634;10.024654;0
-0.183486;0.086374;0.720634;10.024654;0
-0.183058;0.105111;0.720634;10.024654;0
-0.183151;0.110080;0.711300;10.024654;0
-0.183509;0.114298;0.711300;10.024654;0
-0.183955;0.123151;0.711300;10.024654;0
-0.184274;0.136747;0.701835;10.024654;0
-0.184091;0.150740;0.701835;10.024654;0
-0.183327;0.145658;0.692359;10.024654;0
-0.181902;0.139844;0.692359;10.024654;0
-0.179776;0.138418;0.692359;10.024654;0
-0.176753;0.142807;0.682996;10.024654;0
-0.171426;0.141759;0.682996;10.024654;0
-0.166268;0.134755;0.673883;10.024654;0
-0.160245;0.130920;0.673883;10.024654;0
-0.153343;0.132794;0.665158;10.024654;0
-0.142827;0.131014;0.665158;10.024654;0
-0.133864;0.126550;0.656970;10.024654;0
-0.124607;0.127967;0.656970;10.024654;0
-0.114421;0.138806;0.649469;10.024654;0
-0.103660;0.153606;0.649469;10.024654;0
-0.088592;0.155461;0.642807;10.024654;0
-0.077142;0.155002;0.642807;10.024654;0
-0.065272;0.157957;0.637133;10.024654;0
-0.052585;0.160710;0.637133;10.024654;0
-0.040712;0.147884;0.632590;10.024654;0
-0.028909;0.132026;0.632590;10.024654;0
-0.013663;0.119999;0.629307;10.024654;0
-0.002077;0.123117;0.629307;10.024654;0
0.009639;0.129338;0.627399;10.024654;0
0.021266;0.123230;0.626958;10.024654;0
0.035889;0.110818;0.626958;10.024654;0
0.047140;0.110003;0.628045;10.024654;0
0.057886;0.115893;0.630691;10.024654;0
0.068954;0.127888;0.630691;10.024654;0
0.079858;0.134174;0.634891;10.024654;0
0.090980;0.122611;0.640598;10.024654;0
0.105603;0.101752;0.640598;10.024654;0
0.116969;0.093654;0.647728;10.024654;0
0.128294;0.089775;0.647728;10.024654;0
0.144047;0.042479;0.656157;10.024654;0
0.158811;-0.007438;0.665720;10.024654;0
0.173528;-0.033128;0.665720;10.024654;0
0.189742;-0.032283;0.676221;10.024654;0
0.207307;-0.011919;0.676221;10.024654;0
0.226914;0.008051;0.687426;10.024654;0
0.258762;0.041425;0.699076;10.024654;0
-0.823385;0.039071;0.699076;10.024654;0
-0.839916;0.056304;0.710886;10.024654;0
-0.857746;0.066240;0.710886;10.024654;0
-0.875818;0.060777;0.722568;10.024654;0
-0.901601;0.055841;0.722568;10.024654;0
-0.921053;0.062790;0.733852;10.024654;0
-0.941442;0.077999;0.733852;10.024654;0
-0.961172;0.096281;0.744488;10.024654;0
-0.985714;0.104864;0.744488;10.024654;0
-1.000000;0.106156;0.744488;10.024654;0
-1.000000;0.109313;0.754251;10.024654;0
-1.000000;0.115561;0.754251;10.024654;0
-1.000000;0.121351;0.762938;10.024654;0
-1.000000;0.117404;0.762938;10.024654;0
-1.000000;0.112943;0.762938;10.024654;0
-1.000000;0.116166;0.770373;10.024654;0
-1.000000;0.125160;0.770373;10.024654;0
-1.000000;0.136073;0.770373;10.024654;0
-1.000000;0.137516;0.776406;10.024654;0
-1.000000;0.135733;0.776406;10.024654;0
-1.000000;0.139792;0.776406;10.024654;0
-1.000000;0.150459;0.776406;10.024654;0
-1.000000;0.159367;0.780913;10.024654;0
-1.000000;0.159228;0.780913;10.024654;0
-0.981834;0.159991;0.780913;10.024654;0
-0.958900;0.165489;0.783795;10.024654;0
-0.934447;0.170964;0.783795;10.024654;0
-0.908156;0.168082;0.783795;10.024654;0
-0.869613;0.159901;0.783795;10.024654;0
-0.840501;0.160034;0.784978;10.024654;0
-0.810471;0.166423;0.784978;10.024654;0
-0.778410;0.176055;0.784978;10.024654;0
-0.736144;0.174257;0.784413;10.024654;0
-0.702728;0.169259;0.784413;10.024654;0
-0.669840;0.166668;0.784413;10.024654;0
-0.637021;0.170959;0.782077;10.024654;0
-0.604283;0.180678;0.782077;10.024654;0
-0.569328;0.187863;0.782077;10.024654;0
-0.528509;0.175770;0.777971;10.024654;0
-0.497198;0.164754;0.777971;10.024654;0
-0.466272;0.158332;0.777971;10.024654;0
-0.437889;0.153391;0.772121;10.024654;0
-0.400234;0.133675;0.772121;10.024654;0
