447.172545;461.533769;459.109172;458.862070
445.959204;461.728410;458.387700;459.030325
468.295806;462.290440;432.784991;458.931204
452.272965;462.211248;449.731495;458.846366
445.639704;462.243922;457.083551;459.290144
445.753096;462.080476;458.234957;459.033544
445.536383;461.999836;459.805220;458.993769
471.400029;462.376201;430.819699;458.296266
454.807053;461.848688;448.975742;458.388318
449.528127;461.550946;455.480887;458.471402
449.166601;461.112594;457.141948;458.027845
471.129233;460.999904;432.741495;457.055263
450.987580;460.462818;454.856429;457.314600
449.640931;460.206718;457.148306;457.026910
447.331078;459.885562;460.616653;456.862512
446.850684;459.610894;462.483486;456.664405
450.700922;459.381882;460.106391;456.231499
460.270004;458.855476;448.752227;455.197658
453.435090;458.426888;456.960027;455.342182
449.567330;458.053882;462.052904;455.201322
452.976692;457.846098;459.786342;454.823322
454.864807;457.559570;458.823979;454.542580
463.154734;457.261187;448.584012;453.543217
451.384228;456.589706;462.003034;453.776766
453.001497;456.428323;461.343859;453.483546
452.917419;456.148169;462.782869;453.303108
454.383165;455.908458;462.680072;453.011079
462.739691;456.215052;452.489621;452.385902
455.873980;455.428319;461.025549;452.476246
454.209240;455.027043;463.904233;452.204455
453.036659;454.328181;466.770956;451.985602
478.155572;456.479227;439.535775;450.115890
459.259236;454.214469;460.858869;451.084981
455.593165;453.254781;465.837787;451.234229
455.193144;452.452904;468.220640;450.762761
457.721938;452.010303;467.669258;450.120458
470.099018;454.458781;451.614589;449.312736
458.017292;450.747835;468.088177;449.346130
460.486235;450.952837;467.295611;448.425032
462.348422;451.035464;467.370177;447.283799
482.925897;456.308484;442.598049;444.394687
473.320844;454.814164;452.201541;446.119883
458.826962;451.550472;470.536429;446.459950
459.664696;451.495459;469.903003;447.001229
459.897260;451.525410;470.332636;447.400974
462.156425;452.044214;467.900161;447.991939
474.255415;455.972557;449.549934;448.934456
460.543896;454.243566;463.750940;451.077127
456.527732;453.919306;467.368485;452.348479
455.857934;453.304133;467.706917;453.987980
457.483107;453.764493;465.702268;454.581984
472.682371;458.981816;444.476447;454.154224
457.819204;456.258828;461.448399;455.330360
455.652317;456.195642;464.489885;454.877687
455.599106;456.096159;466.333518;453.925044
457.092595;455.985873;466.389915;453.160046
458.434653;455.815743;465.776468;452.848054
458.365500;457.406589;461.670870;453.412686
457.374933;456.550143;463.998772;453.324220
457.226462;455.686055;465.866371;453.014231
457.999941;455.018505;466.900808;452.547286
472.160568;460.080567;447.046803;452.024146
459.161230;455.593877;463.986169;453.060358
457.596520;454.443870;467.335556;452.821817
458.022500;453.632360;468.904078;452.276297
460.268136;453.500851;467.991779;451.651982
469.504313;457.992128;451.781481;451.792244
458.549250;454.193486;466.203974;452.460060
459.257455;454.030924;466.457980;452.188053
459.477294;453.704569;467.661670;451.800136
460.236649;453.587178;468.023196;451.525018
474.421753;459.030831;446.317419;451.184808
460.910908;455.928730;462.087525;452.803711
458.757641;455.541040;464.696305;453.084507
457.425534;455.131615;466.728018;453.269476
458.338994;455.391029;466.036022;453.268729
473.792935;461.195812;441.762622;452.875787
456.099092;457.703169;461.453106;455.198288
454.649671;457.265223;463.467449;455.616415
453.922715;457.247984;464.808969;455.538662
453.506271;456.991029;466.255002;455.530792
456.386668;459.396306;458.189259;456.292508
454.541255;458.968027;460.857933;456.505897
452.947557;458.621851;463.277219;456.708330
452.895527;458.129925;464.875720;456.494389
456.257198;458.707775;461.908322;456.099336
464.814901;461.572910;447.924169;456.074473
454.549752;459.376485;460.356252;457.086052
453.587659;458.997187;462.317923;456.956207
454.080496;458.797806;462.770953;456.728641
464.223513;461.657256;447.363706;456.554875
454.648405;460.064002;458.641950;457.172804
453.009057;459.657210;460.851517;457.308069
451.707015;459.173723;463.328372;457.252644
453.538112;459.216359;462.425598;456.851343
460.641597;461.203270;449.827302;456.852398
452.815600;459.817364;459.493925;457.328438
452.748470;459.657986;460.571365;457.129896
452.740033;459.567137;461.339177;457.057433
452.561519;459.243161;462.895096;456.859077
455.022479;460.589711;456.545537;457.238577
452.944207;459.967275;459.679827;457.393681
450.520665;459.439203;463.337134;457.370149
452.990447;459.620731;461.538705;457.027049
454.806602;459.667460;460.355263;456.822071
470.457077;462.219111;439.341840;456.331799
452.974167;460.064870;459.747731;457.205536
452.353954;459.668252;460.990437;457.109008
451.067530;459.346506;463.413813;457.072920
466.297277;461.474154;444.560330;456.551685
461.910009;461.776006;446.436587;457.396060
448.010589;460.187297;462.618032;458.042389
445.429731;459.604550;466.246525;457.617665
446.514179;459.446229;466.522927;457.444280
446.788358;459.741806;465.177609;457.679454
450.987718;459.790648;462.150848;457.389235
451.942683;459.747745;462.565239;457.171003
452.858809;459.575650;463.294166;456.963718
477.825042;461.551985;433.940772;455.585241
458.117033;459.901035;455.816311;456.587311
457.106123;459.666871;457.363955;456.712743
454.034999;459.425132;461.137934;456.753832
454.724664;459.404772;461.128083;456.612104
460.756777;459.995406;451.485005;456.234939
453.220450;459.686005;459.993456;456.800680
452.045177;459.617662;461.565170;456.879902
451.053215;459.610118;463.359872;456.878697
472.541447;460.917893;438.476312;455.953755
454.973795;460.109392;457.269833;456.797994
453.230713;460.219011;459.552159;456.915072
452.094921;460.290973;461.123293;456.943587
452.291941;460.526434;461.134597;456.970553
473.488146;461.345472;436.397729;456.426182
455.350454;461.067011;455.491511;457.085915
451.851777;461.194952;458.928926;457.435511
449.954378;461.466829;460.523591;457.740582
450.851875;461.611229;459.645756;458.046509
466.886848;461.699500;440.393386;458.234619
448.137551;462.413463;459.017904;458.768079
449.402681;462.789029;456.930880;459.192519
450.065062;463.363949;455.266748;459.688418
448.652406;462.882370;456.137779;461.302881
445.851580;463.036639;458.377809;462.016749
449.076240;462.242465;453.684651;461.222164
447.435217;462.753186;455.950652;461.007340
445.995705;463.213045;458.191858;460.692725
459.036803;462.335195;444.588344;459.193867
448.481526;462.708573;456.483282;458.843490
445.876458;462.850092;460.498970;458.704064
450.774440;462.497399;456.905848;458.362062
473.980062;460.565676;432.377037;456.989443
455.214555;460.549193;453.273581;456.881155
452.867999;460.311944;456.820393;456.702848
449.666670;460.117587;461.320189;456.614332
450.621079;459.897253;461.461336;456.465780
475.500119;457.927985;435.109328;455.015082
460.616796;458.109413;451.070811;454.940164
450.366914;458.529546;462.826331;455.127711
450.358116;458.618590;463.511622;455.123021
452.516244;458.658210;462.050268;455.159817
452.509141;458.903110;462.868399;455.341323
471.373856;457.461177;441.442578;454.081247
455.528901;458.025896;458.366277;454.446906
453.012091;458.319562;461.209997;454.684551
451.398678;458.630685;463.042108;454.918624
452.484312;458.863839;462.239465;455.135336
455.360304;458.023635;457.386563;454.266378
451.122567;458.565222;461.928743;454.677500
445.423180;459.154779;467.869697;455.243701
450.544370;459.416082;463.038600;455.517825
477.794414;458.024552;432.632545;454.304583
461.847688;458.441169;449.383508;454.628797
452.495440;459.167492;459.430992;455.269278
450.146136;459.570106;462.019130;455.583684
449.546226;459.918851;463.062810;455.908972
479.040862;458.342385;430.156500;454.545796
455.299553;459.045092;455.415358;455.017052
451.348914;459.432548;459.810393;455.372635
447.350876;459.785750;464.105833;455.698511
447.760744;460.165796;464.274097;455.979131
476.631609;458.718330;432.399702;454.739442
453.445985;459.323703;456.996719;455.175040
446.998481;459.870988;464.064270;455.571182
449.881711;459.974481;461.562273;455.720961
450.899327;460.202073;461.157012;455.923775
471.630663;458.706401;437.070166;454.575223
453.415768;459.370546;456.851511;455.163590
449.608665;459.679159;461.249308;455.439663
450.016720;459.919222;461.423802;455.595386
450.511188;460.180376;461.644773;455.855953
450.902080;460.340903;461.359025;455.994401
455.889641;459.266326;454.599262;454.952685
451.816056;459.611733;459.346180;455.264830
447.996905;459.934699;463.637683;455.584624
475.013879;458.987203;435.117991;454.823491
465.005079;459.204321;445.218470;454.936519
446.626810;459.859345;464.236175;455.414764
449.104814;460.110504;462.377103;455.646751
449.980127;460.423958;462.219705;456.006346
468.976693;459.737653;441.901484;455.549224
453.658445;460.052732;457.875438;455.893846
451.985122;460.191887;460.100876;456.209180
450.184211;460.349968;462.516596;456.512876
452.587361;460.376605;460.819914;456.711772
467.009931;459.391175;444.255057;455.720208
453.947639;459.297085;458.189426;455.861776
453.514727;459.137790;459.450190;455.868057
457.501923;458.711228;456.217448;455.753072
454.067070;462.579362;460.039344;451.820134
453.937589;464.267350;459.548058;451.385663
460.153344;462.247472;451.491779;453.467233
444.348518;464.918962;463.893246;455.350427
440.506397;465.882164;464.609391;458.400996
444.307834;466.330011;458.289887;462.007636
450.345969;464.907153;449.585935;464.237201
446.003796;466.883673;450.945034;466.123385
442.161471;469.129957;451.964052;467.679175
441.869894;471.023875;449.665903;469.076495
441.671701;473.007861;447.552518;470.146305
442.295486;472.037001;445.751966;469.882869
437.506463;474.176866;449.232362;469.663566
437.093607;475.392558;448.248214;470.458221
464.462469;468.246661;423.443885;472.122691
440.789218;473.653278;445.377197;470.226411
438.584119;474.710297;448.037333;469.597311
437.177098;475.490740;449.249308;469.983493
437.044393;476.157812;449.414585;470.474377
443.631732;471.525971;447.122108;468.769871
440.869816;472.534829;450.932313;467.717114
439.930401;472.974607;452.472552;467.655232
442.840694;472.407856;451.110967;467.660932
461.552604;464.734204;438.126435;466.491137
448.808410;467.594997;451.473029;464.422809
446.804121;468.231364;454.682622;463.605829
448.548044;467.293576;454.981151;462.925595
449.042967;466.849938;456.224862;462.326379
448.612030;466.572517;458.065515;461.840605
455.168047;460.264397;457.204405;457.456186
452.285701;460.775264;461.550246;456.423150
445.598403;462.873132;467.585863;456.364127
450.797973;461.749281;463.874753;456.497262
480.398554;452.672806;439.147001;454.863190
459.136555;456.106889;460.520707;453.280528
457.343949;457.009625;462.672378;452.913057
455.020497;457.596223;465.357576;452.881627
454.264388;458.071321;466.361032;453.210802
476.161067;451.199455;446.497259;451.078226
458.964329;454.382680;463.417473;450.618721
455.821413;455.230101;466.719737;450.837100
455.755586;455.362243;467.152614;450.967851
457.213109;455.763464;465.538556;451.594190
486.845302;450.457188;436.809033;449.476683
459.563085;453.064534;464.520015;449.350117
456.969865;453.509222;467.388310;449.569047
456.100495;453.619532;468.440063;449.678482
458.279279;453.771360;466.249467;450.018225
460.193083;453.374931;465.128305;450.012288
457.923732;451.815406;467.772519;448.601870
458.861948;451.539487;467.587187;448.494929
458.396986;451.089883;469.268905;448.433330
460.347534;450.488797;468.892928;448.137062
481.501487;451.541720;444.505161;445.503622
464.721638;449.109595;465.932264;445.883924
462.218354;448.731198;470.687411;444.817451
459.919236;447.934093;475.775309;443.946763
463.100974;447.887992;474.669975;443.176943
473.007133;449.429626;462.914397;441.163981
467.680357;447.372098;470.966257;442.032425
466.365265;444.781792;475.524804;442.718160
470.576410;444.196102;473.021523;442.989401
478.021248;442.716799;467.561702;443.384871
479.783060;454.435614;458.890104;434.157671
465.015490;458.174153;474.754975;428.323471
459.925308;456.409790;474.960828;435.789520
455.586228;458.231884;474.865048;439.761377
473.568159;457.320947;448.165463;450.759057
451.274571;459.241261;461.254508;458.788097
460.842400;459.258302;445.302027;465.525427
437.605976;463.734945;459.614252;469.793633
435.194614;468.613080;455.021512;472.113465
431.660936;473.575450;450.903038;475.608004
452.427701;472.539534;427.885737;479.180644
431.707022;481.409998;438.152154;479.924796
430.014573;485.149435;434.794772;481.665509
424.744042;489.379803;435.034987;483.153984
428.030163;490.723651;428.941141;485.004100
437.633440;486.796858;418.851946;485.815163
427.446956;489.084003;430.005491;484.090398
425.300699;489.748910;431.746403;484.451827
424.206808;490.236022;433.213203;484.702469
424.668798;489.707981;434.280908;484.551404
429.746311;484.084497;434.938464;482.153324
430.561494;483.778585;438.523635;479.720089
429.639070;483.979258;441.943120;478.533581
430.500615;484.110863;443.410998;477.999277
432.928285;482.796342;444.520721;477.096608
445.453870;472.819665;442.723867;472.468994
442.084801;473.965064;450.289412;469.088743
440.152699;474.535591;454.610550;467.855633
445.085318;472.227177;453.832112;466.917587
475.400869;457.743436;434.870091;464.421619
462.604045;460.088401;449.642000;460.957102
450.803475;464.038285;463.323911;458.425682
452.078035;463.363997;464.157774;457.688274
453.159813;462.766787;465.190378;457.068079
478.792668;450.875273;447.054330;454.624431
462.839304;455.119772;463.160186;452.464712
458.877391;456.462339;468.377836;451.161648
457.065957;457.547071;469.766175;451.719254
459.621545;456.887058;467.779155;451.821390
491.666997;445.294042;440.922517;449.463804
465.663233;451.177388;466.023648;448.084157
460.578084;452.931593;470.395611;447.739755
453.640106;455.907182;474.019038;449.351509
457.347927;455.756480;469.648058;450.184743
485.953021;447.524414;443.141464;449.144205
461.561011;452.555930;465.371337;448.782248
455.018511;455.570900;468.994742;450.236954
454.837288;456.721491;467.355037;451.449804
455.586176;457.575834;465.194530;452.504193
476.249355;451.587341;445.037195;451.192962
455.995344;456.266458;462.440240;451.849068
453.757276;457.616323;463.255623;452.676671
452.476995;458.802487;463.199759;453.592956
451.662847;459.962613;462.787973;454.598147
466.946083;455.648709;448.202687;453.407338
453.991769;458.555026;459.797262;453.862780
449.527349;460.210555;462.727278;454.545106
451.202906;460.989855;460.257183;455.363132
451.892385;462.226074;458.414739;456.097719
455.330773;461.029311;455.215234;455.036323
458.176878;462.723018;451.013456;455.274923
446.541903;463.131997;460.286001;458.243206
445.534281;463.409515;459.844279;460.188387
461.542495;459.489087;446.009393;460.902649
450.291165;461.868897;456.183845;460.171740
446.400545;463.431178;458.956192;460.707643
446.034468;464.662407;459.036413;460.800518
445.848423;465.840244;459.121035;460.877304
450.630787;465.824266;455.215269;460.921414
456.448550;462.628906;451.611052;458.466592
451.864138;463.387923;456.360801;458.070031
445.082112;464.431773;462.949115;457.984064
447.231321;464.270225;461.288272;458.564900
467.063464;459.129583;443.766698;457.383919
452.348639;460.974647;458.690297;456.742656
448.121110;461.623715;463.365341;456.635438
446.758157;462.381048;464.759776;457.235865
453.084701;461.783215;459.472428;457.402305
462.307264;457.922679;451.539386;455.170053
451.187202;459.763482;463.143923;455.159739
450.231057;460.123927;464.338129;455.272456
451.129212;460.647587;463.516099;455.951458
484.087802;454.816418;431.129155;454.482988
460.185355;457.280335;456.038659;453.860891
456.720558;457.863866;459.707775;453.826435
452.488073;458.772148;463.558253;454.182717
451.696556;459.270905;464.271142;454.557755
450.196487;460.090052;465.640707;455.169168
457.463742;457.643609;458.927929;453.741782
452.031212;458.884017;463.836414;454.183910
449.278374;459.663803;466.172415;454.721184
448.463043;460.758258;466.413159;455.771305
471.617178;457.396218;442.954414;454.838938
456.403963;459.198597;457.930452;455.118721
450.958375;460.257443;462.898894;455.534060
449.202225;461.118064;464.181083;456.172021
480.508838;457.075652;431.683816;455.440005
455.438843;459.365421;457.095169;455.221257
451.254842;460.339167;460.790097;455.554629
446.006016;461.416978;465.317354;456.211571
450.887322;461.568529;460.345007;456.782708
452.277438;461.940210;458.740164;457.133814
454.677370;460.189564;455.840909;455.947392
447.003629;461.805410;462.609778;456.523668
447.929504;462.318289;461.142573;457.157393
451.312662;462.474512;457.492604;457.649750
459.674229;459.983652;449.034942;456.365446
443.736780;463.240232;463.200755;457.232530
444.537594;464.083574;461.355531;458.004318
446.266736;464.355264;458.920906;459.260829
469.916735;459.566243;435.372685;459.419936
453.199103;461.185202;451.309854;460.058588
450.069294;461.456026;454.407399;460.446008
447.938600;461.399474;456.881280;460.556522
451.491380;460.906633;454.620757;459.842046
478.991379;456.808545;428.232357;457.527321
458.024992;456.593167;452.046916;457.092777
457.867022;455.175242;454.884792;456.131216
452.850283;462.196353;462.829586;446.964532
451.078394;464.070871;465.335740;444.848843
476.927983;460.201705;440.209866;447.950641
456.164156;461.961433;459.622379;449.130012
449.905540;461.934055;463.519419;452.652618
447.359424;462.212662;463.261333;456.590363
449.117484;462.771430;458.879641;460.316415
463.699154;458.735853;445.385243;463.267054
444.730783;464.213635;456.767241;465.404865
441.834547;467.410239;455.756417;467.116478
443.405859;470.043247;451.490667;468.292633
441.849325;472.932461;449.491137;469.778973
463.159366;466.901607;431.710548;471.213711
441.533865;474.846546;446.094575;470.802153
440.630639;476.165950;444.950793;471.717381
439.108996;477.260490;445.347338;472.327668
437.140698;478.856839;445.143656;473.454629
450.337388;472.459775;437.518412;473.020152
439.011293;476.904533;444.556092;473.173907
435.791463;478.459723;446.613309;473.506341
437.079391;478.349314;446.216872;473.519098
438.169716;478.409686;445.279511;473.915981
462.510749;468.536888;428.387782;475.065914
445.338549;473.373057;444.305026;471.999772
444.220569;473.796281;446.893896;470.548824
440.718009;475.128365;449.685003;470.376990
440.916866;475.202602;450.399678;470.127505
456.747005;466.447374;443.593967;468.029458
448.110894;469.237860;451.748410;466.099425
445.948165;469.635819;455.206807;464.918973
445.978179;469.738231;456.037096;464.545066
449.664054;468.272665;454.437396;464.297963
474.269904;457.247952;439.000681;462.802707
457.678626;460.904289;455.857786;459.601515
454.202834;461.882003;460.154175;458.041972
452.142473;462.567749;462.347857;457.641717
453.339919;462.102411;462.263619;457.366523
479.031985;451.954302;444.449207;455.944883
460.878718;455.846353;462.036887;453.563162
459.385036;456.686397;463.539746;452.968798
458.080660;456.792285;465.387758;452.642436
457.140623;457.341090;466.153037;452.861183
479.824894;449.429127;449.002463;451.362843
465.625029;452.457828;461.474040;450.417677
458.887405;454.579431;466.972195;450.525455
457.281567;455.379999;467.913767;450.989335
456.614630;456.140257;467.863861;451.789667
477.130845;450.588873;450.235228;450.821566
463.570798;452.955001;463.011495;450.216249
460.631660;454.013407;464.852372;450.633866
457.082197;455.038418;467.632103;451.045495
459.432682;455.027360;465.093881;451.374634
480.913273;450.434825;445.024401;450.063166
460.452358;453.053835;464.462361;449.851969
457.708139;453.802553;466.714949;450.123442
466.942555;451.864680;458.362790;449.150921
452.166082;454.176613;471.272757;449.982345
470.037602;452.242817;454.819079;449.624221
452.068354;453.898627;470.856994;450.037462
451.004081;454.966624;470.685047;451.207362
452.758798;455.540070;469.003858;451.951832
453.110751;456.188378;468.812541;452.809715
456.179198;456.340707;465.959539;453.416315
462.167036;454.858101;459.543024;452.240311
459.518605;455.447334;462.317426;452.540563
460.882218;455.214757;461.469519;452.417093
460.837243;455.100712;462.068034;452.166880
476.476185;454.582503;444.441963;450.449508
460.762286;454.254926;461.869913;450.815840
457.958301;453.680080;465.947681;450.488936
456.204214;453.612490;468.317204;450.569503
455.894846;453.541181;469.894911;450.201429
457.503325;453.532232;468.905953;449.795359
461.099755;453.825667;463.082956;448.846445
458.857051;453.871805;465.910812;449.027666
458.343791;453.938288;466.599847;449.384090
458.124230;454.172514;466.841139;449.841809
479.753785;455.494506;441.415436;449.410102
466.156312;455.328599;454.577671;450.667768
456.173886;455.609936;464.206618;451.846682
457.649633;456.290924;461.185338;452.886973
461.475539;456.955967;455.704699;453.692042
454.647326;459.429237;460.791833;453.198420
451.306078;461.178739;459.907673;454.665320
447.676592;462.168042;460.545845;456.838473
443.016860;463.715059;462.125410;458.983985
444.577455;465.012036;457.736404;461.443707
446.244315;466.298452;453.148716;463.843667
450.656515;466.315288;445.368662;465.356501
444.742007;468.309010;448.350169;466.663980
443.685818;469.564862;447.275075;467.806577
441.842292;470.994994;447.211331;468.711904
439.616993;472.484638;447.860301;469.405375
459.658265;468.243779;428.738915;469.484924
442.473341;471.405021;444.612564;468.795177
439.541886;472.210452;447.318905;468.601334
438.359365;472.680244;448.652722;468.556460
439.711509;472.627682;448.014518;468.581556
448.552763;468.428809;442.121845;467.172193
439.458979;470.375723;450.760651;466.539505
440.550126;470.119001;451.507037;465.883444
442.899379;469.517488;450.964458;465.611601
444.365298;469.197971;451.118579;465.190448
445.395881;466.157924;454.085688;462.613235
447.195951;465.628739;453.971437;461.942785
446.475098;465.523004;456.225731;461.372745
448.335894;464.872123;456.181126;460.928938
451.451926;463.884172;455.026455;460.492517
461.097834;459.069765;449.711769;458.184563
449.890489;461.364305;461.065032;457.125577
448.881723;461.373049;462.703447;456.890747
451.657877;460.844050;461.186602;456.766721
452.529595;460.715382;461.156104;456.691750
468.568588;455.824357;447.650341;455.281741
458.010717;457.419262;458.509192;454.606321
454.899701;457.982513;462.120426;454.170998
451.171198;458.931104;465.665224;454.360732
452.725564;459.323151;463.892005;455.100434
477.119069;453.843261;441.296786;454.043874
456.423301;456.524811;461.544146;453.306717
451.804778;457.969662;465.501724;453.903844
454.363318;458.012053;463.052912;454.106127
455.995993;458.434012;461.216894;454.707377
468.174153;455.298864;449.831166;453.603923
452.788885;457.697527;464.450298;453.560502
452.403029;458.306335;464.529195;454.155774
452.931595;458.721443;464.008341;454.725361
455.604481;459.002983;461.202180;455.411785
459.706416;457.132275;457.811753;454.466610
455.956429;457.632979;461.518835;454.645645
452.055467;458.308189;465.135529;454.945022
454.169609;458.487344;463.073699;455.246735
454.215392;458.538615;463.212095;455.405785
456.599880;456.933111;461.393161;454.007272
455.949018;456.915247;462.428290;453.881720
454.419333;456.848056;464.516573;453.814533
456.936909;456.761707;462.575660;453.706916
457.971020;460.217189;461.837728;450.218968
456.960174;461.407445;461.421151;448.694915
451.410590;462.617612;464.382544;450.574695
451.459249;462.188222;461.273064;454.684838
449.795124;463.022909;459.629423;457.951171
446.152542;464.985712;459.273953;461.157016
454.102498;462.974758;448.247677;464.097279
448.179343;465.323709;450.432088;466.073059
443.210858;468.241331;452.250175;467.091883
440.216892;470.898784;451.686271;468.785636
467.411761;464.656462;424.187402;470.739152
452.627615;467.745506;438.750059;468.624828
436.640933;473.542862;450.984453;468.773633
438.430084;473.957184;448.157247;469.576867
437.389742;474.938260;448.619362;470.006873
438.309318;475.547562;447.521135;470.507590
449.662157;469.870320;440.423023;468.591970
442.667302;471.816425;447.965324;467.763474
440.335360;472.407986;450.911085;467.518907
440.587147;472.592097;451.662652;467.574460
452.477797;466.326013;444.981374;465.287025
446.826866;467.567695;452.113689;463.958449
447.045610;467.096840;454.225822;462.903882
447.427299;466.808129;455.603227;462.371760
445.554652;467.095163;458.779032;462.048434
453.758067;461.199550;455.730423;458.568706
451.672693;461.810034;459.430701;457.592238
451.937169;461.637766;460.638229;457.056660
450.646071;462.000522;462.933940;456.916712
482.776030;452.258097;435.720880;455.058495
459.645342;456.312541;459.273985;453.464007
456.014902;457.322169;463.459537;453.002795
453.871790;458.304174;465.206375;453.494689
455.335977;458.330062;464.195108;453.779547
465.987862;453.113081;455.413425;451.407559
458.231704;454.930251;462.508106;451.218245
453.544175;456.242818;467.387226;451.443371
452.241668;457.634846;467.630404;452.554127
455.741944;457.950295;464.044038;453.395188
456.184323;458.410834;463.237820;454.029957
472.854941;453.635653;446.550903;452.219929
461.234032;455.578710;458.119856;452.256357
456.015696;456.618159;463.015208;452.400326
452.138517;458.097283;465.778871;453.317375
454.706319;458.241231;463.054746;453.738313
484.396845;453.282200;433.039808;452.374967
465.892527;455.235983;451.637873;452.199586
451.740300;457.589292;465.404207;452.897443
451.439465;457.999485;465.398372;453.272015
450.934936;458.576164;465.898742;453.885227
452.678337;458.937123;464.350176;454.415972
456.584024;458.935535;460.754687;454.747914
470.910800;456.104381;444.847906;453.162433
455.985032;457.336778;460.392967;453.453325
452.591892;457.848727;464.118219;453.696672
451.762695;458.109629;465.454599;453.954772
473.622529;456.342698;443.116606;452.727962
456.276587;457.276005;461.474309;452.885852
453.118314;457.572375;465.253278;453.094577
451.545346;457.771550;467.714227;453.316403
455.358613;457.748371;464.906008;453.481648
463.650239;456.597669;455.625654;452.394312
458.880633;456.230827;461.581206;452.745517
462.555869;455.596667;458.493549;452.610260
469.719125;454.506724;451.334173;452.409414
460.333481;456.534503;461.989972;449.673478
457.462642;457.258744;465.442411;448.860104
468.981753;457.605633;451.282759;448.652924
446.987522;457.090387;473.057755;450.218385
447.380995;457.092110;472.311799;451.351250
450.447433;457.185581;469.101352;452.908415
478.394273;456.994174;438.724203;453.945134
457.726421;457.356978;458.845429;454.970230
455.377903;457.924756;460.120923;455.761906
450.223508;458.999624;464.329867;456.299777
452.085620;459.826808;461.795888;456.742495
467.155426;459.587640;443.243498;456.223854
449.705113;460.717947;459.901193;456.948391
450.108195;461.295948;459.101590;457.271542
450.083278;461.793378;458.674833;457.654249
449.741479;462.325047;458.870956;458.048429
474.840992;461.161357;429.820729;457.276255
453.790750;461.828954;451.684532;457.658324
447.497391;462.087505;458.381965;458.047225
448.081859;462.236033;457.943144;458.104605
453.253186;461.215609;451.074680;457.323251
453.937294;460.990997;449.607766;457.074389
438.328903;461.649710;465.396384;457.077872
435.898321;461.898442;468.308912;457.429425
440.791153;462.291303;464.962887;457.922189
443.546140;462.948739;463.702743;458.246152
459.178738;461.628542;447.498501;457.529423
454.940229;461.346210;452.435340;457.481991
452.882172;461.759441;455.778338;457.968171
453.251834;461.766820;456.253924;458.127627
453.993958;461.708425;456.338059;458.044452
456.370129;461.708199;454.343381;457.739800
455.022259;459.956082;454.367257;456.300713
450.833625;460.218684;459.046440;456.383875
449.745533;460.261395;460.294397;456.218510
448.777768;460.536651;461.588271;456.210892
473.358611;458.296482;435.620593;455.279281
453.328123;459.326626;456.325427;455.206778
451.361789;459.720006;458.614139;455.349741
447.633756;460.139297;462.481950;455.672450
450.892455;460.268921;459.526661;455.901408
450.674691;460.623553;459.873378;456.158675
459.089976;458.789819;450.275246;455.021499
449.988033;459.905304;459.507944;455.519701
448.849662;460.370943;460.691600;455.922219
447.590261;460.937712;462.000928;456.332568
451.161417;461.147793;458.645230;456.707497
461.031844;459.429195;447.747552;455.845427
447.514682;460.940663;461.194494;456.315228
449.506152;461.113906;459.122562;456.577847
448.713528;461.671283;459.844171;456.935042
448.347397;462.375696;460.254542;457.487820
455.453081;460.640588;452.336920;456.538417
448.632109;461.673741;459.063787;456.669602
445.184952;462.581525;462.047967;457.098807
447.878950;462.970976;459.216640;457.700048
447.763069;463.722398;459.080586;458.259078
457.239265;461.867925;448.903234;457.745969
452.851312;462.933060;452.757700;457.994184
448.603388;463.856644;456.711118;458.365065
445.790694;465.061572;458.582301;459.330163
447.280828;465.591664;456.370251;460.398615
465.155837;460.963580;438.672455;460.185184
448.153992;464.015169;453.852452;460.758318
445.607547;465.225199;455.951024;460.977746
444.470295;466.500419;456.245111;461.659039
443.464859;467.746652;456.371262;462.252333
450.286590;465.860218;450.343868;461.241838
448.052945;467.587088;451.956824;461.235450
443.879106;462.548906;455.284180;466.810945
443.155804;461.553546;456.736857;467.108638
464.251281;457.516044;441.140434;464.056800
451.672299;458.445846;456.885481;460.673566
450.800043;458.851242;462.144813;456.489384
453.163947;458.823186;464.519221;452.558797
455.982030;457.444640;466.810988;449.653785
461.381501;455.567349;467.133917;445.473662
463.068587;453.075944;469.972851;443.589843
463.613481;450.279939;474.232898;442.259434
466.460595;447.588077;474.898608;442.028476
488.328998;448.524279;455.295110;438.318784
471.836596;443.449829;475.761603;439.487311
472.463736;441.514133;477.865077;438.771464
471.363389;440.627692;480.388075;438.834637
473.766409;439.944500;480.119825;437.870570
487.133580;445.502082;461.702650;436.550824
475.605427;440.396023;477.984183;436.877720
472.771541;440.209948;480.914710;437.840863
473.127272;439.992341;481.677715;437.822221
473.386875;439.636841;482.689627;437.762154
491.932513;449.410916;456.498543;434.939356
473.433188;444.580908;475.532141;440.154098
471.419351;444.134161;477.351532;441.221951
469.642242;444.026371;479.347579;441.899865
468.941751;443.528730;480.831434;442.475106
469.008794;443.036279;481.917859;442.745528
469.777996;448.597042;472.288131;445.012286
469.183903;448.953585;472.167431;445.841537
464.676737;446.837240;478.590319;446.915275
466.848029;447.871348;476.028561;446.832876
477.033861;456.803195;453.876786;447.232488
463.067628;451.704615;470.714474;450.264265
462.818572;451.853113;471.052265;450.553349
462.606932;452.206841;471.345266;450.891353
463.322981;452.781834;470.657979;451.102300
465.707230;458.892825;456.323727;453.069956
459.871496;457.803135;462.596198;454.889285
456.628176;457.398887;465.991232;455.781982
455.271574;457.214459;467.734823;456.298793
471.110670;465.725812;439.982435;455.661263
460.312220;463.163529;451.549255;457.778465
451.768828;461.084565;461.722410;459.718039
452.362184;461.759889;460.352287;459.868264
452.597910;462.068666;460.113328;460.013024
453.379653;462.664919;458.709524;460.140140
465.370835;467.753570;437.331153;460.073537
451.767252;464.458839;454.407948;461.614445
449.834521;464.006242;456.873271;461.821873
449.620043;464.017003;457.324340;461.803783
450.130065;463.954831;457.528053;461.551441
449.324701;465.604920;452.777496;462.540861
446.548036;464.565630;457.147946;462.582023
445.567704;463.726800;460.029456;462.160137
448.127357;463.677766;458.776387;461.410235
451.176422;463.352490;457.493791;460.413906
465.695828;466.332245;436.691334;459.942332
452.669954;463.778212;453.102279;460.555378
450.522272;462.866703;456.915241;460.299331
449.355212;462.173018;459.666714;459.940942
468.230316;464.592634;436.923794;458.497766
452.274622;462.381928;455.232466;459.320887
449.950953;461.494183;459.360820;459.142426
448.126385;460.732814;463.257355;458.688014
452.174595;460.819542;460.118383;458.137113
464.075115;462.404271;444.130465;457.332567
452.146069;461.152210;458.403293;457.552532
451.097649;461.011752;460.284608;457.299932
452.659744;461.273587;458.858120;457.163984
452.037853;461.447754;459.743502;457.193571
461.014626;462.117148;445.832807;457.360271
452.575692;462.190727;454.259197;458.042435
450.424662;462.726508;455.755092;458.616871
448.116700;463.401172;457.244416;459.289564
448.654198;464.102556;455.609134;460.047890
457.462186;464.230342;442.184236;460.841971
448.417562;462.371448;451.560892;463.208237
440.725453;460.992771;459.358173;465.633480
443.591567;461.181024;458.340433;464.618107
447.038322;461.564819;457.497934;462.715373
466.154595;463.024668;438.107091;458.938648
454.404987;461.821379;454.523349;457.077056
453.186523;461.077489;459.130435;455.259182
452.527820;459.812031;463.620340;453.834736
456.314091;458.339640;462.997669;452.922456
459.406183;457.121579;462.766023;451.878832
459.881171;455.732761;461.840694;450.668000
459.404190;454.343723;464.689704;450.394730
458.586871;453.409511;467.221122;450.310197
459.227677;452.787342;468.326053;449.985098
475.098467;454.391194;447.678114;448.622515
461.392350;452.557898;464.936325;449.270052
459.640979;452.430175;467.303765;449.484229
456.138860;452.344889;471.838628;449.959880
472.931797;454.660246;448.664162;448.950389
458.457176;453.987167;464.429192;450.457694
454.027824;454.168772;469.490158;451.352216
454.949620;454.837720;468.608886;451.915997
456.617402;455.675968;466.773479;452.460477
458.765195;457.090373;458.991797;452.955588
457.218485;457.674913;460.381053;453.852274
454.674680;458.191766;462.527359;454.607103
453.497977;458.781120;463.556902;455.304930
461.421551;459.983080;449.061418;455.015114
452.369716;460.479119;457.949739;456.479786
447.633213;460.718150;462.741314;457.149384
447.232867;461.113622;463.206963;457.624480
450.580291;461.710380;459.502048;457.825772
463.193967;462.447786;440.950581;457.251219
445.031054;462.129637;460.840424;458.465747
447.781730;462.524749;458.070431;458.521909
447.512786;462.835704;458.629098;458.696397
448.216030;463.159470;458.439631;458.899138
448.388717;463.547381;458.122878;459.073604
451.779677;463.062687;450.912444;458.417608
449.495354;463.254654;453.298303;458.704562
442.942486;463.676438;460.116535;459.026609
444.736544;464.042649;458.276769;459.117703
465.327536;462.342908;433.598596;459.142994
442.253778;463.546719;457.570398;459.653427
432.892570;463.875383;466.240453;459.538127
432.488022;464.497328;466.637104;460.065720
433.829602;465.586934;465.647816;460.805541
444.341403;465.346868;455.636330;461.030988
444.813111;466.856629;454.728452;461.468532
445.805965;467.817648;454.015401;461.892629
451.552427;468.714465;447.778150;462.281938
479.640083;458.754463;416.739431;466.640391
454.859433;456.736890;445.540413;466.631949
449.913924;455.184962;453.503145;465.954567
450.298742;456.558152;457.775838;459.972658
451.895849;456.670840;461.615690;455.184016
454.561570;456.132284;465.061160;450.475623
464.658519;456.915347;458.138073;444.866904
460.658000;453.797095;468.188761;443.390245
461.972383;450.838586;472.564766;441.692826
462.984124;447.530195;477.617677;440.162045
468.484862;445.434153;476.225234;439.451200
476.079420;447.017689;468.634246;438.175817
470.323297;440.678543;481.084484;438.468380
472.429748;438.806189;482.836857;437.482321
474.642808;437.402711;484.043629;436.480488
476.355354;435.535554;486.098788;435.402607
479.327033;440.031338;478.163316;435.913755
475.931855;438.074014;483.350711;436.467978
474.701375;436.477766;486.751148;436.369497
476.135049;436.607647;486.481607;435.886991
476.281279;436.252096;487.204553;436.291097
479.330760;443.069477;474.983280;437.321433
472.704493;440.259395;483.055357;439.474292
473.678436;441.697185;481.157874;439.782200
473.578480;442.516069;480.637442;440.487279
479.184865;451.953423;461.730746;442.537604
466.344872;446.570574;476.911054;446.074169
466.388118;447.544672;475.960903;446.642080
465.271193;447.866623;476.908909;447.432913
466.425309;449.106721;475.134648;447.901087
469.553835;456.420221;460.403213;449.828617
462.710753;455.898678;465.482225;452.811057
458.907907;455.718614;468.169375;454.288123
457.453991;455.267286;470.340918;454.959012
460.583549;457.492758;465.045890;455.052993
475.748019;468.286690;434.008685;455.138048
455.236300;462.710631;457.570012;459.517507
453.664718;462.858794;458.185554;460.457985
451.390991;462.932324;459.855534;461.224669
450.033156;463.158976;460.837871;461.758491
452.528070;466.889380;450.088632;463.145383
446.547784;466.015188;456.322186;464.524057
