0.106864;-0.351457;0.257702;9.746775
0.064263;0.048603;0.279655;9.758036
0.117575;-0.491902;0.253927;9.720678
0.092503;-0.166249;0.259138;9.732825
0.069272;0.106961;0.264568;9.741863
0.059533;0.241293;0.263834;9.747583
0.052963;0.323915;0.262153;9.758196
0.094905;-0.165991;0.234259;9.747763
0.082020;0.007559;0.229874;9.747607
0.072233;0.107838;0.224958;9.756401
0.057046;0.290153;0.223441;9.765958
0.054816;0.297648;0.216431;9.772039
0.093179;-0.233424;0.184137;9.743092
0.076682;0.028283;0.180251;9.753293
0.066617;0.173633;0.175436;9.760490
0.065748;0.197652;0.166769;9.764772
0.102126;-0.390243;0.134884;9.735395
0.091282;-0.169201;0.128756;9.742531
0.086782;-0.073283;0.120774;9.747829
0.082685;0.043162;0.112693;9.753736
0.099321;-0.291556;0.091887;9.743146
0.090156;-0.041565;0.086713;9.746506
0.086210;0.063075;0.080756;9.754655
0.082308;0.196829;0.076290;9.763622
0.082228;0.231161;0.071431;9.772207
0.081708;0.256178;0.067615;9.780781
0.098477;-0.296765;0.051471;9.760827
0.093307;-0.062818;0.048428;9.766928
0.089911;0.095068;0.045715;9.772976
0.088382;0.193937;0.042123;9.780430
0.097010;-0.265915;0.029789;9.765456
0.094154;-0.051412;0.025467;9.771660
0.093894;0.073694;0.020987;9.779266
0.093278;0.295388;0.017317;9.791187
0.097965;-0.299743;0.006421;9.769333
0.096973;-0.451484;-0.004003;9.759933
0.095846;0.045394;-0.009842;9.770305
0.095460;0.277820;-0.016465;9.780707
0.088304;0.500047;-0.022670;9.799740
0.075383;0.511486;-0.027493;9.818801
0.054613;-0.080325;-0.030946;9.809820
0.030745;0.084541;-0.031493;9.812439
0.005764;0.157869;-0.028523;9.820195
-0.016790;0.223274;-0.021506;9.826468
-0.022097;-0.321866;-0.011942;9.794808
-0.046597;-0.147695;0.003984;9.799360
-0.080191;-0.016678;0.025967;9.804514
-0.115712;0.107104;0.055474;9.809935
-0.097765;-0.410855;0.082883;9.783806
-0.075289;-0.146827;0.126391;9.792951
-0.049346;0.025071;0.172528;9.801227
-0.021572;0.136082;0.218651;9.809141
0.002761;0.171505;0.263061;9.816501
0.089286;-0.221975;0.282196;9.793824
0.070336;-0.063390;0.322783;9.802977
0.050458;0.040370;0.360835;9.812233
0.023270;0.152745;0.399227;9.821681
0.000834;0.203101;0.434913;9.829365
-0.010407;0.188468;0.465889;9.835212
0.061199;-0.232465;0.459908;9.809347
0.028569;-0.058347;0.486164;9.814503
0.002155;0.076110;0.511809;9.822711
-0.012123;0.153133;0.532858;9.829294
0.095050;-0.320956;0.501027;9.819622
0.078514;-0.216331;0.513893;9.810253
0.045608;-0.032410;0.529451;9.816659
0.021836;0.095578;0.542053;9.824119
-0.001550;0.215965;0.556624;9.832264
0.099213;-0.237707;0.511726;9.821233
0.057253;-0.018382;0.525331;9.822680
0.036695;0.068432;0.531922;9.827837
0.016492;0.164194;0.538525;9.834000
0.004015;0.210887;0.543726;9.840912
0.106936;-0.291472;0.489577;9.819194
0.060638;-0.042896;0.500982;9.822425
0.038315;0.051946;0.504622;9.826038
0.013624;0.179450;0.511735;9.832545
0.087872;-0.184846;0.464595;9.812850
0.056190;0.001449;0.468218;9.817399
0.044975;0.064927;0.464849;9.822727
0.025232;0.172652;0.467685;9.830808
0.115269;-0.315225;0.410767;9.805339
0.087344;-0.127110;0.409392;9.807505
0.069026;-0.025622;0.405451;9.813313
0.042969;0.141965;0.408037;9.819747
0.030525;0.216141;0.407128;9.825402
0.089933;-0.161299;0.368374;9.809528
0.068819;-0.014098;0.368170;9.808480
0.061030;0.025535;0.363289;9.814421
0.036611;0.183124;0.368724;9.823430
0.033803;0.191217;0.365078;9.826478
0.106348;-0.320351;0.319028;9.796435
0.074339;-0.070158;0.323666;9.803537
0.066696;-0.020990;0.318266;9.805942
0.060697;0.045051;0.311792;9.809195
0.056662;0.082186;0.305349;9.812367
0.055704;0.098314;0.298917;9.815399
0.116267;-0.379858;0.254791;9.785302
0.085263;-0.086960;0.256843;9.796368
0.067642;0.072863;0.256045;9.800437
0.050775;0.244201;0.257765;9.808454
0.102663;-0.244560;0.221551;9.786184
0.080865;-0.015797;0.223577;9.787761
0.071338;0.068391;0.222268;9.796643
0.059493;0.189174;0.223430;9.805154
0.053811;0.248127;0.223988;9.812287
0.087697;-0.071580;0.193694;9.790357
0.069722;0.102602;0.198139;9.797944
0.059710;0.215800;0.199650;9.804841
0.105295;-0.329966;0.170073;9.784853
0.083536;-0.051258;0.174626;9.790511
0.070135;0.096592;0.177378;9.798093
0.064868;0.150947;0.176027;9.802529
0.060129;0.208512;0.176387;9.809705
0.094852;-0.266935;0.153751;9.787062
0.076601;-0.004161;0.156561;9.794453
0.064051;0.167238;0.159817;9.801496
0.060426;0.207752;0.159087;9.806660
0.095771;-0.347654;0.136546;9.783351
0.082547;-0.104942;0.137723;9.788857
0.070740;0.072347;0.139725;9.798131
0.065015;0.161372;0.139276;9.802885
0.094647;-0.343041;0.118771;9.782897
0.083645;-0.123009;0.118191;9.789305
0.078207;-0.021027;0.115992;9.795810
0.070074;0.157279;0.116186;9.805568
0.065571;0.234646;0.115261;9.813083
0.090487;-0.297418;0.097431;9.793615
0.080039;-0.050240;0.097222;9.797460
0.074686;0.094095;0.096964;9.805492
0.073414;0.258930;0.097079;9.815072
0.078286;0.311860;0.095527;9.823157
0.106385;-0.333779;0.077644;9.792330
0.107928;-0.105817;0.074465;9.797819
0.113818;-0.039675;0.067615;9.800641
0.118296;0.074885;0.059124;9.804439
0.123161;0.146574;0.048503;9.807723
0.124023;-0.385474;0.028821;9.779220
0.129205;-0.083300;0.015470;9.783896
0.135193;0.046715;-0.001110;9.788338
0.142420;0.118381;-0.019978;9.789220
0.084692;-0.278870;-0.039633;9.770765
0.058510;0.091532;-0.056744;9.776132
0.039696;0.166296;-0.069752;9.780874
0.032173;0.261797;-0.079983;9.789614
0.035172;0.352761;-0.087570;9.800645
0.036649;-0.249328;-0.088790;9.770949
0.049311;0.000284;-0.091748;9.778330
0.061665;0.086160;-0.092028;9.786576
0.071528;0.175843;-0.090628;9.792053
0.079400;0.268863;-0.087882;9.801414
0.073934;-0.369008;-0.077815;9.756820
0.076430;-0.090652;-0.073765;9.768702
0.078906;0.151324;-0.069608;9.786160
0.079039;0.246205;-0.064459;9.790140
0.070597;-0.301070;-0.053054;9.747945
0.071832;-0.014116;-0.049052;9.759854
0.072066;0.053904;-0.043941;9.771125
0.073525;0.245486;-0.040016;9.786300
0.068594;-0.345832;-0.030299;9.744038
0.070671;-0.148013;-0.027759;9.743754
0.073121;0.126753;-0.026472;9.766515
0.074819;0.196749;-0.024493;9.776114
0.076068;0.287955;-0.023070;9.790172
0.072614;-0.318828;-0.017316;9.742435
0.074958;0.007851;-0.018121;9.766758
0.076013;0.135062;-0.018392;9.778107
0.077134;0.248109;-0.018850;9.789500
0.074195;-0.416389;-0.015157;9.739020
0.075858;-0.106994;-0.017029;9.755356
0.077662;0.067842;-0.018702;9.772091
0.078767;0.143089;-0.019858;9.775962
0.079791;0.227460;-0.021101;9.786371
0.077349;-0.388526;-0.018877;9.740312
0.078948;-0.129981;-0.021084;9.748692
0.079679;-0.015328;-0.022585;9.762477
0.081697;0.262229;-0.024780;9.779477
0.083087;0.335410;-0.026008;9.788518
0.079966;-0.416159;-0.023135;9.734939
0.081526;-0.095712;-0.025297;9.749726
0.082737;0.015036;-0.026497;9.761115
0.083271;0.125234;-0.027389;9.769513
0.084769;0.298648;-0.028386;9.786548
0.082014;-0.432202;-0.024951;9.736963
0.083108;-0.093386;-0.026612;9.748770
0.084547;0.080524;-0.027536;9.765015
0.086398;0.238560;-0.028287;9.775206
0.086643;0.255995;-0.028287;9.782587
0.083728;-0.389697;-0.024941;9.743848
0.084926;-0.119600;-0.025875;9.759106
0.085966;0.109787;-0.026716;9.772695
0.087970;0.360836;-0.027668;9.789172
0.084965;-0.430295;-0.023669;9.748350
0.086412;-0.079975;-0.025076;9.762261
0.088121;0.100633;-0.025905;9.777276
0.089262;0.216110;-0.026486;9.785787
0.089956;0.219414;-0.026544;9.792491
0.086495;-0.492108;-0.023052;9.756415
0.088148;-0.232102;-0.024341;9.767066
0.088540;-0.040027;-0.025546;9.781101
0.086935;0.106901;-0.026525;9.787756
0.079500;-0.479577;-0.023360;9.758308
0.072822;-0.319010;-0.024074;9.770853
0.069047;0.157240;-0.026025;9.773325
0.061483;0.617247;-0.026800;9.785916
0.053159;0.768061;-0.024957;9.815129
0.041436;0.754024;-0.020637;9.841351
0.035765;-0.169995;-0.013396;9.818814
0.175319;0.055500;-0.011980;9.815175
0.272686;0.063277;-0.019514;9.816664
0.337305;0.114055;-0.035812;9.818481
0.301516;-0.516748;-0.048572;9.768310
0.316089;-0.121335;-0.083017;9.780759
0.295826;0.026047;-0.119942;9.791028
0.285736;0.278725;-0.168667;9.805379
0.177841;-0.076105;-0.193632;9.781716
0.165169;0.068409;-0.241634;9.796328
0.162799;0.195157;-0.290809;9.807693
0.175983;0.320520;-0.343604;9.822653
0.056417;-0.380622;-0.348873;9.789548
0.083968;-0.170663;-0.394726;9.795289
0.134364;0.071292;-0.447129;9.814929
0.148416;0.120179;-0.484640;9.819291
0.164794;0.178657;-0.520871;9.828956
0.194526;0.279941;-0.562311;9.845105
0.065875;-0.366433;-0.535706;9.805284
0.121558;-0.017526;-0.576520;9.819401
0.122243;-0.008546;-0.591040;9.825179
0.123064;0.036439;-0.600864;9.831943
0.136637;0.124542;-0.613872;9.842483
0.026252;-0.272165;-0.557704;9.795443
0.066466;-0.003082;-0.568658;9.809753
0.102877;0.199830;-0.578644;9.824423
0.126537;0.315684;-0.582250;9.838406
0.040613;-0.166978;-0.526832;9.815367
0.064050;-0.002638;-0.525250;9.817718
0.054895;-0.043094;-0.501214;9.821859
0.084830;0.143505;-0.498702;9.833808
0.098079;0.224544;-0.489229;9.840740
0.105028;0.267680;-0.477730;9.847813
-0.013292;-0.510451;-0.389520;9.781563
0.014602;-0.213648;-0.379791;9.795099
0.033974;-0.057597;-0.366491;9.805496
0.053518;0.134491;-0.353920;9.813047
0.069051;0.279243;-0.343419;9.821515
0.005796;-0.193422;-0.275749;9.762220
0.021782;0.013967;-0.264144;9.774250
0.035494;0.183007;-0.253705;9.788384
0.040641;0.260221;-0.239893;9.797235
0.046153;0.351625;-0.229535;9.810560
-0.012425;-0.493672;-0.168326;9.747909
-0.000501;-0.163143;-0.160548;9.764575
0.004019;0.007690;-0.149133;9.776470
0.003396;0.162512;-0.135080;9.781659
-0.016595;-0.295276;-0.097236;9.749859
-0.019923;-0.072895;-0.082730;9.753532
-0.028580;0.006077;-0.064267;9.764308
-0.041230;0.216665;-0.046110;9.778562
-0.057978;0.276748;-0.023872;9.786468
-0.048020;-0.486803;0.012580;9.733935
-0.083624;-0.098947;0.038711;9.748779
-0.113871;-0.019052;0.069319;9.758225
-0.137089;0.096251;0.105775;9.768983
-0.136909;0.119536;0.144916;9.777799
-0.026737;-0.577212;0.169985;9.746918
-0.040036;-0.235918;0.213154;9.764824
-0.054975;-0.031961;0.258509;9.779849
-0.073198;0.107353;0.303927;9.792122
0.022848;-0.513017;0.316988;9.778814
-0.063020;-0.293123;0.364609;9.794726
-0.193730;-0.285983;0.415791;9.817614
0.180504;-0.010362;0.465024;9.798520
0.444358;0.158949;0.486127;9.789583
0.673371;-0.222523;0.444171;9.790702
0.729124;0.101053;0.416798;9.792040
0.697315;0.263562;0.366074;9.806564
0.614453;0.396857;0.295149;9.823220
0.500072;0.366746;0.210355;9.837743
0.314546;-0.111549;0.109519;9.826698
0.254104;0.095808;0.006152;9.831131
0.216704;0.219857;-0.098450;9.838140
0.076606;-0.315798;-0.191077;9.824693
0.107352;-0.058697;-0.302649;9.829483
0.121898;-0.000153;-0.401962;9.834880
0.160735;0.125796;-0.500953;9.846500
0.202405;0.216323;-0.596165;9.859220
0.051709;-0.402530;-0.633342;9.833505
0.124526;-0.102226;-0.718680;9.842782
0.157908;0.000701;-0.786181;9.857083
0.210136;0.178725;-0.856813;9.874259
0.216451;0.184763;-0.903867;9.885189
0.056890;-0.231415;-0.873404;9.843329
0.096191;-0.037694;-0.905330;9.860672
0.135210;0.111115;-0.931022;9.877792
0.178210;0.250644;-0.953814;9.896270
0.195487;0.279748;-0.961905;9.909822
0.011983;-0.363074;-0.865846;9.860719
0.019780;-0.281437;-0.851280;9.850671
0.085094;0.003903;-0.855222;9.878594
0.103846;0.079285;-0.834185;9.886406
0.123982;0.168502;-0.811368;9.896554
-0.011442;-0.387684;-0.693748;9.842267
0.011896;-0.208763;-0.658726;9.850509
0.036539;-0.099165;-0.620530;9.864781
0.074528;0.084673;-0.592859;9.874418
0.086929;0.142689;-0.556530;9.876565
0.106657;0.238433;-0.531197;9.886802
0.111884;0.243963;-0.503917;9.891275
-0.001341;-0.330535;-0.393831;9.808089
0.028935;-0.107859;-0.377263;9.828415
0.057412;0.073213;-0.364442;9.840629
0.079910;0.216754;-0.353589;9.851042
-0.000619;-0.386222;-0.277609;9.796032
0.030998;-0.126127;-0.272247;9.806444
0.045279;-0.041718;-0.262205;9.815574
0.061214;0.075280;-0.255911;9.821515
0.085618;0.251830;-0.260423;9.835092
0.012266;-0.435752;-0.206131;9.777065
0.034309;-0.227165;-0.212413;9.771401
0.056751;-0.015528;-0.220130;9.786410
0.065674;0.053489;-0.221706;9.790969
0.094141;0.296513;-0.237358;9.809234
0.053996;-0.077239;-0.205292;9.769097
0.070086;0.040200;-0.212982;9.779280
0.087965;0.189901;-0.223719;9.789076
0.098647;0.231327;-0.231384;9.796324
0.036797;-0.465511;-0.196835;9.754202
0.066230;-0.203798;-0.207636;9.767185
0.099117;0.002024;-0.221757;9.776810
0.134361;0.106302;-0.234403;9.784560
0.095875;-0.535225;-0.210528;9.759572
0.177976;-0.405363;-0.225826;9.766101
0.145220;-0.084344;-0.252613;9.782497
0.126166;0.203883;-0.281483;9.791382
0.092863;0.328556;-0.302655;9.803361
0.070028;0.389621;-0.321367;9.816850
-0.022513;-0.245848;-0.293175;9.784304
0.003221;0.025640;-0.309482;9.793190
0.022609;0.110599;-0.316854;9.800839
0.050858;0.233682;-0.324179;9.811538
0.021742;-0.254231;-0.296435;9.792753
0.056299;0.015873;-0.302524;9.794807
0.075097;0.086073;-0.300432;9.802267
0.096612;0.243773;-0.301125;9.813666
0.105661;0.280103;-0.297172;9.820871
0.044792;-0.403189;-0.252997;9.782364
0.061311;-0.132099;-0.251020;9.790414
0.079168;0.100545;-0.249932;9.802987
0.084316;0.188584;-0.242685;9.804981
0.090973;0.286922;-0.237512;9.814197
0.048051;-0.217169;-0.197486;9.775096
0.064801;0.017716;-0.194658;9.789152
0.079312;0.220623;-0.192507;9.801013
0.092861;0.382376;-0.191773;9.815921
0.049002;-0.338071;-0.153768;9.767318
0.065883;-0.034285;-0.154332;9.783771
0.078613;0.143646;-0.154081;9.795879
0.082209;0.179476;-0.149797;9.800401
0.085065;0.194040;-0.146105;9.807037
0.051727;-0.422497;-0.118569;9.761840
0.069886;-0.060206;-0.122587;9.781856
0.078584;0.092086;-0.123651;9.787056
0.092897;0.334841;-0.129451;9.802656
0.059635;-0.386331;-0.107250;9.760174
0.072278;-0.107800;-0.112210;9.769231
0.081586;0.022285;-0.115821;9.781818
0.090663;0.171666;-0.120225;9.790896
0.098478;0.266666;-0.124681;9.801053
0.032887;-0.861645;-0.083908;9.728426
0.057806;-0.317751;-0.094308;9.751089
0.086098;0.234547;-0.108167;9.756206
0.104352;0.535718;-0.119562;9.769140
0.118287;0.716060;-0.132077;9.795206
0.128364;0.736226;-0.143729;9.820267
0.101054;0.082157;-0.136252;9.790146
0.117560;0.174312;-0.147728;9.803367
0.130851;0.201340;-0.158070;9.810741
0.146583;0.248107;-0.169899;9.818739
0.102756;-0.522842;-0.155544;9.748073
0.130992;-0.246052;-0.169748;9.761713
0.141224;-0.117138;-0.181959;9.769447
0.138477;0.077077;-0.196755;9.773314
0.118925;0.206555;-0.210137;9.778219
0.030506;-0.394192;-0.192778;9.729739
0.004272;-0.108549;-0.201275;9.741873
-0.027301;0.058293;-0.203704;9.750776
-0.064823;0.168026;-0.199225;9.756476
-0.124515;-0.247639;-0.165079;9.730683
-0.175149;-0.157908;-0.144359;9.737050
0.066374;0.141768;-0.126455;9.750371
0.234067;0.153184;-0.116051;9.755612
0.311184;-0.484672;-0.096743;9.752918
0.381447;-0.245252;-0.107391;9.762189
0.407498;-0.014276;-0.130622;9.775022
0.384131;0.095347;-0.158503;9.789537
0.337452;0.161278;-0.194014;9.806243
0.160809;-0.373178;-0.200551;9.812416
0.154232;-0.064948;-0.253127;9.819419
0.140746;0.086826;-0.304120;9.829148
0.131140;0.174149;-0.357008;9.842723
0.130798;0.205371;-0.410098;9.855219
-0.003657;-0.380454;-0.411949;9.846746
0.051363;-0.118202;-0.470934;9.846554
0.085016;-0.010940;-0.522263;9.853026
0.127101;0.134695;-0.577155;9.862986
0.012727;-0.306455;-0.572075;9.866739
0.082725;-0.012618;-0.631178;9.866498
0.109413;0.067778;-0.674503;9.870699
0.143186;0.182177;-0.720268;9.880677
0.156787;0.205664;-0.757976;9.888837
0.018788;-0.253250;-0.725794;9.875630
0.064376;-0.049258;-0.760326;9.876097
0.080121;0.014926;-0.780379;9.880231
0.113013;0.135444;-0.806736;9.888287
-0.018239;-0.298793;-0.751255;9.871197
0.017089;-0.104708;-0.763876;9.868917
0.087683;0.128851;-0.794594;9.878649
0.094942;0.154178;-0.793650;9.879896
0.108828;0.192857;-0.794822;9.885525
0.126499;0.227349;-0.798568;9.893215
0.004853;-0.144035;-0.706820;9.857892
0.022972;-0.074493;-0.692165;9.861335
0.056988;0.071547;-0.685519;9.866856
0.074509;0.141959;-0.671394;9.870183
-0.039528;-0.351547;-0.576252;9.839627
0.003926;-0.094608;-0.568396;9.843545
0.032402;0.039167;-0.554496;9.848373
0.046355;0.117946;-0.533572;9.850607
0.066259;0.213108;-0.520078;9.857289
-0.013094;-0.224334;-0.440256;9.827579
0.015441;-0.022125;-0.428062;9.832220
0.027134;0.045636;-0.408041;9.835445
0.040338;0.129662;-0.392004;9.839869
0.060795;0.262620;-0.384417;9.848318
-0.001221;-0.193055;-0.319242;9.808112
0.020217;0.013203;-0.311042;9.814158
0.033682;0.119711;-0.301182;9.821882
-0.012186;-0.312610;-0.247429;9.794287
0.002183;-0.136454;-0.234454;9.795830
0.016478;-0.007804;-0.224647;9.803239
0.023341;0.079581;-0.211432;9.806922
0.038341;0.274591;-0.208052;9.817785
-0.005560;-0.349143;-0.158254;9.783630
-0.001540;-0.262849;-0.147506;9.771479
0.010109;-0.020348;-0.142608;9.784019
0.014016;0.076108;-0.132541;9.789509
0.017931;0.185875;-0.123910;9.797355
0.017699;0.214753;-0.112788;9.803116
0.002371;-0.290399;-0.080246;9.778284
0.005371;-0.097920;-0.070022;9.783509
0.006747;0.051232;-0.059411;9.790658
0.006697;0.232666;-0.048676;9.799777
0.006445;-0.323333;-0.021851;9.778280
0.005253;-0.094806;-0.010066;9.781544
0.002075;0.060230;0.003688;9.790413
-0.002849;0.208215;0.019090;9.797368
0.012901;-0.304555;0.039755;9.778074
0.003519;-0.041623;0.056188;9.782015
-0.001463;0.037065;0.073542;9.787592
-0.007351;0.245839;0.093208;9.797329
0.003539;0.242662;0.111453;9.801927
0.020794;0.221558;0.128481;9.805131
0.074688;-0.393766;0.134961;9.767243
0.081855;-0.166665;0.146353;9.771541
0.091013;-0.073089;0.153760;9.777777
0.092933;0.139370;0.160250;9.785282
0.097697;0.166433;0.161410;9.788425
0.118497;-0.350423;0.149060;9.768074
0.112953;-0.165373;0.143353;9.770177
0.107432;-0.129868;0.135086;9.771971
0.139000;0.077297;0.122636;9.779542
0.157243;0.192332;0.104501;9.785132
0.158243;-0.241624;0.074467;9.769813
0.160381;0.012295;0.047080;9.771969
0.156133;0.166241;0.016449;9.780932
0.147998;0.261458;-0.015695;9.788877
0.144575;0.392942;-0.051422;9.801465
0.101926;-0.186887;-0.081888;9.778446
0.106504;-0.001600;-0.115502;9.783319
0.109821;0.085680;-0.147261;9.790416
0.124816;0.269262;-0.181497;9.801371
0.071831;-0.393137;-0.195782;9.766515
0.088329;-0.152981;-0.223445;9.773835
0.110298;0.060356;-0.251733;9.786143
0.120884;0.157125;-0.274431;9.790503
0.127791;0.196545;-0.293773;9.797096
0.087792;-0.109697;-0.291412;9.776678
0.097388;-0.021075;-0.304377;9.783756
0.112972;0.126770;-0.317805;9.793602
0.134875;0.296131;-0.333984;9.805982
0.069432;-0.273221;-0.312564;9.779625
0.093972;-0.008648;-0.325286;9.786686
0.111322;0.121211;-0.334801;9.797921
0.122313;0.200754;-0.341514;9.805328
0.122939;0.187221;-0.343518;9.810364
0.046392;-0.400395;-0.305877;9.774215
0.073660;-0.124739;-0.312159;9.787299
0.091209;0.033229;-0.315905;9.793183
0.107291;0.166395;-0.320319;9.801068
0.119607;0.248049;-0.324782;9.809829
0.052720;-0.279125;-0.289771;9.780594
0.081405;-0.011514;-0.298845;9.791925
0.098188;0.100858;-0.304781;9.799491
0.113710;0.205675;-0.311899;9.809312
0.124649;0.243682;-0.318680;9.817467
0.073426;-0.122568;-0.292494;9.784932
0.095437;0.037459;-0.302574;9.796334
0.109328;0.122236;-0.310398;9.803591
0.132277;0.244726;-0.325137;9.814530
0.052580;-0.380930;-0.291845;9.781671
0.082277;-0.152374;-0.305891;9.790330
0.119295;0.059121;-0.325629;9.803982
0.132297;0.113958;-0.336858;9.806579
0.150809;0.181503;-0.352300;9.815252
0.164041;0.187417;-0.367849;9.822316
0.085799;-0.272810;-0.341884;9.790795
0.097064;-0.078892;-0.363092;9.803497
0.084274;0.043315;-0.379190;9.808481
0.064185;0.151890;-0.394344;9.812945
-0.040277;-0.222236;-0.360411;9.776928
-0.050060;0.000502;-0.368855;9.784078
-0.062578;0.140441;-0.368680;9.792604
-0.073222;0.256826;-0.361968;9.800045
-0.124221;-0.377061;-0.302074;9.778455
-0.128480;-0.147164;-0.279896;9.777644
-0.137612;-0.050452;-0.246716;9.781247
-0.152643;0.000045;-0.204644;9.783183
0.067899;-0.369560;-0.141385;9.776274
0.242258;-0.086031;-0.116961;9.778628
0.350288;0.117685;-0.107806;9.784891
0.396304;0.249607;-0.109784;9.796287
0.391776;0.336490;-0.124950;9.811394
0.248140;-0.230191;-0.117180;9.802682
0.215291;0.001099;-0.153923;9.807746
0.067898;-0.430972;-0.159056;9.793435
0.036090;-0.386992;-0.175833;9.791920
0.047050;-0.046865;-0.225811;9.808399
-0.017429;-0.234723;-0.247840;9.802790
0.030127;0.127817;-0.304938;9.806285
0.062929;0.290332;-0.354115;9.817294
0.107111;0.461009;-0.406403;9.832234
0.152364;0.581015;-0.460482;9.852207
0.170707;0.510209;-0.499983;9.867798
0.081801;-0.089850;-0.487994;9.807986
0.117312;0.075104;-0.522248;9.831522
0.122013;0.063354;-0.538058;9.836929
0.131334;0.107761;-0.551563;9.845955
0.129448;0.088622;-0.555026;9.849782
0.019795;-0.531341;-0.498560;9.784026
0.050631;-0.235071;-0.500672;9.805633
0.076450;-0.057745;-0.495902;9.820808
0.100207;0.117320;-0.489374;9.829285
0.124795;0.269263;-0.483703;9.842430
0.033170;-0.353205;-0.407612;9.781315
0.063133;-0.065807;-0.397083;9.803511
0.076713;0.043002;-0.378531;9.811577
0.101217;0.250092;-0.368534;9.828241
0.105871;0.279786;-0.351377;9.835225
0.028281;-0.396493;-0.282411;9.777190
0.053561;-0.078065;-0.274518;9.797470
0.057979;-0.024814;-0.256927;9.803262
0.071640;0.145678;-0.247110;9.814937
0.025189;-0.361953;-0.197111;9.774372
0.040178;-0.125444;-0.187995;9.781624
0.056754;0.079118;-0.183236;9.799705
0.065460;0.203165;-0.177023;9.805343
0.071562;0.288055;-0.171815;9.814711
0.020822;-0.500528;-0.127401;9.756692
0.036751;-0.188147;-0.127305;9.771152
0.046647;-0.013257;-0.125778;9.784117
0.055361;0.171518;-0.124898;9.792052
0.058451;0.249794;-0.122300;9.799449
0.063949;0.385527;-0.123473;9.814672
0.033367;-0.358975;-0.096497;9.758782
0.037325;-0.157794;-0.094913;9.761097
0.039473;-0.029785;-0.092594;9.775476
0.042269;0.149320;-0.090641;9.783669
0.041645;0.229866;-0.086200;9.789511
0.028280;-0.352284;-0.065658;9.746947
0.028849;-0.054388;-0.061603;9.762179
0.026034;0.103375;-0.055335;9.771058
0.020798;0.207451;-0.046512;9.779973
0.020332;-0.510957;-0.025969;9.741865
0.015124;-0.130917;-0.015992;9.755810
0.014108;0.083326;-0.004307;9.766642
0.013516;0.285381;0.009765;9.777655
0.038261;-0.380058;0.025976;9.751956
0.031570;-0.106433;0.040472;9.758160
0.018112;0.051991;0.056742;9.769679
-0.003717;0.078672;0.073949;9.774557
-0.039710;-0.006017;0.093129;9.773399
-0.036493;-1.011684;0.100796;9.723188
0.088919;-0.512587;0.124455;9.748865
0.178374;-0.060694;0.143082;9.752034
0.242091;0.226793;0.151740;9.756381
0.282609;-0.122600;0.141715;9.773537
0.271316;0.298457;0.137239;9.773617
0.243304;0.452807;0.125685;9.786554
0.204842;0.546574;0.108094;9.803344
0.150605;-0.063408;0.081461;9.791038
0.123162;0.214701;0.056554;9.792319
0.104110;0.311119;0.029394;9.800092
0.094130;0.309498;0.001752;9.805717
0.093641;0.281574;-0.026686;9.808545
0.078754;-0.243128;-0.052466;9.768736
0.093444;-0.012918;-0.080197;9.778138
0.106267;0.123768;-0.106560;9.781437
0.083661;-0.405566;-0.123762;9.749091
0.102724;-0.027505;-0.149305;9.756348
0.119663;0.209189;-0.172631;9.768078
0.124152;0.270198;-0.190879;9.775856
0.130357;0.328858;-0.207396;9.786476
0.085311;-0.304622;-0.204174;9.738998
0.099059;0.002034;-0.217645;9.755839
0.104616;0.109701;-0.225820;9.766508
0.112702;0.233882;-0.233074;9.777776
0.073717;-0.309355;-0.217969;9.755062
0.095222;0.082939;-0.226273;9.769051
0.099621;0.123098;-0.225938;9.776239
0.109526;0.272812;-0.227598;9.790981
0.121418;0.416259;-0.229973;9.809909
0.081160;-0.138535;-0.203740;9.764391
0.091697;0.053530;-0.202436;9.782612
0.103378;0.244572;-0.202385;9.797508
0.106412;0.280877;-0.198538;9.805036
0.064299;-0.390313;-0.168122;9.750178
0.075080;-0.125071;-0.165572;9.767562
0.081551;0.008530;-0.161072;9.777280
0.087279;0.135471;-0.156927;9.785739
0.089213;0.176068;-0.151310;9.791839
0.056621;-0.425795;-0.123801;9.749226
0.073127;-0.019557;-0.126198;9.768977
0.077801;0.097724;-0.123023;9.775544
0.088327;0.355056;-0.125090;9.793149
0.057093;-0.384435;-0.101338;9.753469
0.066154;-0.090408;-0.102188;9.763764
0.069355;0.013941;-0.100536;9.774600
0.072617;0.144237;-0.099288;9.784184
0.075623;0.253074;-0.098615;9.795508
0.055494;-0.355772;-0.081726;9.759794
0.063268;-0.000070;-0.084258;9.768321
0.066251;0.131162;-0.084047;9.781436
0.066643;0.192434;-0.081736;9.789542
0.068087;0.287997;-0.080172;9.802607
0.058868;0.033718;-0.068458;9.777335
0.059032;0.104033;-0.065419;9.783749
0.058475;0.214204;-0.061923;9.794046
0.051315;-0.407148;-0.048065;9.761459
0.049797;-0.117037;-0.044739;9.771257
0.047827;0.065182;-0.039848;9.787798
0.042995;0.130121;-0.032691;9.793482
0.043269;0.172726;-0.024520;9.802498
0.060666;0.167473;-0.016142;9.809068
0.092942;-0.354207;-0.005543;9.773283
0.131855;-0.159725;-0.002317;9.786006
0.177200;-0.003533;-0.003040;9.793740
0.227670;0.086094;-0.009146;9.801606
0.293018;0.106016;-0.022623;9.807767
0.318758;-0.619239;-0.033133;9.779864
0.472319;-0.578453;-0.066271;9.794882
0.177783;-0.270290;-0.109140;9.798890
-0.036102;0.058578;-0.143568;9.792798
-0.203545;0.244336;-0.161397;9.795656
-0.300123;-0.263653;-0.150350;9.810667
-0.314767;0.053773;-0.145043;9.807173
-0.276793;0.149079;-0.126375;9.812338
-0.224259;0.386869;-0.096205;9.820242
-0.086732;-0.196471;-0.058811;9.826739
-0.026662;-0.124954;-0.015769;9.809887
0.005828;-0.008903;0.032798;9.811233
0.016709;0.087966;0.085830;9.816884
0.016997;0.138802;0.141917;9.821390
0.008460;0.159172;0.199884;9.824828
-0.007754;0.176988;0.260426;9.828700
0.025374;-0.055955;0.305810;9.814970
-0.004806;0.046216;0.363248;9.814881
-0.027976;0.138233;0.419487;9.820438
-0.042815;0.188371;0.473917;9.826568
0.031433;-0.081433;0.491952;9.814132
-0.000675;0.077466;0.541744;9.819517
-0.036099;0.245482;0.593226;9.827542
-0.047058;0.277607;0.633623;9.835175
-0.050863;0.266227;0.669518;9.841422
0.059171;-0.179342;0.655182;9.822664
0.036857;-0.065838;0.679082;9.823582
0.021991;0.007899;0.698101;9.828896
0.001191;0.110599;0.717185;9.835115
0.123657;-0.324819;0.665388;9.813868
0.074441;-0.070172;0.678873;9.818003
0.043291;0.066323;0.685704;9.824497
0.017987;0.183841;0.690422;9.830591
-0.000617;0.256503;0.692340;9.838671
-0.022552;0.324042;0.697344;9.849303
0.080115;-0.079560;0.619216;9.815540
0.064436;-0.010782;0.607339;9.822994
0.018852;0.206217;0.612666;9.834718
0.025503;0.171180;0.592257;9.833572
0.132625;-0.338450;0.509947;9.796715
0.084356;-0.062639;0.505228;9.804662
0.078222;-0.031373;0.482749;9.807341
0.058372;0.102465;0.469810;9.815442
0.051010;0.154115;0.452419;9.820860
0.213445;-0.678087;0.313839;9.767988
0.132027;-0.170147;0.317602;9.788243
0.084218;0.143639;0.312583;9.786617
0.049319;0.394994;0.311780;9.796591
0.102702;0.024454;0.266739;9.801641
0.075714;0.220021;0.268818;9.800897
0.056304;0.324028;0.274136;9.813796
0.043164;0.384430;0.279150;9.826052
0.033838;0.406333;0.285353;9.837585
0.092392;-0.296343;0.247980;9.801667
0.080534;-0.090242;0.251381;9.801933
0.071842;-0.071337;0.249555;9.805248
0.062990;-0.012996;0.247948;9.806202
0.059372;0.012456;0.244323;9.807147
0.051939;0.082208;0.244016;9.811327
0.113287;-0.508759;0.204681;9.770223
0.088927;-0.216139;0.207859;9.782433
0.069222;-0.002738;0.210704;9.791065
0.059880;0.123473;0.210428;9.793806
0.106863;-0.367149;0.178692;9.776447
0.085564;-0.076575;0.181192;9.783671
0.075477;0.043685;0.180894;9.789175
0.067564;0.143245;0.180193;9.797133
0.060558;0.219840;0.181399;9.805707
0.105702;-0.361823;0.154633;9.790022
0.084426;-0.085672;0.159017;9.794277
0.078569;0.036405;0.160632;9.799531
0.080479;0.136650;0.160774;9.804912
0.085537;0.220848;0.161358;9.811794
0.126290;-0.269899;0.139211;9.793596
0.120403;0.059735;0.141024;9.795325
0.126978;0.080650;0.133757;9.798378
0.131408;0.157992;0.125622;9.804391
0.137502;0.167190;0.113835;9.807964
0.149722;-0.402525;0.085696;9.782481
0.150508;-0.181751;0.070558;9.785022
0.154400;-0.076617;0.052381;9.788283
0.032825;0.205039;0.037180;9.798764
-0.043069;0.300913;0.030565;9.803440
-0.067702;-0.149341;0.021016;9.779488
-0.090269;0.085351;0.029265;9.788511
-0.084933;0.221998;0.043545;9.800735
-0.061504;0.285114;0.062061;9.811158
-0.030486;0.302434;0.083858;9.820691
0.043389;-0.166318;0.094708;9.786424
0.052409;0.024696;0.119690;9.798097
0.051393;0.190138;0.146247;9.814594
0.044725;0.333970;0.173860;9.830391
0.103795;-0.380688;0.173312;9.774766
0.083535;-0.115671;0.194727;9.789975
0.069127;0.009474;0.211975;9.805739
0.060967;0.092608;0.224658;9.810773
0.053959;0.158419;0.234993;9.818189
0.094992;-0.334470;0.221920;9.772631
0.078916;-0.064949;0.227673;9.790040
0.067377;0.101361;0.230818;9.801611
0.051197;0.336064;0.236032;9.819481
0.049327;0.351376;0.234409;9.826191
0.102932;-0.386478;0.202929;9.763463
0.082944;-0.046481;0.201513;9.784060
0.079071;0.023739;0.193603;9.793690
0.073628;0.139246;0.185575;9.801671
0.066749;0.268933;0.179261;9.815017
0.110069;-0.453799;0.144939;9.750919
0.097195;-0.165858;0.137429;9.765585
0.093066;-0.076482;0.126773;9.776289
0.083823;0.151212;0.120403;9.788630
0.113076;-0.446512;0.092460;9.746878
0.101982;-0.149375;0.085399;9.759014
0.092727;0.067746;0.080616;9.773890
0.086470;0.218407;0.076119;9.781683
0.082081;0.338912;0.073582;9.793487
0.078989;0.410293;0.072422;9.807007
0.106858;-0.397508;0.053397;9.748309
0.096617;-0.112485;0.053156;9.756003
0.092315;-0.042572;0.051307;9.763657
0.084184;0.187873;0.052522;9.775393
0.102937;-0.477718;0.039528;9.734524
0.108455;-0.304429;0.038737;9.728918
0.124010;-0.001611;0.038887;9.742732
0.151253;0.127343;0.035412;9.752336
0.186474;0.264318;0.029210;9.764440
0.222371;-0.362800;0.012655;9.739176
0.280602;-0.087779;-0.005241;9.750239
0.355524;-0.069846;-0.031124;9.756987
0.470971;-0.029318;-0.070307;9.767336
0.507475;-0.968221;-0.098239;9.745732
0.105911;-0.449862;-0.163615;9.752134
-0.218266;-0.236200;-0.198813;9.741022
-0.445000;0.030896;-0.213194;9.748659
-0.556548;0.273127;-0.206677;9.763816
-0.482010;-0.201907;-0.172799;9.799669
-0.409580;0.051610;-0.128973;9.800898
-0.302586;0.212793;-0.067465;9.814242
-0.173859;0.193227;0.002449;9.834286
-0.088934;0.221996;0.082657;9.846624
-0.029140;0.206261;0.169258;9.857171
0.104186;-0.232958;0.244590;9.860348
0.071534;-0.085770;0.338366;9.859546
0.045290;-0.027612;0.429599;9.866066
-0.014148;0.120078;0.530214;9.871177
0.108221;-0.311971;0.579767;9.870870
0.039944;-0.088963;0.672557;9.869959
-0.006184;0.036043;0.759289;9.874867
-0.034957;0.126110;0.838400;9.882613
0.107167;-0.230221;0.852459;9.879846
0.037516;0.008405;0.926359;9.876977
0.023944;0.060211;0.974564;9.881720
-0.002732;0.156754;1.021484;9.889837
-0.019348;0.204979;1.058920;9.896801
-0.034920;0.234211;1.090648;9.903321
-0.037930;0.219441;1.111292;9.908483
0.090489;-0.112463;1.044774;9.880470
0.062335;-0.017987;1.044963;9.883177
0.040838;0.073494;1.035784;9.886386
0.026220;0.135741;1.018217;9.888333
0.164351;-0.267037;0.897923;9.853453
0.115140;-0.060700;0.869753;9.859841
0.066316;0.125945;0.843989;9.867899
0.039785;0.221022;0.810207;9.871091
0.035490;0.225746;0.763580;9.872016
0.142981;-0.253737;0.637993;9.835539
0.104571;-0.066957;0.600108;9.837059
0.079081;0.040472;0.562118;9.847048
0.059241;0.160606;0.524040;9.853995
0.158670;-0.381946;0.404126;9.809963
0.127782;-0.167043;0.368102;9.816222
0.111468;-0.058072;0.331837;9.823541
