478.386112;455.448935;441.130456;448.816155
460.353080;452.843960;462.372275;449.999952
476.743989;455.972866;439.434382;449.212429
454.764478;454.393430;462.671206;451.418876
449.318503;454.027726;468.546460;452.034831
450.964069;454.554311;466.755347;452.260127
451.803329;455.112363;465.971106;452.671721
452.496837;455.502046;465.756567;453.010422
456.506923;457.464742;456.888988;453.839162
452.976045;457.438052;460.500038;454.580972
449.788166;457.362154;464.126457;455.032169
452.662233;457.959495;461.090423;455.238449
468.776179;460.283539;439.640587;454.978442
452.367523;459.262382;457.412005;456.170562
449.655090;459.200987;460.516231;456.464429
451.182192;459.584479;458.920137;456.579531
452.732341;459.837922;457.543185;456.575501
453.947514;460.698257;452.485167;457.058612
451.521603;460.666757;455.157378;457.334895
448.798483;460.701479;458.132206;457.561406
445.753473;460.495418;462.162043;457.671526
449.429872;461.066243;456.271771;457.758524
448.032994;460.996035;458.332790;457.899680
447.455509;460.984568;459.722207;457.919178
449.610866;461.137868;458.329487;457.850175
451.140384;461.152960;457.631922;457.827729
464.220269;461.646713;442.275660;457.485638
452.580196;461.307575;454.854828;457.824884
449.717284;461.025547;458.571443;457.688183
449.761191;461.034721;459.184514;457.716476
466.623263;461.428138;440.362817;457.418374
452.269959;461.108884;455.796504;457.738040
449.222248;461.145266;459.362242;457.847497
445.467041;461.337883;463.774509;457.986037
456.917392;461.489487;450.397885;457.865751
458.264759;461.458849;448.089169;457.938730
443.484051;461.719161;463.269239;458.090900
442.712051;461.800940;464.566912;458.410442
442.111870;462.004779;466.088106;459.012552
447.978822;462.220249;461.502703;459.513105
466.584919;461.803509;442.539087;459.236227
455.941744;461.045591;454.244690;459.502143
454.151412;460.521912;457.292570;459.497791
454.093718;460.028375;458.898970;459.030410
471.494845;459.863967;440.196544;457.123992
458.856856;458.168873;456.001472;456.512704
456.128630;456.650910;461.313087;455.912814
455.915165;455.037321;464.654986;454.852390
473.102821;454.693631;448.085695;451.805117
461.455493;453.708024;464.616366;449.093312
458.709634;452.689724;470.871666;447.108826
460.047565;451.440560;473.166110;445.327122
463.768190;450.304941;471.755001;444.820141
470.107151;450.728612;464.044747;443.765017
465.588188;449.136409;469.475704;444.878459
465.048735;446.995724;473.681535;444.363626
464.454555;445.729141;476.263720;444.405150
466.692779;445.256093;475.606262;443.976683
468.738881;445.123049;474.505702;443.694344
475.867744;448.683217;461.587840;443.657761
468.181291;447.136589;470.319499;444.721619
465.003229;446.365456;474.489210;445.189154
465.033518;446.610648;474.773942;445.239445
466.695249;447.877156;472.250484;445.571877
471.443294;451.988742;460.363616;446.376976
463.350206;450.329650;469.240547;447.894905
461.718048;450.344344;470.798227;448.641543
461.241634;450.185203;471.914883;448.893162
462.705558;450.766426;470.579672;448.889057
462.819061;453.869087;464.413560;450.469003
460.237495;453.144489;467.368581;451.275286
459.952334;453.217398;467.859607;451.567017
460.461626;453.390339;467.694422;451.698988
462.071330;453.949435;466.126326;451.618920
459.606393;456.256392;462.357288;453.427975
457.568673;455.443704;464.984989;453.958697
456.352795;454.950504;467.274731;453.938082
464.631915;459.304937;452.663037;454.107655
457.528649;457.629349;461.034970;455.015996
456.616146;457.547719;462.270234;455.261354
454.647987;456.853603;465.380343;455.517384
457.298672;457.264169;463.186085;455.092467
457.052640;460.064388;456.591216;456.588527
453.726624;459.127259;460.680420;457.284245
451.477095;458.293259;464.313197;457.273854
452.806068;458.331587;463.899623;456.869025
452.764918;457.529584;466.182198;456.512837
456.030288;460.082590;457.243287;457.030864
454.851420;459.739140;459.087789;457.257120
452.517911;458.751975;463.240659;457.216816
454.621248;459.020374;461.590288;456.814460
455.385663;458.916812;461.868395;456.537899
453.821469;460.161908;458.462548;457.466208
454.392921;460.017240;458.259975;457.471959
452.918399;459.930834;460.077850;457.499963
453.555070;460.031522;459.710263;457.433562
454.810724;460.045604;459.009024;457.159821
467.466192;463.457407;439.819881;457.011661
451.565619;460.825561;458.478410;458.344624
448.782503;459.996084;462.342236;458.409202
447.732037;459.563506;464.862437;458.068079
467.611833;462.977766;440.279872;456.977847
452.525512;460.774559;457.279504;457.844826
452.385953;460.505244;458.562789;457.798548
450.727380;460.040357;461.573105;457.670431
451.783592;459.866783;461.702728;457.338080
453.186832;460.813970;456.934151;457.737990
451.241968;459.970010;460.463243;457.679427
450.536880;459.657320;462.388971;457.390002
453.281720;459.788154;460.342751;457.121308
453.869125;460.502103;457.029231;457.396142
450.658036;459.770511;461.601769;457.322086
452.574632;459.766898;460.368761;457.090019
452.986638;459.693931;460.846642;456.944082
464.641831;461.223046;445.704434;456.604969
452.216808;459.919463;459.828315;457.191931
450.711248;459.422992;462.498149;457.030930
452.460092;459.505084;461.384934;456.827954
472.442075;461.408236;437.609291;456.049570
455.455805;460.202604;456.142812;456.857471
451.072026;459.739044;461.464977;457.087130
452.503782;459.669507;460.817888;456.838728
453.018884;459.733970;460.856941;456.768541
456.373450;460.473986;454.757585;456.982888
453.155662;460.109587;458.744879;457.174567
448.737538;460.024040;463.896840;457.331244
451.481676;460.015940;462.085460;457.173963
452.536499;460.118404;461.506702;457.251614
454.685440;460.528265;456.870080;457.265592
450.960882;460.303772;461.374323;457.407443
448.619483;460.329578;464.576949;457.336514
452.387719;460.569116;461.643741;457.108372
455.332449;460.851844;458.722158;457.069976
458.556385;460.756745;452.847303;457.368733
455.017821;461.362822;455.985899;457.273321
451.437562;461.553804;459.319136;457.647625
451.719141;461.701880;458.843647;458.003678
472.461105;461.671096;434.383562;458.302160
452.822390;462.307378;454.147137;458.762551
448.668994;462.948295;457.492443;459.286307
448.477952;463.582585;456.619976;459.783055
445.665387;463.123320;459.054026;461.329160
445.123312;462.493664;457.670578;461.874912
446.340718;462.834131;456.529530;461.926574
446.184717;463.315781;457.270426;461.669413
447.952904;463.710818;456.893556;460.953352
470.443543;462.719769;433.404090;459.675523
450.821617;463.085209;454.558140;459.181347
450.920986;462.969744;455.591107;458.785137
449.541845;462.656711;458.130514;458.435159
449.347776;462.377887;459.694604;458.212898
473.879272;460.037705;434.188508;456.828828
458.986617;459.863333;450.268281;456.491131
447.671219;460.232671;463.548360;456.707310
450.468116;459.948699;461.681755;456.506011
472.533329;458.052305;438.327749;455.179195
454.145065;458.461662;458.070757;455.161772
452.970373;458.558002;460.224442;455.120025
449.763323;458.833114;464.309975;455.297259
474.304911;457.294701;438.224622;454.104188
459.927917;457.626949;452.852472;454.165790
451.029782;458.213518;462.575936;454.577521
452.629021;458.507715;461.411128;454.776643
452.078216;458.858838;462.555368;455.127787
472.668150;457.380346;439.192861;453.953454
453.897843;458.389166;459.541117;454.646632
451.085139;458.778767;462.627508;454.988570
451.024510;459.182405;462.986559;455.345344
453.628961;459.507982;460.752025;455.624602
453.030518;458.594702;459.271820;454.727328
450.697279;459.126133;461.923615;455.173154
452.209582;459.311351;460.450471;455.342011
450.631605;459.652945;462.325321;455.637895
448.375008;460.244317;464.986278;456.201576
455.190130;458.911355;455.781377;454.915763
451.533299;459.328489;459.875038;455.312949
445.148880;459.888625;466.610561;455.775297
450.114989;460.134626;462.221526;455.968764
450.791035;460.331614;461.570662;456.174935
458.438327;458.976123;451.594497;454.875340
451.742801;459.629009;459.146431;455.409465
450.463975;459.807692;460.806830;455.606020
448.947870;460.212150;463.101827;455.963442
476.217174;458.833862;432.837832;454.776013
452.451006;459.304385;457.918327;455.112920
448.691090;459.752752;462.292534;455.484299
448.344658;460.042424;463.091082;455.677025
450.549494;460.138229;461.380832;455.832037
473.489718;458.896860;435.990878;454.832958
455.339464;459.511796;455.674958;455.244192
448.899578;459.856969;462.608106;455.573216
444.914571;460.305501;467.155769;455.932928
478.968074;458.971724;430.748821;454.800533
453.867959;459.566319;457.372409;455.252188
448.985688;460.001233;462.800813;455.576326
450.035713;460.203315;462.157599;455.786745
451.979819;460.316369;460.628956;455.924328
480.991442;459.029234;429.022286;454.996176
457.459393;459.622427;454.096691;455.330701
451.080700;460.006984;460.933164;455.752825
450.089187;460.146893;462.183030;455.949489
455.966201;459.510116;454.772761;455.445804
444.929408;459.730199;466.061867;455.902932
437.932401;460.038768;472.596787;455.870687
435.382499;460.114813;475.559976;456.333894
443.411546;460.507859;469.762508;456.944131
450.579276;460.743078;464.599173;457.424329
480.295273;460.269251;433.268673;456.308776
461.586605;463.674555;453.061605;452.591336
457.299679;464.885974;456.473136;452.412971
454.705603;465.168552;457.315087;454.055331
474.447156;461.556736;433.035684;456.876249
449.124375;463.669768;456.269441;458.625008
445.191496;464.754081;457.112192;461.470041
440.771127;466.713173;458.463571;463.717856
445.748353;465.165863;451.041970;465.610367
439.937687;468.116558;453.840117;466.799118
440.019124;470.139195;451.958835;467.553846
438.093162;472.625851;451.409055;468.751105
437.877734;474.376872;449.546903;469.929587
450.465549;469.419625;439.011826;468.699548
435.528560;475.079702;449.799981;469.503013
437.759419;475.408208;446.785908;470.369572
436.668441;476.348960;447.248274;470.869561
435.231775;477.747137;447.964610;471.566038
438.201167;477.088808;446.289896;471.768805
440.432158;473.550488;446.577250;469.956437
442.285641;473.196773;446.091267;469.558387
442.704048;472.461960;448.190117;468.519331
442.332083;472.609955;449.789353;468.149188
459.294728;463.769402;439.429656;465.935893
443.080394;468.110322;454.864669;464.055575
442.080385;468.970194;456.897310;463.493762
443.375454;468.979697;456.925225;463.507652
442.231504;469.965839;458.653295;463.777036
454.456548;463.253435;452.591656;460.872441
458.668503;461.453595;451.189160;459.392794
449.533985;463.722312;460.797814;458.581847
451.691986;463.290517;459.702173;458.642848
452.478084;462.976871;460.079886;458.464401
483.648544;452.732436;434.141228;456.336049
463.839226;456.015556;454.260372;454.268479
456.321225;457.378651;463.150435;453.211687
452.092710;458.140725;467.527881;452.896438
453.453342;458.571659;465.898939;453.576495
472.864972;451.458907;449.931952;451.105550
457.117236;454.515392;464.940211;450.505753
454.503994;455.463744;467.546392;450.834216
454.663965;455.790473;467.656003;451.067182
456.246816;456.477880;465.712856;452.044536
487.506943;450.477237;435.587905;449.877326
461.859494;452.869766;461.947169;449.487056
457.288116;453.829831;466.318855;449.808410
453.995988;454.170292;469.500050;449.982907
452.892196;455.087895;470.162594;451.032676
465.983444;452.149260;457.716515;448.853941
459.666354;452.532279;464.863258;449.043160
455.414014;452.651061;469.877317;449.392779
458.405936;452.410001;467.982464;449.321920
485.327410;451.729831;438.817200;446.160807
462.243836;449.778914;465.239230;447.294261
460.618297;449.644045;467.855963;447.279134
460.896525;448.942338;469.951779;446.526505
462.859479;448.574545;470.428260;445.205022
489.689953;452.639582;440.048153;440.465709
464.446067;448.663347;470.102738;442.680589
462.691604;447.224001;474.263964;442.859117
464.647221;446.321103;474.855070;442.271968
489.293859;451.450472;446.656217;438.562613
474.217314;445.811460;465.994615;442.304036
476.850257;441.893589;466.975355;444.574107
466.598324;451.827931;477.657216;432.109734
464.100537;454.687515;478.541850;429.932824
478.622505;458.731115;455.513103;434.797516
458.865538;457.685640;469.684751;442.206852
453.899744;458.114497;468.404516;449.586448
449.382506;459.719233;465.576083;456.945792
449.888010;461.830962;457.180363;464.097195
453.938246;463.469206;442.752392;471.499819
440.592119;469.313512;448.497167;473.282460
435.924321;474.177617;445.764465;475.962898
433.127686;478.596927;441.701687;478.611812
432.476801;481.016680;435.204797;481.212376
428.420431;484.802228;433.954901;482.647488
425.063755;487.443576;435.181853;482.878132
423.030229;490.083187;433.819211;484.340748
449.822449;482.333360;408.051598;488.091691
427.055482;488.650380;428.475091;485.562510
423.848050;490.276547;431.292697;485.496698
421.826140;490.911614;435.116386;484.713960
425.842970;489.888504;433.175121;484.938265
443.912811;479.260536;424.461525;483.303775
431.201243;483.617061;437.150370;480.754376
428.976923;484.352644;442.075844;479.017132
428.721197;484.618666;445.066030;477.853674
435.493834;481.990056;443.783533;476.790487
439.317239;480.124326;444.211561;475.709991
455.829446;467.838968;438.899027;471.067983
443.595602;471.937913;453.285163;467.552893
447.090475;470.354018;454.076646;465.762056
447.729392;469.399893;456.921318;464.256744
448.529743;468.907258;459.188447;463.169323
461.081948;458.466257;457.641119;457.114896
457.467218;459.305227;464.417015;454.395626
454.947310;459.718701;468.556849;453.161289
458.123758;458.576962;466.774301;453.159928
457.301685;458.718745;468.467842;453.063636
460.662088;457.894621;466.207895;453.245713
479.161809;447.807266;452.481785;449.886090
464.497445;451.714340;467.354830;448.404262
459.669372;453.713692;471.177734;448.523278
457.480238;455.100961;472.215745;449.254974
458.066386;456.446296;469.741496;451.032479
464.541083;451.585061;465.833345;447.980140
461.801297;453.075619;467.452642;448.490994
458.993254;454.386897;468.763634;449.243591
455.011644;456.785044;469.774006;451.093074
457.741256;457.427415;465.594186;452.477142
473.500738;451.414698;450.408690;450.515173
456.842312;455.775848;464.324891;451.297574
455.733146;456.858919;463.991887;452.097009
449.140153;459.405106;468.198073;453.501135
455.838708;456.814292;461.503560;452.516788
453.055656;458.363765;462.870962;453.308392
450.368750;459.810742;463.960041;454.328518
452.618254;460.517933;460.561193;455.514569
472.634069;455.938990;441.372029;454.841394
455.761425;459.118332;457.146581;454.666257
451.651469;460.676209;459.796739;455.257290
450.578305;462.163504;459.577281;455.761448
480.579623;456.603243;430.651514;457.038363
455.196408;461.852624;454.449581;455.220706
447.389220;462.248895;459.818709;458.372186
441.816686;463.517214;462.756045;460.363871
442.909247;463.951484;460.652818;462.093673
444.649615;464.798384;458.409840;463.047091
468.957867;459.509630;437.039415;461.988218
450.534575;463.485432;454.177615;460.657318
448.889219;464.451260;456.026092;460.173340
446.107241;465.510556;458.984384;459.859752
470.575129;461.214069;437.234207;459.429830
451.798410;463.173404;455.900739;458.174442
451.238267;463.337982;457.248432;457.912159
448.081782;463.782416;460.911102;457.952720
450.349326;463.418689;459.626390;458.059591
452.832484;462.779946;458.190997;458.262189
463.669370;458.422845;449.473562;455.965834
449.624709;460.560921;463.678938;455.897217
451.479121;460.285916;462.383948;455.844322
451.124825;460.462476;463.282534;455.967574
461.784133;456.985526;454.340585;454.127438
454.689291;458.309790;461.491301;454.063143
450.161411;459.136633;465.969337;454.281297
449.151230;459.901370;467.030744;454.818471
472.843172;455.693964;443.980087;453.560716
456.664257;457.585943;460.278143;453.536252
452.146683;458.581967;464.479275;453.913203
454.000915;458.708426;462.693118;454.184121
455.686588;458.971587;460.881875;454.695285
475.471509;455.428841;440.552489;453.451091
452.428779;458.218422;463.652877;453.738349
451.225524;458.647916;464.347431;454.068144
447.381258;459.841078;467.569054;454.825615
479.314473;456.452885;434.946532;454.355667
457.290853;458.211905;456.953365;454.265520
453.105958;459.247780;460.797550;454.712627
450.448158;460.005132;462.988653;455.214191
450.018461;460.632541;463.159847;455.782943
456.636137;458.187865;455.624361;454.371518
448.117847;458.356143;464.380916;454.023990
433.945858;460.209537;475.820090;454.566910
436.819126;461.142883;472.587402;455.440787
440.851167;462.247208;468.754414;456.838955
446.412248;463.171634;463.531626;458.171777
461.846051;461.027574;447.721216;457.952156
456.410852;462.450906;452.819253;458.186330
453.557948;463.302061;455.246190;458.441499
452.065811;464.077600;456.243342;458.884338
454.462721;463.901947;453.443314;459.100567
459.469162;461.106314;447.193710;457.307889
449.157514;462.827045;456.658608;458.002892
445.509890;463.215407;459.291065;458.900301
445.522234;463.195860;458.931301;459.723550
467.252449;458.721162;437.569455;458.873191
450.502906;459.896759;454.304376;459.401852
446.508593;460.052958;458.900852;459.404057
447.504331;459.633985;459.181242;459.104003
457.459842;457.290451;451.259846;456.989888
457.020716;455.759474;454.958374;455.978992
448.618605;462.335841;465.357943;448.391616
453.134466;463.630380;461.579581;446.916065
478.792725;460.977564;436.294506;448.049053
459.244093;462.479481;454.829905;449.413683
449.670366;462.464902;461.489387;453.521224
448.226579;462.566385;460.456295;457.248202
447.932392;463.343994;458.020271;460.742396
468.801221;458.219999;439.070396;464.035790
451.012273;462.897544;452.477653;464.632086
442.086026;467.522097;455.655307;466.598868
441.232153;470.133400;453.160092;468.451820
441.446710;472.500849;450.021002;470.030215
464.053293;466.600234;430.002501;472.114994
442.116835;473.357513;447.618199;470.045634
439.836106;475.506698;447.208150;470.993291
435.707374;478.030938;448.522052;471.928249
435.222477;479.551284;446.903653;473.291011
438.125270;476.894236;447.298221;472.318914
437.678424;478.029923;446.017559;473.175176
435.699352;479.492990;446.555989;473.913224
436.852264;479.902929;444.833380;474.791332
453.257740;471.943176;435.886147;474.502705
442.413159;475.465499;445.383412;472.439590
441.631448;475.747424;446.717302;472.001204
438.869400;476.925601;449.209880;471.751477
439.528090;477.096549;448.737999;471.974881
450.847231;469.400720;446.485514;468.662333
440.279312;473.704033;454.667599;467.564175
444.193847;472.197892;452.610722;467.494681
445.741969;471.642960;452.545350;467.158682
446.351630;471.631909;452.935620;466.912243
455.520922;463.847115;452.826942;462.711692
453.916656;464.207235;456.018544;461.107563
450.200275;465.193035;460.271544;460.041821
451.419149;464.620416;460.383637;459.622528
475.712716;454.459863;444.212444;458.529622
455.117219;459.437159;463.648154;455.667507
455.300700;459.412736;464.418857;454.918923
455.847892;459.042857;464.772676;454.592575
455.427421;459.398639;465.330087;454.711966
469.258442;453.434305;456.275780;453.210694
461.478670;455.119961;463.788086;452.127605
460.036280;455.570752;465.431470;451.759262
458.549934;456.085345;466.691691;451.869139
456.206518;457.129198;468.157865;452.467650
469.486188;452.115746;457.296027;451.233032
461.602432;453.635819;464.909861;450.632585
458.270712;455.189922;466.717574;451.328603
457.404902;455.972211;466.963088;451.882966
464.036017;452.352887;463.028571;449.622117
459.798398;453.982779;465.746286;450.229000
457.761507;454.534970;467.390840;450.392476
454.667451;455.659952;469.407426;451.321502
459.399435;455.261564;464.768493;451.695567
473.526854;451.628122;451.252434;450.219728
457.582796;453.942766;465.918177;450.525945
456.946071;454.409625;466.242353;450.886319
456.376984;454.946378;466.590781;451.303852
457.386826;455.156785;465.620733;451.616145
470.318872;453.471810;452.876555;450.639554
461.194750;454.058785;461.989474;450.723493
457.508539;454.445026;465.641466;451.010083
454.461066;454.739337;468.809166;451.376053
456.517367;454.752201;467.251775;451.515875
465.222417;453.887027;458.082227;450.493336
457.513579;453.952736;466.375640;450.718844
456.334172;453.919159;468.139268;450.778790
478.042083;453.721400;445.982546;449.114704
460.073168;453.378752;464.371150;449.964635
458.887150;453.126930;466.273446;449.991373
455.703835;452.950338;470.478417;449.951268
459.622053;453.148324;467.353173;449.459536
461.498367;453.411991;465.964336;449.017056
480.768830;454.520307;443.247856;447.268309
463.180103;453.967890;460.994104;448.659849
459.566447;454.032740;464.443338;449.345961
455.137686;454.279974;468.630711;449.968815
457.524512;454.786024;465.466550;450.619148
458.841146;455.341939;462.891945;451.678294
461.447267;456.299700;456.625159;452.402398
460.721158;456.831406;456.029420;453.375018
451.410758;458.542866;463.961479;453.677951
451.850033;459.561759;461.757132;454.982811
468.059785;460.409141;441.157226;456.738510
448.728303;461.781189;458.402132;458.024484
446.085140;463.003556;458.810544;459.743946
445.626486;464.125807;457.238353;461.358489
442.642093;465.717251;458.182890;462.853216
461.452332;464.735577;436.740560;464.073117
449.147469;466.564457;447.652043;464.361357
445.062266;467.759431;450.570930;464.921727
440.574264;469.222629;453.858800;465.529605
468.120220;465.679516;425.425240;465.858456
446.884236;467.958625;446.720344;465.166534
440.167218;469.488141;452.820491;465.261342
441.041842;469.632684;451.936087;465.547123
442.210396;469.676786;451.225589;465.687987
452.162226;466.623728;443.048438;464.698157
445.398164;467.535595;450.700269;464.087499
442.101229;468.057749;454.600615;463.815166
441.067761;468.614437;456.052380;463.951464
466.811887;463.321400;432.877846;463.854438
449.240370;465.424857;450.848980;462.628537
445.685166;466.121754;455.307975;462.035155
446.805802;466.048119;454.950736;462.063506
449.145387;465.528106;453.738628;461.976672
465.345536;460.296793;440.463354;460.689363
450.605481;462.793397;455.501404;459.569198
448.333399;463.199196;458.248618;459.057551
446.885895;463.606495;459.871388;459.168449
447.985755;463.855390;459.095506;459.436292
465.020484;459.129942;444.638803;458.758101
451.963102;461.509853;457.254021;458.073473
450.430855;462.296408;458.507633;458.241735
449.221042;463.030173;459.480966;458.628510
450.106571;463.452175;458.404731;459.169913
457.000137;460.339127;452.764115;458.062007
451.017389;462.082173;457.966042;458.128331
449.075370;462.906809;459.399747;458.444421
449.019372;463.904327;458.604951;459.304718
473.746984;458.103831;435.860640;459.575175
455.240900;461.320292;453.646822;458.456372
447.072907;463.968328;460.076220;458.686398
449.429934;464.043526;457.114882;459.508741
447.905898;465.098330;457.663919;460.189233
449.556663;465.686857;455.259497;461.023991
459.818871;461.499403;446.733540;460.534628
450.182387;463.712930;454.887571;461.027317
447.016294;464.364978;457.122435;461.702292
447.077974;464.583715;456.363213;462.585631
461.204460;459.381671;445.466081;461.509492
448.945966;461.242618;456.606690;461.213184
446.387232;461.765699;459.899754;460.690432
448.687136;461.869518;459.162398;459.776301
477.316045;456.701118;435.746836;456.883494
457.771547;456.995854;457.486286;455.340417
458.683421;455.667991;459.784286;453.693044
460.515939;454.308436;461.024698;452.120755
457.147338;458.485339;467.188365;445.684601
460.359551;459.077895;466.554472;441.228478
455.356726;459.215505;470.399934;442.797032
454.563995;458.728166;469.476907;446.182159
455.808249;458.015425;465.181057;451.557725
455.097521;458.414260;463.144482;455.128304
457.276530;456.685759;458.243190;458.121267
452.309746;459.182389;458.895792;460.793220
463.575352;455.761962;448.275572;461.087925
448.421944;461.167536;458.661463;462.010096
440.132379;466.051129;461.465138;463.091340
442.030404;466.240665;457.706963;463.825339
438.953680;469.470704;457.060045;465.138646
436.699850;472.420109;455.982448;466.700395
435.398943;475.318870;454.262497;468.473688
442.811891;475.113836;447.040289;470.099053
455.057990;470.060275;435.118594;469.519835
448.708872;471.073901;442.276498;468.517988
445.780139;472.148717;445.897741;468.560048
444.847795;472.116674;448.008894;468.287017
446.107260;471.339266;448.557317;467.695608
472.389218;461.812178;426.732565;465.808215
450.192173;465.479009;451.118893;463.403734
446.544849;466.085396;457.128433;461.558973
445.621115;465.943331;459.710263;460.814524
445.655205;465.935366;461.253090;460.465696
467.135509;457.525049;445.352899;457.585647
454.096707;459.892301;459.855800;456.061277
452.411762;459.849601;463.178698;455.170502
449.501473;460.583717;466.883638;455.089553
453.787401;459.830095;464.002604;455.199980
456.477856;459.028504;462.579846;454.977934
459.754637;455.249723;462.125831;452.173841
458.657321;455.868262;463.303119;452.007198
455.325177;456.727061;466.599668;452.220946
453.567465;457.580712;468.350537;452.735489
461.626000;453.728709;462.023996;450.400359
454.480965;455.826530;468.020759;451.070654
455.052683;456.327514;466.918270;451.663573
454.712161;456.991414;466.798740;452.343861
484.843692;451.941180;436.684136;451.041440
460.136741;454.793147;460.875399;451.034303
454.541252;456.075781;465.774378;451.607296
452.009548;456.950058;467.477095;452.255051
453.594424;457.420185;465.527778;452.901592
451.466647;458.365581;467.236573;453.746467
480.021479;454.919871;437.100627;452.675034
460.400336;456.212945;456.776771;452.546462
454.495149;457.094829;462.679703;452.985496
451.626008;457.659120;465.285623;453.388248
451.632220;457.904506;465.313294;453.655979
469.017172;456.042832;446.876308;452.419191
455.692151;456.795096;460.806311;452.741513
453.294394;457.009716;463.570944;452.946991
452.191086;456.984353;465.360031;453.081101
455.561909;456.793576;462.861412;453.009826
455.971070;455.836429;461.833464;451.778617
451.772890;455.939160;466.797330;451.814740
450.822789;455.922177;468.870270;451.675177
479.736620;455.838486;438.818818;449.737174
464.702397;455.430544;454.522671;450.357133
456.806815;454.766784;464.248810;450.846601
459.427439;454.082711;462.664940;450.963359
463.852469;453.034611;459.074885;451.046897
495.813993;453.952126;421.006650;448.502158
461.095732;456.874123;460.912815;445.773071
449.429044;457.793685;473.473578;443.879922
449.722575;457.003875;472.383921;445.970687
468.606105;457.924017;451.628056;448.648376
449.226329;457.142576;469.653376;450.836134
448.194287;457.207954;469.359202;453.321783
451.179369;458.118756;464.990943;455.518907
470.498467;458.632103;442.544844;457.064837
449.874950;459.976850;460.164131;458.878514
449.337283;461.392865;458.714795;460.071024
450.423080;462.812273;455.819736;460.982148
450.197132;464.373202;454.115537;461.576579
457.013757;464.175144;444.015136;461.220996
447.648961;465.723318;452.234847;461.728394
443.753453;466.652859;454.944162;462.193421
440.619502;467.573483;457.100749;462.729905
443.211407;466.734076;452.723201;462.494511
439.948633;467.270010;456.313551;462.622997
440.979569;467.797152;454.925562;463.193252
442.981029;467.616042;454.123246;463.232510
460.402304;464.430319;435.927954;462.553710
446.013759;465.662658;451.448449;462.079396
443.534459;465.839215;454.996967;461.793114
445.089217;465.649392;455.078511;461.449980
445.354900;465.747482;456.066580;461.381360
443.194699;464.287028;459.179046;459.925218
448.208789;463.783353;455.632882;459.616844
446.232388;464.000113;458.841551;459.498553
445.410051;464.370590;460.923549;459.597238
464.177481;460.516564;443.165142;458.059972
449.648983;461.796960;459.156863;457.522622
447.935183;462.051186;461.718644;457.525997
450.583016;461.852371;460.072442;457.487563
474.518067;457.360665;435.975517;455.934273
455.472445;459.167398;456.688885;455.488644
452.035992;459.529082;460.674874;455.191282
450.523117;459.760631;462.667778;455.229544
452.532829;459.674641;461.300167;455.283007
475.777940;455.878838;437.721931;453.928548
452.305992;458.443096;461.725901;454.173264
450.699993;458.772040;463.493423;454.254655
447.653333;459.668781;466.549049;454.886999
479.536026;456.250498;434.358591;453.986709
463.416689;457.190727;450.695301;453.716365
453.965585;458.527260;460.460512;454.245806
452.205505;458.941622;462.357590;454.556695
451.170083;459.427040;463.551163;454.943066
448.804762;460.083562;465.849484;455.546976
454.512452;458.349270;459.464525;454.296874
451.648125;458.976952;462.513503;454.658388
452.511173;459.181839;461.992666;454.884114
452.518333;459.610587;462.339116;455.318067
451.225037;458.681865;463.052499;454.442526
452.895015;458.840910;461.700467;454.598953
451.281304;459.069979;463.808530;454.793668
452.926995;459.495766;462.819750;455.196438
461.289241;457.904910;453.124482;453.870997
451.506038;458.415023;464.183260;454.262048
453.255085;458.272608;463.122075;454.281323
455.313560;458.432725;461.827509;454.226587
456.151459;458.808313;461.891426;453.558799
464.535171;458.427807;451.997957;452.030491
457.493513;459.366920;459.383363;452.015238
452.937875;460.347502;463.602752;452.028188
454.531379;460.939060;461.090429;453.137193
456.343715;462.436243;457.742020;453.765125
476.188783;461.704385;434.179041;454.649824
466.843269;467.250788;441.001305;453.617697
447.307126;458.811606;456.833491;466.348291
439.034236;457.529071;461.991518;469.818118
439.566565;457.690515;461.371051;470.032548
442.383775;458.771424;460.456801;468.258107
448.781698;460.857086;458.024203;462.489192
449.361071;461.779067;460.591570;458.920317
447.335322;461.727996;466.639698;455.563871
455.067914;460.681567;463.522581;453.153173
466.876001;460.307167;454.221359;448.927052
461.447418;456.969003;464.197191;447.899653
462.283217;454.069848;467.807897;446.739848
463.520679;451.032874;470.947365;445.664899
466.564950;448.498850;471.887016;444.379196
468.979396;445.980179;473.508696;443.017451
467.342066;444.512922;475.700406;442.599188
469.074312;442.790612;476.726320;441.330516
469.862252;441.511636;478.690935;440.183358
471.346280;440.626563;479.649378;439.033386
472.046637;442.802056;475.535953;439.357287
469.471109;440.948406;480.204551;439.426627
468.530316;439.605545;483.366346;439.089215
471.539100;440.683322;480.252942;438.946581
473.608584;440.205220;479.801146;438.299534
483.705383;448.003460;459.820511;438.846769
474.288620;444.665775;471.495162;440.332641
470.639618;444.365745;474.666990;441.656398
468.104778;444.779357;476.111325;442.978538
481.536486;453.656464;452.652598;442.122611
467.424270;449.928883;467.316979;445.966662
461.890161;449.049922;472.781014;447.711764
461.346148;449.507514;472.810926;448.362549
461.190564;450.098583;472.484682;449.042504
461.891633;450.828555;471.520687;449.613552
465.120169;456.238142;458.027063;451.379313
459.164925;456.114890;462.942635;453.473949
454.646297;454.870107;468.768989;454.394574
458.338934;456.789900;463.170223;454.392688
456.149525;457.063420;464.370173;455.479083
453.471754;460.224594;458.672485;457.644509
453.575674;460.899131;457.491316;458.294447
450.470154;460.661758;460.906901;458.928066
451.026417;461.190276;460.100167;459.164473
457.947739;468.894292;437.273732;461.891931
438.917729;463.951447;461.055719;464.156115
437.608745;462.833670;463.621507;463.745632
438.228569;462.122527;465.669395;462.734805
442.133226;461.979499;464.568085;461.605863
448.562956;463.876792;455.631124;461.465727
448.711797;462.610393;458.550637;460.893613
450.351385;461.883382;459.679236;460.033931
452.484154;461.331090;460.071620;459.172625
456.801389;461.232913;457.252018;458.306465
460.194839;462.238752;448.452972;458.046712
455.637136;461.063742;455.016552;458.352748
454.577640;460.619612;456.918843;458.047675
453.882584;460.393065;458.167063;457.805830
452.944454;460.020979;460.096375;457.563906
473.323014;463.293337;433.212579;456.040323
453.343647;460.872737;456.102423;457.613846
448.138715;459.785022;462.828927;457.886424
449.024637;459.649899;462.803642;457.435036
469.884314;462.737416;437.800767;456.361821
456.004564;461.047218;453.192907;457.256967
450.393963;460.272587;460.404072;457.451927
450.616862;460.090631;461.207210;457.349156
452.288808;459.861575;460.932559;457.006347
474.438131;462.670616;434.517431;456.126070
454.840694;460.576912;456.415674;457.218763
451.904880;460.083727;460.393636;457.128770
451.702865;460.126321;461.403034;456.770306
453.156523;460.110240;460.971887;456.425155
470.744218;461.973288;439.663553;456.063342
450.004373;460.532562;461.946687;456.678001
453.522096;460.925930;458.143836;456.831289
452.627197;461.179186;458.982766;457.183031
453.080108;461.632550;458.001850;457.594020
453.000803;462.057406;457.612004;458.106243
455.505655;462.591736;451.286804;458.746972
451.796849;463.143297;454.146297;459.339334
443.465127;460.343665;462.246494;463.151310
447.995597;460.443005;459.039954;462.311997
463.509281;461.498315;441.695496;460.589896
451.065360;460.397388;457.168572;459.841490
450.084441;460.341970;461.105346;458.058976
451.861123;460.219371;462.402930;456.092237
455.825936;459.692902;461.469315;454.513157
471.387096;460.651375;443.187567;452.297846
458.980977;457.937475;460.416885;452.048315
455.784963;456.421822;466.712953;451.916605
456.330305;455.308733;469.045948;451.565970
483.043530;456.896306;437.009880;449.050521
462.923976;454.719804;460.388403;450.535102
459.456718;454.055659;465.491319;451.004479
458.973928;453.943037;466.588799;450.951923
458.440540;454.015542;467.547927;451.130251
474.985398;456.089884;444.925181;450.059875
458.577519;455.367008;463.015307;451.639201
454.070484;455.388530;467.725436;452.411224
450.961744;455.597144;471.496390;453.082363
456.021464;456.623590;465.992898;453.310718
456.201204;457.262845;464.818238;453.916636
455.773548;458.173739;459.898981;454.250131
454.154408;458.717162;461.105698;455.004598
451.619216;459.118313;463.262225;455.681279
451.638745;459.589648;463.546043;456.148435
452.298051;460.172218;462.146655;456.570474
454.907593;460.900688;453.983669;456.567374
451.020031;461.105685;457.874406;457.332281
446.628390;461.230703;462.774555;457.735942
448.054703;461.457488;461.753246;457.854624
454.672482;461.753796;451.191511;457.373476
445.807498;461.855406;461.125620;458.195303
446.096007;461.775375;461.630085;458.213347
446.484458;461.787838;462.380962;458.165321
449.041021;461.771755;461.403098;457.928709
449.773534;461.780748;460.647334;457.862870
454.910849;461.395252;452.055462;457.081455
451.890013;461.134669;455.980824;457.156827
447.446230;460.773393;461.881600;457.064483
474.379613;461.172801;431.096920;455.754223
463.516006;460.903007;442.470479;455.851075
449.076523;461.050618;458.473712;455.563684
447.817056;461.593422;460.314641;455.297372
446.646081;462.358815;461.825973;455.275636
465.874709;462.422775;439.676215;455.500710
452.278312;464.195458;452.789276;455.591500
451.911583;466.198297;451.364736;455.956155
452.006251;468.293003;448.685095;457.327612
482.023939;465.019570;413.370218;461.381019
442.618576;457.880160;449.531118;474.503817
438.715622;455.450499;451.827219;477.256030
435.228999;455.924783;456.756480;475.984981
435.795073;457.706606;460.310485;471.673429
463.659065;463.992810;440.457181;461.046934
455.530309;463.473561;452.408963;458.090203
451.982742;461.840055;465.955704;450.977775
459.328419;460.510300;466.532983;446.191234
463.746711;456.875218;469.964170;442.925781
468.750435;452.511335;472.301394;440.663304
483.863865;454.231303;457.681734;438.403203
476.531745;444.341009;475.001493;437.951069
476.745109;439.858047;480.769983;436.583319
477.173951;435.271443;486.455895;434.910037
493.661632;440.726192;469.385929;429.710980
483.003068;433.748182;485.309226;431.142399
481.550742;431.890892;488.594752;431.406623
482.365421;430.601158;490.743433;430.111589
494.275432;439.149496;473.549052;426.934772
484.657104;435.707959;482.730085;430.650651
481.720056;433.584199;487.372328;431.579983
480.065342;433.113287;489.393724;432.411380
480.285938;433.862729;488.487316;433.127115
480.842944;435.105410;486.791378;433.814076
481.199860;436.691219;484.562525;434.827108
478.671510;443.987506;473.999586;439.100080
474.954300;444.242435;475.956592;441.020829
469.640004;445.437814;477.347732;444.301245
468.057076;447.574073;475.339755;446.160732
471.425613;457.261903;456.365356;449.443080
463.098700;456.983857;461.976994;452.563946
454.736621;456.270971;468.437230;456.355443
455.018860;458.136269;465.529454;457.478084
454.818783;460.415304;462.011085;459.039554
452.903552;461.455678;461.964558;460.618987
451.634903;467.657677;449.492792;464.012107
447.859482;466.963418;453.740624;465.154026
445.360394;467.327060;455.633740;465.974700
447.002307;468.743628;452.200799;466.362996
445.743529;472.911687;442.678950;468.990397
441.015880;472.271064;447.708477;469.996320
