-0.289026;0.095375;0.627847;10.024654;0
-0.281030;0.104278;0.633690;10.024654;0
-0.272296;0.091726;0.633690;10.024654;0
-0.263047;0.070004;0.639025;10.024654;0
-0.253576;0.049500;0.639025;10.024654;0
-0.243438;0.017977;0.639025;10.024654;0
-0.230411;-0.018764;0.643847;10.024654;0
-0.220482;-0.034099;0.643847;10.024654;0
-0.210422;-0.025706;0.648174;10.024654;0
-0.199902;0.005088;0.648174;10.024654;0
-0.186167;0.062491;0.652043;10.024654;0
-0.175934;0.093740;0.652043;10.024654;0
-0.165387;0.116732;0.652043;10.024654;0
-0.155100;0.134299;0.655516;10.024654;0
-0.141464;0.156171;0.655516;10.024654;0
-0.131196;0.164291;0.658678;10.024654;0
-0.121082;0.155327;0.658678;10.024654;0
-0.111244;0.141387;0.661636;10.024654;0
-0.101883;0.130960;0.661636;10.024654;0
-0.092833;0.126937;0.664519;10.024654;0
-0.081288;0.126189;0.664519;10.024654;0
-0.072732;0.116526;0.667474;10.024654;0
-0.064660;0.110267;0.667474;10.024654;0
-0.056790;0.109231;0.670663;10.024654;0
-0.049380;0.111395;0.670663;10.024654;0
-0.039783;0.110569;0.674261;10.024654;0
-0.033178;0.096530;0.674261;10.024654;0
-0.026865;0.083230;0.674261;10.024654;0
-0.020598;0.076451;0.678445;10.024654;0
-0.012999;0.063681;0.678445;10.024654;0
-0.007317;0.052538;0.683392;10.024654;0
-0.001935;0.050435;0.683392;10.024654;0
0.003159;0.058473;0.689269;10.024654;0
0.007935;0.070666;0.689269;10.024654;0
0.013981;0.073353;0.696223;10.024654;0
0.018297;0.072821;0.696223;10.024654;0
0.022458;0.076269;0.704372;10.024654;0
0.026264;0.085821;0.704372;10.024654;0
0.030029;0.097374;0.713801;10.024654;0
0.034720;0.094312;0.713801;10.024654;0
0.038186;0.089191;0.724547;10.024654;0
0.041518;0.087294;0.724547;10.024654;0
0.044960;0.081083;0.736599;10.024654;0
0.048492;0.071265;0.736599;10.024654;0
0.053686;0.064713;0.749890;10.024654;0
0.058463;0.067739;0.749890;10.024654;0
0.064246;0.077046;0.749890;10.024654;0
0.071714;0.085397;0.764294;10.024654;0
-1.000000;0.078937;0.764294;10.024654;0
-1.000000;0.084947;0.779629;10.024654;0
-1.000000;0.093032;0.779629;10.024654;0
-1.000000;0.103126;0.779629;10.024654;0
-1.000000;0.110165;0.795675;10.024654;0
-1.000000;0.108314;0.795675;10.024654;0
-1.000000;0.105320;0.812197;10.024654;0
-1.000000;0.107309;0.812197;10.024654;0
-1.000000;0.114212;0.812197;10.024654;0
-1.000000;0.121779;0.828962;10.024654;0
-1.000000;0.118382;0.828962;10.024654;0
-1.000000;0.114377;0.828962;10.024654;0
-1.000000;0.113685;0.845741;10.024654;0
-1.000000;0.118832;0.845741;10.024654;0
-1.000000;0.126498;0.845741;10.024654;0
-1.000000;0.126902;0.862316;10.024654;0
-1.000000;0.126498;0.862316;10.024654;0
-0.996642;0.129799;0.862316;10.024654;0
-0.981445;0.136953;0.862316;10.024654;0
-0.965143;0.143152;0.878487;10.024654;0
-0.947957;0.139438;0.878487;10.024654;0
-0.923585;0.133708;0.878487;10.024654;0
-0.905412;0.133199;0.894071;10.024654;0
-0.886534;0.138435;0.894071;10.024654;0
-0.866898;0.148672;0.894071;10.024654;0
-0.846674;0.156726;0.894071;10.024654;0
-0.819871;0.151224;0.908905;10.024654;0
-0.799137;0.145663;0.908905;10.024654;0
-0.778051;0.142639;0.908905;10.024654;0
-0.757361;0.142862;0.922852;10.024654;0
-0.736611;0.137091;0.922852;10.024654;0
-0.708801;0.132452;0.922852;10.024654;0
-0.688275;0.138335;0.922852;10.024654;0
-0.668282;0.149920;0.935794;10.024654;0
-0.648265;0.158003;0.935794;10.024654;0
-0.622187;0.154078;0.935794;10.024654;0
-0.601813;0.149014;0.947638;10.024654;0
-0.582527;0.146731;0.947638;10.024654;0
-0.563230;0.144754;0.947638;10.024654;0
-0.544261;0.133730;0.947638;10.024654;0
-0.526490;0.124525;0.958313;10.024654;0
-0.502804;0.121564;0.958313;10.024654;0
-0.486215;0.127709;0.958313;10.024654;0
-0.469659;0.134631;0.958313;10.024654;0
-0.453708;0.130088;0.967770;10.024654;0
-0.432975;0.122115;0.967770;10.024654;0
-0.417581;0.124836;0.967770;10.024654;0
-0.402563;0.129118;0.967770;10.024654;0
-0.388157;0.124588;0.975981;10.024654;0
-0.373954;0.122869;0.975981;10.024654;0
-0.360398;0.125144;0.975981;10.024654;0
-0.342726;0.119219;0.982938;10.024654;0
-0.330031;0.111468;0.982938;10.024654;0
-0.317997;0.110370;0.982938;10.024654;0
-0.302785;0.116200;0.982938;10.024654;0
-0.290916;0.111346;0.988652;10.024654;0
-0.279674;0.103512;0.988652;10.024654;0
-0.268853;0.099257;0.988652;10.024654;0
-0.258591;0.102549;0.988652;10.024654;0
-0.248629;0.112565;0.993149;10.024654;0
-0.235618;0.118881;0.993149;10.024654;0
-0.226189;0.116331;0.993149;10.024654;0
-0.217189;0.116691;0.996471;10.024654;0
-0.208255;0.120330;0.996471;10.024654;0
-0.199322;0.116259;0.996471;10.024654;0
-0.187822;0.100378;0.996471;10.024654;0
-0.179698;0.093037;0.998675;10.024654;0
-0.171983;0.093348;0.998675;10.024654;0
-0.164192;0.097908;0.998675;10.024654;0
-0.154443;0.094879;0.998675;10.024654;0
-0.147000;0.090011;0.998675;10.024654;0
-0.140075;0.089456;0.998675;10.024654;0
-0.133367;0.096331;0.998675;10.024654;0
-0.126819;0.104511;0.999826;10.024654;0
-0.120331;0.099512;0.999826;10.024654;0
-0.112146;0.092266;0.999826;10.024654;0
-0.106395;0.093890;0.999826;10.024654;0
-0.100632;0.101312;1.000000;10.024654;0
-0.095317;0.101487;1.000000;10.024654;0
-0.089430;0.092018;1.000000;10.024654;0
-0.083112;0.084493;0.999278;10.024654;0
-0.078294;0.086270;0.999278;10.024654;0
-0.073574;0.094987;0.999278;10.024654;0
-0.069061;0.098087;0.999278;10.024654;0
-0.063322;0.094607;0.997747;10.024654;0
-0.059202;0.096283;0.997747;10.024654;0
-0.055538;0.101957;0.997747;10.024654;0
-0.052110;0.104360;0.997747;10.024654;0
-0.049100;0.096671;0.992609;10.024654;0
-0.046696;0.089360;0.992609;10.024654;0
-0.044810;0.087190;0.992609;10.024654;0
-0.044667;0.094646;0.989178;10.024654;0
0.051545;0.080237;0.989178;10.024654;0
0.055625;0.074159;0.989178;10.024654;0
0.059083;0.067901;0.989178;10.024654;0
0.062545;0.070828;0.985271;10.024654;0
0.064343;0.081339;0.985271;10.024654;0
0.065587;0.086484;0.985271;10.024654;0
0.066206;0.087088;0.980931;10.024654;0
0.066221;0.093759;0.980931;10.024654;0
0.065439;0.113917;0.980931;10.024654;0
0.064315;0.124213;0.980931;10.024654;0
0.062788;0.125118;0.976177;10.024654;0
0.060947;0.125718;0.976177;10.024654;0
0.058003;0.132561;0.976177;10.024654;0
0.055531;0.144617;0.971009;10.024654;0
0.052966;0.154843;0.971009;10.024654;0
0.050384;0.150427;0.971009;10.024654;0
0.047891;0.145831;0.971009;10.024654;0
0.045453;0.147814;0.965413;10.024654;0
0.042265;0.159467;0.965413;10.024654;0
0.039997;0.173327;0.965413;10.024654;0
0.037961;0.181560;0.959372;10.024654;0
0.036048;0.170995;0.959372;10.024654;0
0.033930;0.153219;0.959372;10.024654;0
0.032506;0.146165;0.952867;10.024654;0
0.031243;0.142825;0.952867;10.024654;0
0.030172;0.129778;0.952867;10.024654;0
0.029301;0.120133;0.945888;10.024654;0
0.028302;0.127183;0.945888;10.024654;0
0.027655;0.146289;0.945888;10.024654;0
0.027146;0.161063;0.938431;10.024654;0
0.026731;0.158326;0.938431;10.024654;0
0.026275;0.149107;0.938431;10.024654;0
0.025962;0.148553;0.930512;10.024654;0
0.025655;0.157262;0.930512;10.024654;0
0.025376;0.165290;0.930512;10.024654;0
0.025171;0.158572;0.922162;10.024654;0
0.024909;0.152881;0.922162;10.024654;0
0.024676;0.155726;0.913438;10.024654;0
0.024443;0.157665;0.913438;10.024654;0
0.024243;0.144662;0.913438;10.024654;0
0.024044;0.132530;0.904417;10.024654;0
0.023729;0.129178;0.904417;10.024654;0
0.023491;0.132057;0.904417;10.024654;0
0.023358;0.125741;0.895204;10.024654;0
0.023218;0.113521;0.895204;10.024654;0
0.023041;0.106211;0.948476;10.024654;0
0.022734;0.113030;0.948476;10.024654;0
0.022462;0.129814;0.885928;10.024654;0
0.022240;0.143482;0.885928;10.024654;0
0.022069;0.138588;0.876744;10.024654;0
0.021853;0.126694;0.876744;10.024654;0
0.021679;0.123799;0.867827;10.024654;0
0.021496;0.127230;0.867827;10.024654;0
0.021360;0.131411;0.859369;10.024654;0
0.021311;0.119976;0.859369;10.024654;0
0.021328;0.103133;0.859369;10.024654;0
0.021373;0.099686;0.851575;10.024654;0
0.021443;0.105333;0.851575;10.024654;0
0.021649;0.108521;0.844652;10.024654;0
0.022118;0.097346;0.844652;10.024654;0
0.022602;0.085758;0.838798;10.024654;0
0.023237;0.057082;0.838798;10.024654;0
0.024048;0.028144;0.834197;10.024654;0
0.025008;0.010935;0.834197;10.024654;0
0.026785;-0.004726;0.834197;10.024654;0
0.028375;-0.002096;0.830997;10.024654;0
0.030336;0.019422;0.829305;10.024654;0
0.032909;0.056310;0.829305;10.024654;0
0.523049;0.066814;0.829168;10.024654;0
0.532322;0.080245;0.829168;10.024654;0
0.539242;0.081841;0.830567;10.024654;0
0.546556;0.086780;0.830567;10.024654;0
0.553792;0.096026;0.833414;10.024654;0
0.560988;0.099949;0.833414;10.024654;0
0.570246;0.091585;0.837576;10.024654;0
0.576873;0.091127;0.837576;10.024654;0
0.583214;0.096761;0.842878;10.024654;0
0.588839;0.108030;0.842878;10.024654;0
0.593709;0.118716;0.842878;10.024654;0
0.598339;0.109156;0.849114;10.024654;0
0.600765;0.099954;0.849114;10.024654;0
0.602192;0.096873;0.856056;10.024654;0
0.602396;0.102619;0.856056;10.024654;0
0.601169;0.113052;0.863464;10.024654;0
0.597345;0.112517;0.863464;10.024654;0
0.592805;0.115576;0.871093;10.024654;0
0.586711;0.128250;0.871093;10.024654;0
0.579037;0.143677;0.878701;10.024654;0
0.566724;0.148119;0.878701;10.024654;0
0.555465;0.145328;0.886055;10.024654;0
0.543404;0.146780;0.886055;10.024654;0
0.530467;0.155866;0.886055;10.024654;0
0.516169;0.168032;0.892937;10.024654;0
0.495381;0.162775;0.892937;10.024654;0
0.479051;0.155338;0.899145;10.024654;0
0.462188;0.153697;0.899145;10.024654;0
0.444822;0.159487;0.899145;10.024654;0
0.426671;0.159713;0.904501;10.024654;0
0.402865;0.147596;0.904501;10.024654;0
0.384520;0.143919;0.908849;10.024654;0
0.366493;0.149322;0.908849;10.024654;0
0.348134;0.163164;0.908849;10.024654;0
0.329828;0.167291;0.912057;10.024654;0
0.306220;0.158854;0.912057;10.024654;0
0.288688;0.157420;0.914019;10.024654;0
0.272087;0.162804;0.914019;10.024654;0
0.255261;0.167288;0.914019;10.024654;0
0.238940;0.161148;0.914657;10.024654;0
0.223153;0.155430;0.914657;10.024654;0
0.203361;0.159178;0.913918;10.024654;0
0.188655;0.162294;0.913918;10.024654;0
0.175273;0.151099;0.913918;10.024654;0
0.161748;0.138244;0.911777;10.024654;0
0.148729;0.135694;0.911777;10.024654;0
0.132425;0.146326;0.908235;10.024654;0
0.120346;0.151906;0.908235;10.024654;0
0.109039;0.138969;0.908235;10.024654;0
0.098217;0.124249;0.903322;10.024654;0
0.084297;0.117473;0.903322;10.024654;0
0.074228;0.123952;0.897094;10.024654;0
0.064379;0.120542;0.897094;10.024654;0
0.055077;0.111303;0.889636;10.024654;0
0.046159;0.107028;0.889636;10.024654;0
0.034234;0.112880;0.889636;10.024654;0
0.025312;0.123283;0.881061;10.024654;0
0.016894;0.126100;0.881061;10.024654;0
0.008506;0.111568;0.871511;10.024654;0
-0.001769;0.096420;0.871511;10.024654;0
-0.010801;0.094874;0.871511;10.024654;0
-0.019353;0.103147;0.861155;10.024654;0
-0.028138;0.104225;0.861155;10.024654;0
0.537650;0.070416;0.850192;10.024654;0
0.544397;0.047637;0.850192;10.024654;0
0.550984;0.036314;0.838841;10.024654;0
0.558786;0.028935;0.838841;10.024654;0
0.567870;0.015963;0.838841;10.024654;0
0.578139;0.014069;0.827310;10.024654;0
0.592924;0.035665;0.827310;10.024654;0
0.604133;0.063670;0.815799;10.024654;0
0.615136;0.086404;0.815799;10.024654;0
0.625855;0.095567;0.815799;10.024654;0
0.635977;0.103067;0.804494;10.024654;0
0.647769;0.115425;0.804494;10.024654;0
0.655496;0.130937;0.793568;10.024654;0
0.661470;0.143363;0.793568;10.024654;0
0.665721;0.141632;0.783182;10.024654;0
0.668627;0.139626;0.783182;10.024654;0
0.668683;0.144064;0.783182;10.024654;0
0.666643;0.146952;0.773478;10.024654;0
0.662540;0.140119;0.773478;10.024654;0
0.656501;0.136867;0.764587;10.024654;0
0.645973;0.143035;0.764587;10.024654;0
0.635342;0.151709;0.764587;10.024654;0
0.623227;0.148569;0.756619;10.024654;0
0.609411;0.144605;0.756619;10.024654;0
0.594494;0.147576;0.749669;10.024654;0
0.578280;0.156573;0.749669;10.024654;0
0.555312;0.163908;0.749669;10.024654;0
0.536290;0.156551;0.743810;10.024654;0
0.517023;0.150330;0.743810;10.024654;0
0.495864;0.149964;0.739098;10.024654;0
0.471334;0.162391;0.739098;10.024654;0
0.451089;0.172719;0.735564;10.024654;0
0.429953;0.168164;0.735564;10.024654;0
0.403499;0.161963;0.735564;10.024654;0
0.382440;0.163253;0.733223;10.024654;0
0.362399;0.162773;0.733223;10.024654;0
0.342881;0.149792;0.732066;10.024654;0
0.324034;0.137666;0.732066;10.024654;0
0.305824;0.133322;0.732062;10.024654;0
0.282302;0.145691;0.732062;10.024654;0
0.265640;0.157584;0.733161;10.024654;0
0.249339;0.153131;0.733161;10.024654;0
0.233766;0.145842;0.735294;10.024654;0
0.214152;0.145800;0.735294;10.024654;0
0.199692;0.153630;0.738372;10.024654;0
0.185781;0.159818;0.738372;10.024654;0
0.173039;0.149459;0.742290;10.024654;0
0.160522;0.135097;0.742290;10.024654;0
0.145182;0.121526;0.742290;10.024654;0
0.134534;0.122305;0.746928;10.024654;0
0.123756;0.127004;0.746928;10.024654;0
0.113788;0.115041;0.752149;10.024654;0
0.101444;0.096925;0.752149;10.024654;0
0.092403;0.093161;0.757806;10.024654;0
0.083829;0.096849;0.757806;10.024654;0
0.075680;0.090185;0.763741;10.024654;0
0.067947;0.075029;0.763741;10.024654;0
0.059910;0.061602;0.769787;10.024654;0
0.518533;0.108728;0.769787;10.024654;0
0.515149;0.101482;0.775768;10.024654;0
0.512064;0.090192;0.775768;10.024654;0
0.509333;0.083886;0.781513;10.024654;0
0.505912;0.089458;0.781513;10.024654;0
0.503217;0.099707;0.786872;10.024654;0
0.500305;0.108992;0.786872;10.024654;0
0.496934;0.106465;0.791724;10.024654;0
0.493197;0.102090;0.791724;10.024654;0
0.487282;0.109173;0.795970;10.024654;0
0.481808;0.127184;0.795970;10.024654;0
0.475405;0.134212;0.795970;10.024654;0
0.467866;0.133804;0.799541;10.024654;0
0.459244;0.136667;0.799541;10.024654;0
0.449629;0.146730;0.802392;10.024654;0
0.434856;0.156007;0.802392;10.024654;0
0.422291;0.149903;0.804500;10.024654;0
0.408946;0.144765;0.804500;10.024654;0
0.394896;0.143541;0.805870;10.024654;0
0.374789;0.154857;0.805870;10.024654;0
0.357632;0.160852;0.805870;10.024654;0
0.340359;0.150486;0.806527;10.024654;0
0.322907;0.137477;0.806527;10.024654;0
0.304676;0.131042;0.806521;10.024654;0
0.279588;0.127660;0.806521;10.024654;0
0.260670;0.112786;0.805923;10.024654;0
0.241668;0.103331;0.805923;10.024654;0
0.222146;0.107102;0.804825;10.024654;0
0.202771;0.119979;0.804825;10.024654;0
0.176946;0.139319;0.804825;10.024654;0
0.157868;0.137211;0.803337;10.024654;0
0.138279;0.129269;0.803337;10.024654;0
0.119174;0.125989;0.801586;10.024654;0
0.099797;0.131919;0.801586;10.024654;0
0.074137;0.144170;0.799716;10.024654;0
0.055650;0.138007;0.799716;10.024654;0
0.037142;0.129811;0.797877;10.024654;0
0.019171;0.125772;0.797877;10.024654;0
0.001457;0.122311;0.796230;10.024654;0
-0.021229;0.069918;0.796230;10.024654;0
-0.037337;0.024875;0.794933;10.024654;0
-0.053534;0.000082;0.794933;10.024654;0
-0.069568;0.003310;0.794933;10.024654;0
-0.090123;0.027329;0.794143;10.024654;0
-0.106189;0.042679;0.794004;10.024654;0
-0.121690;0.065652;0.794004;10.024654;0
-0.137020;0.095629;0.794643;10.024654;0
-0.152785;0.127468;0.794643;10.024654;0
-0.174243;0.166802;0.796159;10.024654;0
-0.190663;0.174404;0.796159;10.024654;0
-0.207449;0.165210;0.798622;10.024654;0
-0.224431;0.153775;0.798622;10.024654;0
-0.242790;0.141342;0.802059;10.024654;0
-0.269515;0.112570;0.802059;10.024654;0
-0.292575;0.096701;0.806454;10.024654;0
-0.319614;0.091659;0.806454;10.024654;0
-0.351778;0.096942;0.811739;10.024654;0
0.846231;-0.001432;0.811739;10.024654;0
0.871724;-0.029942;0.817799;10.024654;0
0.893633;-0.053487;0.817799;10.024654;0
0.916588;-0.063923;0.817799;10.024654;0
0.941838;-0.059002;0.824478;10.024654;0
0.967784;-0.046010;0.824478;10.024654;0
1.000000;-0.027239;0.831589;10.024654;0
1.000000;-0.007412;0.831589;10.024654;0
1.000000;0.016695;0.831589;10.024654;0
1.000000;0.039265;0.838927;10.024654;0
1.000000;0.050946;0.838927;10.024654;0
1.000000;0.058233;0.846276;10.024654;0
1.000000;0.068070;0.846276;10.024654;0
1.000000;0.078475;0.846276;10.024654;0
1.000000;0.090633;0.846276;10.024654;0
1.000000;0.095901;0.853418;10.024654;0
1.000000;0.095734;0.853418;10.024654;0
1.000000;0.098036;0.853418;10.024654;0
1.000000;0.100540;0.860138;10.024654;0
1.000000;0.098599;0.860138;10.024654;0
1.000000;0.096096;0.860138;10.024654;0
1.000000;0.098874;0.860138;10.024654;0
1.000000;0.112013;0.860138;10.024654;0
1.000000;0.122724;0.860138;10.024654;0
1.000000;0.128161;0.866230;10.024654;0
1.000000;0.133694;0.866230;10.024654;0
1.000000;0.143703;0.866230;10.024654;0
1.000000;0.149909;0.866230;10.024654;0
1.000000;0.147207;0.871505;10.024654;0
1.000000;0.144289;0.871505;10.024654;0
1.000000;0.146145;0.871505;10.024654;0
1.000000;0.157428;0.871505;10.024654;0
1.000000;0.165336;0.875787;10.024654;0
1.000000;0.164778;0.875787;10.024654;0
0.991099;0.159887;0.875787;10.024654;0
0.960739;0.156908;0.875787;10.024654;0
0.932876;0.158606;0.878921;10.024654;0
0.894694;0.168096;0.878921;10.024654;0
0.865199;0.174925;0.878921;10.024654;0
0.834771;0.172711;0.878921;10.024654;0
0.804343;0.169192;0.880776;10.024654;0
0.774068;0.168295;0.880776;10.024654;0
0.735112;0.175319;0.880776;10.024654;0
0.705284;0.178398;0.880776;10.024654;0
0.676338;0.170901;0.881241;10.024654;0
0.648096;0.162341;0.881241;10.024654;0
0.620174;0.159039;0.881241;10.024654;0
0.593512;0.159040;0.881241;10.024654;0
0.559603;0.146464;0.880229;10.024654;0
0.535170;0.139010;0.880229;10.024654;0
0.511355;0.137699;0.880229;10.024654;0
0.488929;0.141745;0.877676;10.024654;0
0.461062;0.145437;0.877676;10.024654;0
0.440506;0.135738;0.877676;10.024654;0
0.421434;0.127208;0.877676;10.024654;0
0.403394;0.124504;0.873544;10.024654;0
0.381320;0.121972;0.873544;10.024654;0
0.365550;0.110995;0.873544;10.024654;0
0.350515;0.102712;0.873544;10.024654;0
0.336385;0.103442;0.867819;10.024654;0
0.323479;0.112698;0.867819;10.024654;0
0.307120;0.124112;0.867819;10.024654;0
0.295130;0.121344;0.860512;10.024654;0
0.284370;0.120281;0.860512;10.024654;0
0.274110;0.122920;0.860512;10.024654;0
0.264347;0.119517;0.860512;10.024654;0
0.252084;0.103309;0.851658;10.024654;0
0.243551;0.093315;0.851658;10.024654;0
0.235304;0.088716;0.851658;10.024654;0
0.225107;0.092951;0.841318;10.024654;0
0.217586;0.093124;0.841318;10.024654;0
0.210788;0.081585;0.841318;10.024654;0
0.204406;0.068639;0.829579;10.024654;0
0.198279;0.061182;0.829579;10.024654;0
0.190546;0.063085;0.829579;10.024654;0
0.185099;0.070956;0.816553;10.024654;0
0.180023;0.071263;0.816553;10.024654;0
0.175275;0.066212;0.802380;10.024654;0
0.170885;0.064587;0.802380;10.024654;0
0.165664;0.069334;0.802380;10.024654;0
0.162307;0.070627;0.787226;10.024654;0
0.159668;0.058666;0.787226;10.024654;0
0.157768;0.044385;0.787226;10.024654;0
0.156796;0.037374;0.771286;10.024654;0
0.157681;0.044062;0.771286;10.024654;0
0.160642;0.050595;0.771286;10.024654;0
0.166394;0.046985;0.754785;10.024654;0
0.194768;0.084606;0.754785;10.024654;0
0.189561;0.089975;0.754785;10.024654;0
0.186786;0.090302;0.737967;10.024654;0
0.185071;0.078036;0.737967;10.024654;0
0.184380;0.066213;0.737967;10.024654;0
0.185083;0.066077;0.721078;10.024654;0
0.186730;0.070828;0.721078;10.024654;0
0.189030;0.067692;0.721078;10.024654;0
0.192003;0.066693;0.704354;10.024654;0
0.195329;0.073135;0.704354;10.024654;0
0.198763;0.085877;0.704354;10.024654;0
0.203210;0.097380;0.688019;10.024654;0
0.206231;0.092358;0.688019;10.024654;0
0.208800;0.087972;0.672288;10.024654;0
0.210843;0.087625;0.672288;10.024654;0
0.212194;0.095101;0.672288;10.024654;0
0.212723;0.107009;0.657361;10.024654;0
0.212046;0.103401;0.657361;10.024654;0
0.210512;0.099217;0.643428;10.024654;0
0.208011;0.098280;0.643428;10.024654;0
0.204631;0.101561;0.630660;10.024654;0
0.200495;0.098889;0.630660;10.024654;0
0.193652;0.081567;0.630660;10.024654;0
0.187821;0.073450;0.619213;10.024654;0
0.181205;0.074299;0.619213;10.024654;0
0.173938;0.083269;0.609224;10.024654;0
0.166115;0.093968;0.609224;10.024654;0
0.155395;0.091490;0.600805;10.024654;0
0.146928;0.090040;0.600805;10.024654;0
0.138198;0.092851;0.594048;10.024654;0
0.129253;0.101348;0.594048;10.024654;0
0.120188;0.109108;0.589016;10.024654;0
0.108151;0.096423;0.589016;10.024654;0
0.099139;0.087172;0.585746;10.024654;0
0.090377;0.086533;0.585746;10.024654;0
0.081612;0.090739;0.584248;10.024654;0
0.073299;0.089660;0.584502;10.024654;0
0.062543;0.084844;0.584502;10.024654;0
0.054617;0.085791;0.586465;10.024654;0
0.047048;0.091522;0.586465;10.024654;0
0.039866;0.096023;0.590066;10.024654;0
0.032910;0.086791;0.590066;10.024654;0
0.024069;0.074395;0.595216;10.024654;0
0.017756;0.073916;0.601803;10.024654;0
0.011560;0.082526;0.601803;10.024654;0
0.005840;0.091571;0.609704;10.024654;0
0.000244;0.086006;0.609704;10.024654;0
-0.006741;0.075818;0.618781;10.024654;0
-0.011765;0.072792;0.618781;10.024654;0
-0.016708;0.066864;0.628884;10.024654;0
-0.021409;0.049768;0.628884;10.024654;0
-0.026191;0.034315;0.639861;10.024654;0
-0.031043;0.027768;0.639861;10.024654;0
-0.038144;0.033265;0.651550;10.024654;0
0.698092;0.059574;0.651550;10.024654;0
0.704829;0.064658;0.663787;10.024654;0
0.711979;0.060696;0.663787;10.024654;0
0.721795;0.059678;0.676411;10.024654;0
0.729352;0.068342;0.676411;10.024654;0
0.736219;0.082425;0.689273;10.024654;0
0.742662;0.091781;0.689273;10.024654;0
0.748200;0.094693;0.689273;10.024654;0
0.754159;0.082383;0.702250;10.024654;0
0.757631;0.074223;0.702250;10.024654;0
0.759917;0.073547;0.702250;10.024654;0
0.760809;0.075143;0.715236;10.024654;0
0.760117;0.083085;0.715236;10.024654;0
0.757752;0.099727;0.728140;10.024654;0
0.751716;0.137569;0.728140;10.024654;0
0.745075;0.165360;0.740891;10.024654;0
0.735997;0.179135;0.740891;10.024654;0
0.724590;0.186784;0.740891;10.024654;0
0.709980;0.196189;0.753432;10.024654;0
0.694851;0.203256;0.753432;10.024654;0
0.671566;0.194506;0.753432;10.024654;0
0.653062;0.185726;0.765717;10.024654;0
0.633682;0.180666;0.765717;10.024654;0
0.613180;0.182119;0.777713;10.024654;0
0.591956;0.189180;0.777713;10.024654;0
0.570032;0.195506;0.777713;10.024654;0
0.541258;0.187918;0.789400;10.024654;0
0.519142;0.185151;0.789400;10.024654;0
0.497480;0.190313;0.800763;10.024654;0
0.475469;0.200083;0.800763;10.024654;0
0.446579;0.197199;0.800763;10.024654;0
0.424833;0.193525;0.811799;10.024654;0
0.403987;0.193523;0.811799;10.024654;0
0.383316;0.197705;0.822510;10.024654;0
0.357663;0.196049;0.822510;10.024654;0
0.338863;0.178871;0.822510;10.024654;0
0.320725;0.161374;0.832901;10.024654;0
0.303558;0.153400;0.832901;10.024654;0
0.287544;0.154996;0.842986;10.024654;0
0.272390;0.150929;0.842986;10.024654;0
0.253113;0.154757;0.842986;10.024654;0
0.239696;0.168836;0.852775;10.024654;0
0.226637;0.179951;0.852775;10.024654;0
0.214248;0.175436;0.862283;10.024654;0
0.202497;0.171121;0.862283;10.024654;0
0.188082;0.169314;0.862283;10.024654;0
0.177881;0.157543;0.871522;10.024654;0
0.168588;0.144852;0.871522;10.024654;0
0.159237;0.138894;0.880501;10.024654;0
0.150242;0.146127;0.880501;10.024654;0
0.138852;0.161585;0.880501;10.024654;0
0.130759;0.155447;0.889225;10.024654;0
0.123119;0.148190;0.889225;10.024654;0
0.115712;0.145697;0.897693;10.024654;0
0.106074;0.146426;0.897693;10.024654;0
0.099051;0.133851;0.905898;10.024654;0
0.092500;0.114596;0.905898;10.024654;0
0.086210;0.102124;0.905898;10.024654;0
0.080006;0.101169;0.913821;10.024654;0
0.072156;0.111160;0.913821;10.024654;0
0.066619;0.109332;0.921436;10.024654;0
0.061298;0.109446;0.921436;10.024654;0
0.056068;0.116858;0.921436;10.024654;0
0.051244;0.127591;0.928704;10.024654;0
0.045319;0.120465;0.928704;10.024654;0
0.041305;0.104250;0.935575;10.024654;0
0.057309;0.094409;0.935575;10.024654;0
0.051543;0.087842;0.941990;10.024654;0
0.045964;0.086092;0.941990;10.024654;0
0.039134;0.085357;0.941990;10.024654;0
0.034419;0.071108;0.947877;10.024654;0
0.030126;0.061511;0.947877;10.024654;0
0.026116;0.062154;0.947877;10.024654;0
0.022290;0.073785;0.953162;10.024654;0
0.018735;0.089651;0.953162;10.024654;0
0.014585;0.085324;0.957767;10.024654;0
0.011732;0.080796;0.957767;10.024654;0
0.009094;0.083530;0.957767;10.024654;0
0.006590;0.094278;0.961618;10.024654;0
0.004204;0.106195;0.961618;10.024654;0
0.001403;0.096114;0.964643;10.024654;0
-0.000503;0.086150;0.964643;10.024654;0
-0.002404;0.084466;0.964643;10.024654;0
-0.004203;0.093325;0.966781;10.024654;0
-0.006451;0.105071;0.966781;10.024654;0
-0.008011;0.100562;0.966781;10.024654;0
-0.009519;0.099666;0.967978;10.024654;0
-0.011008;0.104052;0.967978;10.024654;0
-0.012965;0.120500;0.968195;10.024654;0
-0.014383;0.128649;0.968195;10.024654;0
-0.015674;0.119521;0.968195;10.024654;0
-0.016880;0.110618;0.967403;10.024654;0
-0.018090;0.107207;0.967403;10.024654;0
-0.019614;0.116959;0.967403;10.024654;0
-0.020717;0.122662;0.965591;10.024654;0
-0.021661;0.111808;0.965591;10.024654;0
-0.022525;0.102283;0.962762;10.024654;0
-0.023359;0.100648;0.962762;10.024654;0
-0.024135;0.103120;0.962762;10.024654;0
-0.024964;0.091705;0.958939;10.024654;0
-0.025528;0.088239;0.958939;10.024654;0
-0.026084;0.095460;0.958939;10.024654;0
-0.026600;0.111483;0.954158;10.024654;0
-0.027065;0.126892;0.954158;10.024654;0
-0.027468;0.121551;0.948476;10.024654;0
-0.027712;0.118337;0.948476;10.024654;0
-0.027948;0.119756;0.948476;10.024654;0
-0.028189;0.129235;0.941966;10.024654;0
-0.028346;0.133283;0.941966;10.024654;0
-0.028430;0.122968;0.934717;10.024654;0
-0.028492;0.118803;0.934717;10.024654;0
-0.028555;0.120527;0.934717;10.024654;0
-0.028546;0.121072;0.926836;10.024654;0
-0.028459;0.105702;0.926836;10.024654;0
-0.028343;0.088703;0.918442;10.024654;0
-0.028318;0.088185;0.918442;10.024654;0
-0.028324;0.096096;0.918442;10.024654;0
-0.028251;0.095284;0.909667;10.024654;0
-0.028175;0.085982;0.909667;10.024654;0
-0.028169;0.079009;0.900652;10.024654;0
-0.028246;0.082987;0.900652;10.024654;0
-0.028315;0.089174;0.900652;10.024654;0
-0.028281;0.084705;0.891546;10.024654;0
-0.028284;0.075470;0.891546;10.024654;0
-0.028380;0.074467;0.882497;10.024654;0
-0.028686;0.083574;0.882497;10.024654;0
-0.029012;0.093425;0.873651;10.024654;0
-0.029325;0.091118;0.873651;10.024654;0
-0.029790;0.078915;0.873651;10.024654;0
-0.030557;0.067523;0.865144;10.024654;0
-0.032291;0.060739;0.865144;10.024654;0
-0.034316;0.052669;0.857099;10.024654;0
-0.577842;0.055899;0.857099;10.024654;0
-0.584861;0.030121;0.857099;10.024654;0
-0.592453;0.004000;0.849613;10.024654;0
-0.603352;-0.013835;0.849613;10.024654;0
-0.612446;-0.022056;0.842758;10.024654;0
-0.622058;-0.025069;0.842758;10.024654;0
-0.631440;-0.017355;0.836575;10.024654;0
-0.641384;0.002866;0.836575;10.024654;0
-0.654221;0.031787;0.836575;10.024654;0
-0.663051;0.039216;0.831076;10.024654;0
-0.671961;0.045425;0.831076;10.024654;0
-0.680330;0.053273;0.831076;10.024654;0
-0.690288;0.069577;0.826248;10.024654;0
-0.696517;0.077459;0.826248;10.024654;0
-0.701639;0.073720;0.822053;10.024654;0
-0.705905;0.071420;0.822053;10.024654;0
-0.709016;0.076388;0.822053;10.024654;0
-0.711127;0.078200;0.818430;10.024654;0
-0.711245;0.075284;0.818430;10.024654;0
-0.710150;0.077091;0.818430;10.024654;0
-0.707820;0.084509;0.815302;10.024654;0
-0.704097;0.093811;0.815302;10.024654;0
-0.697241;0.092118;0.815302;10.024654;0
-0.690652;0.090977;0.812579;10.024654;0
-0.682991;0.096364;0.812579;10.024654;0
-0.674415;0.106255;0.812579;10.024654;0
-0.661172;0.119146;0.810160;10.024654;0
-0.649853;0.115682;0.810160;10.024654;0
-0.637529;0.112837;0.810160;10.024654;0
-0.624740;0.117472;0.807938;10.024654;0
-0.606744;0.127915;0.807938;10.024654;0
-0.592288;0.125711;0.807938;10.024654;0
-0.577140;0.122387;0.805802;10.024654;0
-0.561685;0.123310;0.805802;10.024654;0
-0.546240;0.128806;0.805802;10.024654;0
-0.525097;0.135342;0.803644;10.024654;0
-0.509081;0.130414;0.803644;10.024654;0
-0.493671;0.126158;0.803644;10.024654;0
-0.478072;0.126270;0.801357;10.024654;0
-0.462298;0.131544;0.801357;10.024654;0
-0.441294;0.135205;0.801357;10.024654;0
-0.425794;0.124066;0.798843;10.024654;0
-0.410652;0.112750;0.798843;10.024654;0
-0.395708;0.090670;0.798843;10.024654;0
-0.377029;0.064399;0.796008;10.024654;0
-0.363751;0.053430;0.796008;10.024654;0
-0.350823;0.045281;0.796008;10.024654;0
-0.338613;0.053568;0.792772;10.024654;0
-0.326794;0.078025;0.792772;10.024654;0
-0.311462;0.126328;0.792772;10.024654;0
-0.300004;0.157370;0.789062;10.024654;0
-0.288678;0.171113;0.789062;10.024654;0
-0.277937;0.176555;0.789062;10.024654;0
-0.267407;0.178965;0.784823;10.024654;0
-0.253374;0.173607;0.784823;10.024654;0
-0.243358;0.159024;0.784823;10.024654;0
-0.233397;0.140680;0.780008;10.024654;0
-0.223254;0.127194;0.780008;10.024654;0
-0.214359;0.125369;0.780008;10.024654;0
-0.205777;0.130168;0.774588;10.024654;0
-0.194782;0.126368;0.774588;10.024654;0
-0.186863;0.126263;0.768549;10.024654;0
-0.179408;0.132012;0.768549;10.024654;0
-0.172364;0.140607;0.768549;10.024654;0
-0.163437;0.136783;0.761891;10.024654;0
-0.156938;0.124186;0.761891;10.024654;0
-0.151041;0.112323;0.761891;10.024654;0
-0.145665;0.104594;0.754634;10.024654;0
-0.140923;0.099922;0.754634;10.024654;0
-0.135604;0.081734;0.754634;10.024654;0
-0.132602;0.070766;0.746813;10.024654;0
-0.130840;0.069523;0.746813;10.024654;0
-0.130612;0.078825;0.738487;10.024654;0
-0.347301;0.086613;0.738487;10.024654;0
-0.341852;0.084321;0.738487;10.024654;0
-0.337020;0.076822;0.729730;10.024654;0
-0.332833;0.076408;0.729730;10.024654;0
-0.329125;0.084722;0.729730;10.024654;0
-0.325600;0.101981;0.720634;10.024654;0
-0.321107;0.118101;0.720634;10.024654;0
-0.317557;0.122663;0.711300;10.024654;0
-0.314119;0.129762;0.711300;10.024654;0
-0.310455;0.142065;0.711300;10.024654;0
-0.306306;0.156611;0.701835;10.024654;0
-0.299662;0.157291;0.701835;10.024654;0
-0.294048;0.152811;0.692359;10.024654;0
-0.287656;0.153672;0.692359;10.024654;0
-0.280433;0.157528;0.692359;10.024654;0
-0.272464;0.150990;0.682996;10.024654;0
-0.260489;0.143061;0.682996;10.024654;0
-0.250842;0.145872;0.673883;10.024654;0
-0.240685;0.155300;0.673883;10.024654;0
-0.229624;0.157998;0.665158;10.024654;0
-0.217994;0.151383;0.665158;10.024654;0
-0.202014;0.144936;0.656970;10.024654;0
-0.189304;0.151269;0.656970;10.024654;0
-0.176488;0.158921;0.649469;10.024654;0
-0.163711;0.151526;0.649469;10.024654;0
-0.146531;0.138287;0.642807;10.024654;0
-0.133856;0.137295;0.642807;10.024654;0
-0.120836;0.146705;0.637133;10.024654;0
-0.108140;0.159686;0.637133;10.024654;0
-0.091887;0.155490;0.632590;10.024654;0
-0.079576;0.147712;0.632590;10.024654;0
-0.067633;0.143443;0.629307;10.024654;0
-0.056240;0.147889;0.629307;10.024654;0
-0.044962;0.147080;0.627399;10.024654;0
-0.034092;0.135871;0.626958;10.024654;0
-0.022540;0.127068;0.626958;10.024654;0
-0.010188;0.132807;0.628045;10.024654;0
-0.000445;0.138825;0.630691;10.024654;0
0.008508;0.130954;0.630691;10.024654;0
0.017681;0.120741;0.634891;10.024654;0
0.029403;0.112196;0.640598;10.024654;0
0.038135;0.113310;0.640598;10.024654;0
0.046814;0.112372;0.647728;10.024654;0
0.055510;0.096809;0.647728;10.024654;0
0.064182;0.083291;0.656157;10.024654;0
0.073220;0.079250;0.665720;10.024654;0
0.085124;0.089054;0.665720;10.024654;0
0.094830;0.098064;0.676221;10.024654;0
0.105791;0.092191;0.687426;10.024654;0
0.118081;0.083265;0.687426;10.024654;0
0.137333;0.082711;0.699076;10.024654;0
-0.824941;0.032702;0.699076;10.024654;0
-0.838988;0.022235;0.710886;10.024654;0
-0.854701;0.000861;0.710886;10.024654;0
-0.871966;-0.012232;0.722568;10.024654;0
-0.896464;-0.005431;0.722568;10.024654;0
-0.916356;0.015511;0.733852;10.024654;0
-0.935380;0.034659;0.733852;10.024654;0
-0.955266;0.051438;0.744488;10.024654;0
-0.974364;0.068241;0.744488;10.024654;0
-0.998137;0.090808;0.744488;10.024654;0
-1.000000;0.107496;0.754251;10.024654;0
-1.000000;0.112856;0.754251;10.024654;0
-1.000000;0.114875;0.754251;10.024654;0
-1.000000;0.118256;0.762938;10.024654;0
-1.000000;0.123706;0.762938;10.024654;0
-1.000000;0.119931;0.770373;10.024654;0
-1.000000;0.116949;0.770373;10.024654;0
-1.000000;0.120395;0.770373;10.024654;0
-1.000000;0.134629;0.776406;10.024654;0
-1.000000;0.144085;0.770373;10.024654;0
-1.000000;0.145141;0.776406;10.024654;0
-1.000000;0.146716;0.776406;10.024654;0
-1.000000;0.152909;0.776406;10.024654;0
-1.000000;0.162991;0.780913;10.024654;0
-0.997325;0.171023;0.780913;10.024654;0
-0.975961;0.168484;0.780913;10.024654;0
-0.952790;0.165882;0.783795;10.024654;0
-0.927595;0.168113;0.783795;10.024654;0
-0.892085;0.175622;0.783795;10.024654;0
-0.863334;0.176492;0.784978;10.024654;0
-0.833973;0.172934;0.784978;10.024654;0
-0.803341;0.171054;0.784978;10.024654;0
-0.773252;0.172284;0.784413;10.024654;0
-0.732661;0.173525;0.784413;10.024654;0
-0.700709;0.164166;0.784413;10.024654;0
-0.668997;0.155900;0.782077;10.024654;0
-0.638764;0.153933;0.782077;10.024654;0
-0.598186;0.158671;0.782077;10.024654;0
-0.567881;0.158298;0.782077;10.024654;0
-0.538295;0.147892;0.777971;10.024654;0
-0.510212;0.138499;0.777971;10.024654;0
-0.483609;0.138615;0.777971;10.024654;0
-0.448731;0.145861;0.772121;10.024654;0
-0.423836;0.141753;0.772121;10.024654;0
-0.399645;0.137929;0.772121;10.024654;0
-0.377366;0.141809;0.764576;10.024654;0
-0.355631;0.150142;0.764576;10.024654;0
-0.328428;0.143722;0.764576;10.024654;0
