-0.256094;0.104247;0.627847;10.024654;0
-0.249218;0.109150;0.633690;10.024654;0
-0.241066;0.092175;0.633690;10.024654;0
-0.235599;0.073757;0.639025;10.024654;0
-0.230811;0.063308;0.639025;10.024654;0
-0.226865;0.064219;0.643847;10.024654;0
-0.222698;0.060338;0.643847;10.024654;0
-0.220349;0.058400;0.648174;10.024654;0
-0.218670;0.063924;0.648174;10.024654;0
-0.217690;0.078192;0.648174;10.024654;0
-0.217271;0.088005;0.652043;10.024654;0
-0.217532;0.086254;0.652043;10.024654;0
-0.218410;0.085417;0.655516;10.024654;0
-0.219860;0.088854;0.655516;10.024654;0
-0.221839;0.095742;0.658678;10.024654;0
-0.224250;0.100994;0.658678;10.024654;0
-0.227921;0.086378;0.661636;10.024654;0
-0.231073;0.068867;0.661636;10.024654;0
-0.234608;0.038017;0.661636;10.024654;0
-0.238553;0.009923;0.664519;10.024654;0
-0.243963;-0.009114;0.664519;10.024654;0
-0.248269;-0.016592;0.667474;10.024654;0
-0.252758;-0.012784;0.667474;10.024654;0
-0.257494;0.006910;0.670663;10.024654;0
-0.262406;0.040292;0.670663;10.024654;0
-0.269143;0.089641;0.674261;10.024654;0
-0.274146;0.108690;0.674261;10.024654;0
-0.279166;0.116847;0.678445;10.024654;0
-0.286042;0.124782;0.678445;10.024654;0
-0.291459;0.132783;0.683392;10.024654;0
-0.296767;0.134549;0.683392;10.024654;0
-0.302136;0.122931;0.689269;10.024654;0
-0.307563;0.111731;0.689269;10.024654;0
-0.313278;0.106106;0.689269;10.024654;0
-0.320958;0.100197;0.696223;10.024654;0
-0.326792;0.086147;0.696223;10.024654;0
-0.332837;0.075179;0.704372;10.024654;0
-0.339054;0.073582;0.704372;10.024654;0
-0.347382;0.084598;0.713801;10.024654;0
-0.353686;0.090583;0.713801;10.024654;0
-0.360131;0.082560;0.724547;10.024654;0
-0.366896;0.074125;0.724547;10.024654;0
-0.373959;0.071371;0.724547;10.024654;0
-0.384529;0.076700;0.736599;10.024654;0
-0.393687;0.083771;0.736599;10.024654;0
-0.404421;0.078751;0.749890;10.024654;0
-0.417071;0.072626;0.749890;10.024654;0
-0.439102;0.071554;0.764294;10.024654;0
-0.462949;0.073678;0.764294;10.024654;0
-1.000000;0.112558;0.764294;10.024654;0
-1.000000;0.098274;0.779629;10.024654;0
-1.000000;0.087823;0.779629;10.024654;0
-1.000000;0.087880;0.779629;10.024654;0
-0.991193;0.092871;0.795675;10.024654;0
-0.981166;0.094360;0.795675;10.024654;0
-0.970947;0.100395;0.812197;10.024654;0
-0.960852;0.112408;0.812197;10.024654;0
-0.950509;0.127378;0.812197;10.024654;0
-0.935689;0.136213;0.828962;10.024654;0
-0.924069;0.139478;0.828962;10.024654;0
-0.911805;0.145594;0.828962;10.024654;0
-0.899195;0.155519;0.845741;10.024654;0
-0.885627;0.160232;0.845741;10.024654;0
-0.865922;0.153387;0.845741;10.024654;0
-0.850152;0.149073;0.845741;10.024654;0
-0.834308;0.148834;0.862316;10.024654;0
-0.817383;0.148902;0.862316;10.024654;0
-0.799231;0.138477;0.862316;10.024654;0
-0.774237;0.126530;0.878487;10.024654;0
-0.754981;0.125714;0.878487;10.024654;0
-0.735926;0.131689;0.878487;10.024654;0
-0.715889;0.134464;0.894071;10.024654;0
-0.689039;0.131820;0.894071;10.024654;0
-0.667716;0.134341;0.894071;10.024654;0
-0.646094;0.142002;0.908905;10.024654;0
-0.624498;0.149003;0.908905;10.024654;0
-0.602544;0.148863;0.908905;10.024654;0
-0.580073;0.144058;0.908905;10.024654;0
-0.551014;0.143147;0.922852;10.024654;0
-0.529550;0.146983;0.922852;10.024654;0
-0.507413;0.152963;0.922852;10.024654;0
-0.485722;0.152633;0.935794;10.024654;0
-0.458233;0.141621;0.935794;10.024654;0
-0.436280;0.133239;0.935794;10.024654;0
-0.415958;0.132039;0.935794;10.024654;0
-0.395698;0.131711;0.947638;10.024654;0
-0.375940;0.122398;0.947638;10.024654;0
-0.356844;0.112711;0.947638;10.024654;0
-0.332740;0.108706;0.958313;10.024654;0
-0.315415;0.115130;0.958313;10.024654;0
-0.298587;0.124975;0.958313;10.024654;0
-0.282489;0.131281;0.958313;10.024654;0
-0.261307;0.121107;0.967770;10.024654;0
-0.246433;0.111797;0.967770;10.024654;0
-0.231840;0.107048;0.967770;10.024654;0
-0.217498;0.108299;0.975981;10.024654;0
-0.204089;0.105874;0.975981;10.024654;0
-0.186568;0.092327;0.975981;10.024654;0
-0.174067;0.085885;0.975981;10.024654;0
-0.162212;0.086267;0.982938;10.024654;0
-0.150476;0.089275;0.982938;10.024654;0
-0.135738;0.083897;0.982938;10.024654;0
-0.124500;0.081853;0.988652;10.024654;0
-0.113811;0.087421;0.988652;10.024654;0
-0.103582;0.095804;0.988652;10.024654;0
-0.093457;0.092678;0.988652;10.024654;0
-0.080957;0.087805;0.993149;10.024654;0
-0.071539;0.089771;0.993149;10.024654;0
-0.062390;0.097287;0.993149;10.024654;0
-0.053632;0.101697;0.996471;10.024654;0
-0.045280;0.093166;0.996471;10.024654;0
-0.034465;0.081203;0.996471;10.024654;0
-0.026466;0.078665;0.996471;10.024654;0
-0.018867;0.076925;0.998675;10.024654;0
-0.011414;0.064941;0.998675;10.024654;0
-0.002424;0.055033;0.998675;10.024654;0
0.004342;0.058139;0.998675;10.024654;0
0.010791;0.068807;0.998675;10.024654;0
0.016864;0.071812;0.998675;10.024654;0
0.022658;0.067791;0.998675;10.024654;0
0.028240;0.066718;0.999826;10.024654;0
0.035000;0.076410;0.999826;10.024654;0
0.039702;0.084350;0.999826;10.024654;0
0.044303;0.079232;1.000000;10.024654;0
0.048459;0.073382;1.000000;10.024654;0
0.053631;0.072801;1.000000;10.024654;0
0.057061;0.079481;1.000000;10.024654;0
0.060253;0.084165;0.999278;10.024654;0
0.063314;0.078007;0.999278;10.024654;0
0.066866;0.073049;0.999278;10.024654;0
0.069229;0.075920;0.997747;10.024654;0
0.071405;0.077080;0.997747;10.024654;0
0.073545;0.069393;0.997747;10.024654;0
0.075630;0.063661;0.997747;10.024654;0
0.078546;0.063057;0.992609;10.024654;0
0.081178;0.068362;0.992609;10.024654;0
0.084693;0.072218;0.992609;10.024654;0
0.089479;0.063828;0.989178;10.024654;0
-0.064964;0.066400;0.989178;10.024654;0
-0.069022;0.058192;0.989178;10.024654;0
-0.071731;0.050925;0.989178;10.024654;0
-0.074110;0.036276;0.985271;10.024654;0
-0.076073;0.028228;0.985271;10.024654;0
-0.077554;0.032173;0.985271;10.024654;0
-0.078766;0.055413;0.980931;10.024654;0
-0.079144;0.077163;0.980931;10.024654;0
-0.079007;0.087833;0.980931;10.024654;0
-0.078431;0.098280;0.980931;10.024654;0
-0.077476;0.112186;0.976177;10.024654;0
-0.075670;0.131552;0.976177;10.024654;0
-0.073708;0.135034;0.976177;10.024654;0
-0.071544;0.131752;0.971009;10.024654;0
-0.069278;0.131879;0.971009;10.024654;0
-0.066941;0.138068;0.971009;10.024654;0
-0.063847;0.152811;0.971009;10.024654;0
-0.061347;0.153977;0.965413;10.024654;0
-0.058895;0.148315;0.965413;10.024654;0
-0.056587;0.145241;0.965413;10.024654;0
-0.054373;0.147090;0.959372;10.024654;0
-0.051559;0.150914;0.959372;10.024654;0
-0.049593;0.142805;0.959372;10.024654;0
-0.047811;0.137236;0.952867;10.024654;0
-0.046217;0.140374;0.952867;10.024654;0
-0.044823;0.147479;0.952867;10.024654;0
-0.043119;0.142506;0.952867;10.024654;0
-0.042069;0.141833;0.945888;10.024654;0
-0.041254;0.148698;0.945888;10.024654;0
-0.040618;0.160591;0.945888;10.024654;0
-0.040054;0.165778;0.938431;10.024654;0
-0.039435;0.157180;0.938431;10.024654;0
-0.039121;0.154342;0.938431;10.024654;0
-0.038951;0.159004;0.930512;10.024654;0
-0.038816;0.158988;0.930512;10.024654;0
-0.038690;0.150298;0.930512;10.024654;0
-0.038697;0.150775;0.922162;10.024654;0
-0.038803;0.158272;0.922162;10.024654;0
-0.038934;0.162919;0.913438;10.024654;0
-0.039008;0.149758;0.913438;10.024654;0
-0.039147;0.134669;0.913438;10.024654;0
-0.039330;0.134588;0.904417;10.024654;0
-0.039591;0.143120;0.904417;10.024654;0
-0.039863;0.151518;0.904417;10.024654;0
-0.040075;0.145280;0.954158;10.024654;0
-0.040404;0.137519;0.948476;10.024654;0
-0.040684;0.131336;0.948476;10.024654;0
-0.040868;0.119648;0.948476;10.024654;0
-0.041064;0.103386;0.885928;10.024654;0
-0.041359;0.096029;0.885928;10.024654;0
-0.041912;0.103313;0.876744;10.024654;0
-0.042443;0.119876;0.876744;10.024654;0
-0.042952;0.127975;0.867827;10.024654;0
-0.043525;0.125096;0.867827;10.024654;0
-0.044194;0.121631;0.867827;10.024654;0
-0.045243;0.127985;0.859369;10.024654;0
-0.046108;0.124314;0.859369;10.024654;0
-0.047010;0.110390;0.851575;10.024654;0
-0.048094;0.098130;0.851575;10.024654;0
-0.049766;0.093348;0.844652;10.024654;0
-0.051202;0.090795;0.844652;10.024654;0
-0.052673;0.078097;0.838798;10.024654;0
-0.054400;0.067892;0.838798;10.024654;0
-0.056369;0.066586;0.834197;10.024654;0
-0.059433;0.083026;0.834197;10.024654;0
-0.062044;0.088060;0.830997;10.024654;0
-0.065186;0.082646;0.830997;10.024654;0
-0.069007;0.076191;0.829305;10.024654;0
0.534421;0.063705;0.829305;10.024654;0
0.549451;0.061990;0.829168;10.024654;0
0.561515;0.046747;0.829168;10.024654;0
0.573450;0.036992;0.830567;10.024654;0
0.586000;0.038289;0.830567;10.024654;0
0.598729;0.047852;0.833414;10.024654;0
0.615479;0.051566;0.833414;10.024654;0
0.628080;0.052499;0.837576;10.024654;0
0.639579;0.062637;0.837576;10.024654;0
0.650813;0.081616;0.842878;10.024654;0
0.664223;0.105673;0.842878;10.024654;0
0.672987;0.109343;0.849114;10.024654;0
0.680222;0.105450;0.849114;10.024654;0
0.686589;0.104044;0.856056;10.024654;0
0.692706;0.110531;0.856056;10.024654;0
0.695613;0.121950;0.863464;10.024654;0
0.696692;0.125924;0.863464;10.024654;0
0.696126;0.123486;0.871093;10.024654;0
0.694123;0.122830;0.871093;10.024654;0
0.688915;0.129870;0.878701;10.024654;0
0.683182;0.141933;0.878701;10.024654;0
0.675904;0.147222;0.886055;10.024654;0
0.667180;0.143782;0.886055;10.024654;0
0.654058;0.142425;0.886055;10.024654;0
0.642746;0.147766;0.892937;10.024654;0
0.630176;0.161334;0.892937;10.024654;0
0.616928;0.168599;0.899145;10.024654;0
0.602514;0.166500;0.899145;10.024654;0
0.582202;0.165264;0.899145;10.024654;0
0.566117;0.170367;0.904501;10.024654;0
0.549466;0.174508;0.904501;10.024654;0
0.532403;0.165008;0.904501;10.024654;0
0.515894;0.154684;0.908849;10.024654;0
0.493757;0.152207;0.908849;10.024654;0
0.477023;0.161675;0.912057;10.024654;0
0.459947;0.172340;0.912057;10.024654;0
0.442918;0.169496;0.912057;10.024654;0
0.426166;0.166230;0.914019;10.024654;0
0.404859;0.170579;0.914019;10.024654;0
0.389315;0.174149;0.914657;10.024654;0
0.373862;0.165398;0.914657;10.024654;0
0.358679;0.156621;0.914657;10.024654;0
0.344033;0.153281;0.913918;10.024654;0
0.325495;0.164186;0.913918;10.024654;0
0.312125;0.172358;0.913918;10.024654;0
0.299043;0.164124;0.911777;10.024654;0
0.286607;0.152043;0.911777;10.024654;0
0.275204;0.146241;0.908235;10.024654;0
0.263926;0.147966;0.908235;10.024654;0
0.249710;0.151939;0.908235;10.024654;0
0.239813;0.141864;0.903322;10.024654;0
0.230727;0.133615;0.903322;10.024654;0
0.222058;0.132552;0.897094;10.024654;0
0.214086;0.135826;0.897094;10.024654;0
0.204512;0.125924;0.897094;10.024654;0
0.197971;0.115487;0.889636;10.024654;0
0.192371;0.113823;0.889636;10.024654;0
0.187149;0.119352;0.881061;10.024654;0
0.182578;0.127313;0.881061;10.024654;0
0.177994;0.112886;0.871511;10.024654;0
0.175915;0.092752;0.871511;10.024654;0
0.175300;0.076424;0.871511;10.024654;0
0.176446;0.068476;0.861155;10.024654;0
0.180198;0.064385;0.861155;10.024654;0
0.495778;0.088003;0.850192;10.024654;0
0.490030;0.062108;0.850192;10.024654;0
0.486266;0.049055;0.850192;10.024654;0
0.483242;0.050668;0.838841;10.024654;0
0.480919;0.061093;0.838841;10.024654;0
0.478955;0.062714;0.827310;10.024654;0
0.477633;0.066568;0.827310;10.024654;0
0.476878;0.080091;0.815799;10.024654;0
0.476222;0.102015;0.815799;10.024654;0
0.475426;0.123866;0.815799;10.024654;0
0.473957;0.126236;0.804494;10.024654;0
0.472507;0.123379;0.804494;10.024654;0
0.470765;0.125182;0.793568;10.024654;0
0.468399;0.132889;0.793568;10.024654;0
0.465420;0.141557;0.793568;10.024654;0
0.460467;0.138016;0.783182;10.024654;0
0.455228;0.129441;0.783182;10.024654;0
0.449614;0.129889;0.773478;10.024654;0
0.443020;0.140201;0.773478;10.024654;0
0.435575;0.150321;0.764587;10.024654;0
0.425303;0.143488;0.764587;10.024654;0
0.415044;0.136243;0.756619;10.024654;0
0.404920;0.139366;0.756619;10.024654;0
0.394108;0.144935;0.756619;10.024654;0
0.382725;0.136646;0.749669;10.024654;0
0.367638;0.130329;0.749669;10.024654;0
0.355454;0.139143;0.743810;10.024654;0
0.343131;0.149979;0.743810;10.024654;0
0.330362;0.147117;0.739098;10.024654;0
0.317756;0.141358;0.739098;10.024654;0
0.300880;0.142455;0.735564;10.024654;0
0.288105;0.142048;0.735564;10.024654;0
0.275796;0.127540;0.733223;10.024654;0
0.263624;0.113873;0.733223;10.024654;0
0.251993;0.108208;0.732066;10.024654;0
0.237064;0.116064;0.732066;10.024654;0
0.226325;0.122529;0.732062;10.024654;0
0.215660;0.115218;0.732062;10.024654;0
0.205651;0.106830;0.733161;10.024654;0
0.195888;0.105070;0.733161;10.024654;0
0.183759;0.115369;0.735294;10.024654;0
0.174801;0.128530;0.735294;10.024654;0
0.166707;0.129421;0.738372;10.024654;0
0.158800;0.119657;0.738372;10.024654;0
0.151314;0.113752;0.742290;10.024654;0
0.141706;0.116659;0.742290;10.024654;0
0.134868;0.127960;0.746928;10.024654;0
0.128447;0.129895;0.746928;10.024654;0
0.122701;0.122760;0.752149;10.024654;0
0.117157;0.116035;0.752149;10.024654;0
0.110509;0.113973;0.757806;10.024654;0
0.106191;0.103172;0.757806;10.024654;0
0.102496;0.087477;0.763741;10.024654;0
0.099509;0.080780;0.763741;10.024654;0
0.097354;0.083794;0.769787;10.024654;0
0.096388;0.086483;0.769787;10.024654;0
0.635127;0.105501;0.775768;10.024654;0
0.635247;0.086528;0.775768;10.024654;0
0.635807;0.068952;0.781513;10.024654;0
0.636753;0.062038;0.781513;10.024654;0
0.638258;0.063187;0.781513;10.024654;0
0.639401;0.058462;0.786872;10.024654;0
0.640399;0.058254;0.786872;10.024654;0
0.641003;0.070037;0.791724;10.024654;0
0.640917;0.092485;0.791724;10.024654;0
0.639290;0.116466;0.795970;10.024654;0
0.636780;0.122191;0.795970;10.024654;0
0.633234;0.127295;0.799541;10.024654;0
0.628248;0.135253;0.799541;10.024654;0
0.621666;0.148652;0.799541;10.024654;0
0.610353;0.165227;0.802392;10.024654;0
0.599850;0.161934;0.802392;10.024654;0
0.587601;0.156293;0.804500;10.024654;0
0.574106;0.153108;0.804500;10.024654;0
0.559197;0.157382;0.805870;10.024654;0
0.536660;0.156913;0.805870;10.024654;0
0.518692;0.149645;0.805870;10.024654;0
0.499719;0.146367;0.806527;10.024654;0
0.479778;0.151420;0.806527;10.024654;0
0.458507;0.160368;0.806521;10.024654;0
0.429384;0.153028;0.806521;10.024654;0
0.407207;0.140056;0.806521;10.024654;0
0.384609;0.112134;0.805923;10.024654;0
0.362666;0.085319;0.805923;10.024654;0
0.340560;0.070065;0.805923;10.024654;0
0.311997;0.061705;0.804825;10.024654;0
0.290994;0.066520;0.804825;10.024654;0
0.270155;0.087602;0.803337;10.024654;0
0.249060;0.122240;0.803337;10.024654;0
0.228398;0.160775;0.801586;10.024654;0
0.205188;0.197995;0.801586;10.024654;0
0.180090;0.210224;0.801586;10.024654;0
0.160130;0.205230;0.799716;10.024654;0
0.140535;0.199020;0.799716;10.024654;0
0.121297;0.194576;0.797877;10.024654;0
0.096530;0.184235;0.797877;10.024654;0
0.078584;0.158397;0.796230;10.024654;0
0.061257;0.133966;0.796230;10.024654;0
0.044096;0.121215;0.794933;10.024654;0
0.027596;0.123813;0.794933;10.024654;0
0.006088;0.134920;0.794143;10.024654;0
-0.009331;0.129323;0.794143;10.024654;0
-0.024598;0.117294;0.794004;10.024654;0
-0.039634;0.111718;0.794004;10.024654;0
-0.054299;0.114830;0.794643;10.024654;0
-0.073580;0.125418;0.794643;10.024654;0
-0.087983;0.119448;0.796159;10.024654;0
-0.102412;0.105102;0.796159;10.024654;0
-0.117139;0.095186;0.798622;10.024654;0
-0.137371;0.096963;0.798622;10.024654;0
-0.153731;0.099625;0.802059;10.024654;0
-0.171128;0.088790;0.802059;10.024654;0
-0.190021;0.074146;0.806454;10.024654;0
-0.211628;0.066690;0.806454;10.024654;0
0.772608;0.036060;0.811739;10.024654;0
0.785146;0.030951;0.811739;10.024654;0
0.798883;0.013800;0.817799;10.024654;0
0.814505;-0.001289;0.817799;10.024654;0
0.830440;-0.005026;0.817799;10.024654;0
0.853270;0.010417;0.824478;10.024654;0
0.870758;0.028794;0.824478;10.024654;0
0.887972;0.037664;0.831589;10.024654;0
0.905593;0.043109;0.831589;10.024654;0
0.922486;0.050766;0.838927;10.024654;0
0.944143;0.070740;0.838927;10.024654;0
0.959072;0.089580;0.838927;10.024654;0
0.973261;0.102946;0.846276;10.024654;0
0.985283;0.101126;0.846276;10.024654;0
0.996241;0.095822;0.846276;10.024654;0
1.000000;0.095133;0.853418;10.024654;0
1.000000;0.096227;0.853418;10.024654;0
1.000000;0.090801;0.853418;10.024654;0
1.000000;0.087101;0.860138;10.024654;0
1.000000;0.088846;0.860138;10.024654;0
1.000000;0.097179;0.860138;10.024654;0
1.000000;0.105777;0.866230;10.024654;0
1.000000;0.105524;0.866230;10.024654;0
1.000000;0.104241;0.866230;10.024654;0
1.000000;0.107542;0.866230;10.024654;0
0.997852;0.116070;0.866230;10.024654;0
0.987702;0.121464;0.871505;10.024654;0
0.975978;0.121588;0.871505;10.024654;0
0.959291;0.126631;0.871505;10.024654;0
0.944746;0.137518;0.875787;10.024654;0
0.929487;0.146622;0.875787;10.024654;0
0.913332;0.145192;0.875787;10.024654;0
0.896088;0.141422;0.875787;10.024654;0
0.871979;0.139620;0.878921;10.024654;0
0.853307;0.144440;0.878921;10.024654;0
0.833947;0.145245;0.878921;10.024654;0
0.814113;0.140830;0.880776;10.024654;0
0.793639;0.138096;0.880776;10.024654;0
0.766321;0.141776;0.880776;10.024654;0
0.745272;0.152169;0.880776;10.024654;0
0.724237;0.162297;0.881241;10.024654;0
0.702477;0.159246;0.881241;10.024654;0
0.680719;0.151675;0.881241;10.024654;0
0.659117;0.145771;0.881241;10.024654;0
0.631001;0.149240;0.880229;10.024654;0
0.610135;0.154427;0.880229;10.024654;0
0.589066;0.149778;0.880229;10.024654;0
0.569097;0.143754;0.877676;10.024654;0
0.543209;0.141414;0.877676;10.024654;0
0.523805;0.146385;0.877676;10.024654;0
0.504439;0.149839;0.877676;10.024654;0
0.485556;0.142014;0.873544;10.024654;0
0.467314;0.133721;0.873544;10.024654;0
0.450002;0.132487;0.873544;10.024654;0
0.427653;0.135081;0.867819;10.024654;0
0.411963;0.126116;0.867819;10.024654;0
0.396421;0.118061;0.867819;10.024654;0
0.381801;0.116603;0.860512;10.024654;0
0.363093;0.127829;0.860512;10.024654;0
0.349723;0.135425;0.860512;10.024654;0
0.336941;0.129675;0.860512;10.024654;0
0.325016;0.120990;0.851658;10.024654;0
0.313286;0.117035;0.851658;10.024654;0
0.298919;0.119876;0.851658;10.024654;0
0.288737;0.120355;0.841318;10.024654;0
0.279150;0.111253;0.841318;10.024654;0
0.270451;0.103699;0.841318;10.024654;0
0.261764;0.103412;0.829579;10.024654;0
0.250846;0.114369;0.829579;10.024654;0
0.243276;0.121286;0.829579;10.024654;0
0.236086;0.116037;0.816553;10.024654;0
0.229642;0.110342;0.816553;10.024654;0
0.221667;0.109070;0.802380;10.024654;0
0.216165;0.103272;0.802380;10.024654;0
0.211409;0.095805;0.802380;10.024654;0
0.207345;0.095464;0.787226;10.024654;0
0.203895;0.102172;0.787226;10.024654;0
0.200760;0.115849;0.787226;10.024654;0
0.199825;0.115173;0.771286;10.024654;0
0.200615;0.105402;0.771286;10.024654;0
0.203704;0.096926;0.771286;10.024654;0
0.212769;0.093187;0.754785;10.024654;0
0.221620;0.084236;0.754785;10.024654;0
0.215135;0.070124;0.754785;10.024654;0
0.209722;0.060605;0.737967;10.024654;0
0.204361;0.061649;0.737967;10.024654;0
0.201584;0.073745;0.737967;10.024654;0
0.199961;0.085111;0.721078;10.024654;0
0.199331;0.083079;0.721078;10.024654;0
0.199589;0.078051;0.721078;10.024654;0
0.200735;0.076801;0.704354;10.024654;0
0.202679;0.080860;0.704354;10.024654;0
0.204655;0.074774;0.704354;10.024654;0
0.206752;0.067509;0.688019;10.024654;0
0.208709;0.068256;0.688019;10.024654;0
0.210791;0.084663;0.672288;10.024654;0
0.211842;0.099723;0.672288;10.024654;0
0.212359;0.103322;0.672288;10.024654;0
0.212199;0.100159;0.657361;10.024654;0
0.210762;0.101211;0.657361;10.024654;0
0.208701;0.107733;0.643428;10.024654;0
0.205853;0.106376;0.643428;10.024654;0
0.202243;0.099009;0.630660;10.024654;0
0.197778;0.096565;0.630660;10.024654;0
0.190873;0.105933;0.630660;10.024654;0
0.184586;0.117432;0.619213;10.024654;0
0.177606;0.124093;0.619213;10.024654;0
0.170113;0.115632;0.609224;10.024654;0
0.162334;0.106297;0.609224;10.024654;0
0.154033;0.100389;0.600805;10.024654;0
0.142606;0.104507;0.600805;10.024654;0
0.133816;0.108197;0.594048;10.024654;0
0.125140;0.100250;0.594048;10.024654;0
0.116140;0.091197;0.589016;10.024654;0
0.104646;0.086850;0.589016;10.024654;0
0.095629;0.086743;0.585746;10.024654;0
0.086996;0.078823;0.585746;10.024654;0
0.078864;0.074727;0.584248;10.024654;0
0.070763;0.078738;0.584502;10.024654;0
0.060199;0.096477;0.584502;10.024654;0
0.052527;0.100836;0.586465;10.024654;0
0.045313;0.098106;0.586465;10.024654;0
0.038244;0.095085;0.590066;10.024654;0
0.031556;0.097148;0.590066;10.024654;0
0.023081;0.111078;0.595216;10.024654;0
0.017002;0.116860;0.601803;10.024654;0
0.011181;0.105051;0.601803;10.024654;0
0.005666;0.092384;0.609704;10.024654;0
0.000379;0.087681;0.609704;10.024654;0
-0.004673;0.088437;0.618781;10.024654;0
-0.010922;0.076383;0.618781;10.024654;0
-0.015498;0.069095;0.628884;10.024654;0
-0.020023;0.069700;0.628884;10.024654;0
-0.024611;0.077522;0.639861;10.024654;0
-0.029241;0.080479;0.639861;10.024654;0
-0.035778;0.067892;0.651550;10.024654;0
0.697521;0.047587;0.651550;10.024654;0
0.704488;0.044816;0.663787;10.024654;0
0.711630;0.046705;0.663787;10.024654;0
0.721627;0.047052;0.676411;10.024654;0
0.729254;0.051048;0.676411;10.024654;0
0.736089;0.063435;0.689273;10.024654;0
0.742336;0.083518;0.689273;10.024654;0
0.747514;0.109339;0.689273;10.024654;0
0.752400;0.136469;0.702250;10.024654;0
0.754231;0.145390;0.702250;10.024654;0
0.754348;0.151507;0.715236;10.024654;0
0.752732;0.160982;0.715236;10.024654;0
0.747522;0.173201;0.728140;10.024654;0
0.740868;0.171737;0.728140;10.024654;0
0.732274;0.169304;0.728140;10.024654;0
0.721698;0.171826;0.740891;10.024654;0
0.708862;0.181291;0.740891;10.024654;0
0.693860;0.194471;0.753432;10.024654;0
0.670658;0.199850;0.753432;10.024654;0
0.651560;0.192066;0.753432;10.024654;0
0.630416;0.183782;0.765717;10.024654;0
0.608524;0.180860;0.765717;10.024654;0
0.578039;0.180777;0.777713;10.024654;0
0.553632;0.171458;0.777713;10.024654;0
0.529295;0.164633;0.777713;10.024654;0
0.504301;0.168048;0.789400;10.024654;0
0.479099;0.181397;0.789400;10.024654;0
0.453714;0.196359;0.800763;10.024654;0
0.419924;0.193593;0.800763;10.024654;0
0.395507;0.188804;0.800763;10.024654;0
0.371205;0.187455;0.811799;10.024654;0
0.347524;0.190305;0.811799;10.024654;0
0.324543;0.187140;0.822510;10.024654;0
0.302499;0.176526;0.822510;10.024654;0
0.275340;0.169820;0.822510;10.024654;0
0.255496;0.172592;0.832901;10.024654;0
0.236586;0.176667;0.832901;10.024654;0
0.219281;0.171343;0.842986;10.024654;0
0.202318;0.164377;0.842986;10.024654;0
0.181367;0.165495;0.842986;10.024654;0
0.166843;0.175564;0.852775;10.024654;0
0.152982;0.183181;0.852775;10.024654;0
0.139433;0.171756;0.862283;10.024654;0
0.123008;0.153011;0.862283;10.024654;0
0.110876;0.146701;0.871522;10.024654;0
0.099854;0.148946;0.871522;10.024654;0
0.089169;0.144745;0.871522;10.024654;0
0.079039;0.131106;0.880501;10.024654;0
0.066464;0.117323;0.880501;10.024654;0
0.057183;0.114357;0.889225;10.024654;0
0.048174;0.120068;0.889225;10.024654;0
0.039259;0.132015;0.897693;10.024654;0
0.030641;0.129431;0.897693;10.024654;0
0.019557;0.121158;0.897693;10.024654;0
0.011210;0.119145;0.905898;10.024654;0
0.003035;0.121017;0.905898;10.024654;0
-0.004967;0.123507;0.913821;10.024654;0
-0.012995;0.111419;0.913821;10.024654;0
-0.023730;0.086443;0.913821;10.024654;0
-0.031878;0.074007;0.921436;10.024654;0
-0.040380;0.072897;0.921436;10.024654;0
-0.048999;0.083541;0.928704;10.024654;0
-0.057949;0.090674;0.928704;10.024654;0
-0.071022;0.081852;0.935575;10.024654;0
-0.082512;0.074915;0.935575;10.024654;0
0.070416;0.087917;0.935575;10.024654;0
0.070873;0.079524;0.941990;10.024654;0
0.072529;0.036859;0.941990;10.024654;0
0.074544;0.006378;0.947877;10.024654;0
0.077318;-0.010046;0.947877;10.024654;0
0.080826;-0.008548;0.947877;10.024654;0
0.085564;0.007173;0.953162;10.024654;0
0.091185;0.016507;0.953162;10.024654;0
0.096227;0.026798;0.953162;10.024654;0
0.101475;0.046801;0.957767;10.024654;0
0.106959;0.069081;0.957767;10.024654;0
0.114163;0.073793;0.961618;10.024654;0
0.119651;0.075080;0.961618;10.024654;0
0.124898;0.083375;0.961618;10.024654;0
0.129949;0.093437;0.964643;10.024654;0
0.134805;0.088260;0.964643;10.024654;0
0.140592;0.080741;0.964643;10.024654;0
0.144518;0.081166;0.966781;10.024654;0
0.148087;0.088693;0.966781;10.024654;0
0.151216;0.095449;0.966781;10.024654;0
0.153835;0.090713;0.967978;10.024654;0
0.156879;0.090397;0.967978;10.024654;0
0.158622;0.100378;0.967978;10.024654;0
0.159949;0.116842;0.968195;10.024654;0
0.160890;0.124682;0.968195;10.024654;0
0.161605;0.120939;0.968195;10.024654;0
0.161784;0.118920;0.967403;10.024654;0
0.161698;0.122198;0.967403;10.024654;0
0.161404;0.128133;0.965591;10.024654;0
0.160916;0.123687;0.965591;10.024654;0
0.160288;0.120218;0.965591;10.024654;0
0.159250;0.123929;0.962762;10.024654;0
0.158368;0.135321;0.962762;10.024654;0
0.157447;0.141059;0.962762;10.024654;0
0.156459;0.137744;0.958939;10.024654;0
0.155177;0.135536;0.958939;10.024654;0
0.154242;0.142401;0.958939;10.024654;0
0.153346;0.148026;0.954158;10.024654;0
0.152480;0.137481;0.954158;10.024654;0
0.151548;0.122295;0.954158;10.024654;0
0.150947;0.121424;0.948476;10.024654;0
0.150449;0.132013;0.948476;10.024654;0
0.150044;0.144995;0.941966;10.024654;0
0.149704;0.141340;0.941966;10.024654;0
0.149425;0.132903;0.941966;10.024654;0
0.149341;0.133935;0.934717;10.024654;0
0.149344;0.141510;0.934717;10.024654;0
0.149442;0.146157;0.926836;10.024654;0
0.149796;0.128282;0.926836;10.024654;0
0.150292;0.116802;0.926836;10.024654;0
0.150960;0.115011;0.918442;10.024654;0
0.151759;0.120847;0.918442;10.024654;0
0.152712;0.125702;0.918442;10.024654;0
0.153876;0.115079;0.909667;10.024654;0
0.155291;0.102570;0.909667;10.024654;0
0.157530;0.101244;0.900652;10.024654;0
0.159491;0.103635;0.900652;10.024654;0
0.161830;0.092475;0.891546;10.024654;0
0.164493;0.083763;0.891546;10.024654;0
0.168481;0.088006;0.891546;10.024654;0
0.172113;0.100924;0.882497;10.024654;0
0.176077;0.103491;0.882497;10.024654;0
0.180842;0.099938;0.873651;10.024654;0
0.186257;0.101288;0.873651;10.024654;0
0.194674;0.112340;0.865144;10.024654;0
0.202756;0.116766;0.865144;10.024654;0
0.212641;0.106431;0.865144;10.024654;0
0.225216;0.094656;0.857099;10.024654;0
-0.649449;0.013473;0.857099;10.024654;0
-0.675473;0.005283;0.849613;10.024654;0
-0.696839;0.000463;0.849613;10.024654;0
-0.719221;-0.010223;0.849613;10.024654;0
-0.741773;-0.014704;0.842758;10.024654;0
-0.765838;-0.007886;0.842758;10.024654;0
-0.790130;0.006820;0.836575;10.024654;0
-0.822100;0.016519;0.836575;10.024654;0
-0.845038;0.026059;0.836575;10.024654;0
-0.867543;0.041018;0.831076;10.024654;0
-0.888577;0.058404;0.831076;10.024654;0
-0.908594;0.074029;0.826248;10.024654;0
-0.932385;0.077459;0.826248;10.024654;0
-0.948116;0.078749;0.826248;10.024654;0
-0.961661;0.081491;0.822053;10.024654;0
-0.973015;0.088504;0.822053;10.024654;0
-0.982331;0.096629;0.822053;10.024654;0
-0.989149;0.093255;0.818430;10.024654;0
-0.994561;0.086474;0.818430;10.024654;0
-0.996097;0.087885;0.818430;10.024654;0
-0.995464;0.097120;0.815302;10.024654;0
-0.992559;0.111654;0.815302;10.024654;0
-0.984757;0.122128;0.815302;10.024654;0
-0.976013;0.119705;0.815302;10.024654;0
-0.965258;0.117562;0.815302;10.024654;0
-0.952885;0.119429;0.812579;10.024654;0
-0.938720;0.123061;0.812579;10.024654;0
-0.917344;0.118010;0.812579;10.024654;0
-0.899577;0.118040;0.810160;10.024654;0
-0.880529;0.124392;0.810160;10.024654;0
-0.860595;0.136767;0.810160;10.024654;0
-0.838556;0.147659;0.807938;10.024654;0
-0.807183;0.146491;0.807938;10.024654;0
-0.783056;0.128415;0.807938;10.024654;0
-0.758708;0.108966;0.807938;10.024654;0
-0.733835;0.094991;0.805802;10.024654;0
-0.709836;0.082758;0.805802;10.024654;0
-0.677181;0.085703;0.805802;10.024654;0
-0.653176;0.103724;0.803644;10.024654;0
-0.628183;0.126906;0.803644;10.024654;0
-0.603925;0.143685;0.803644;10.024654;0
-0.570797;0.157064;0.801357;10.024654;0
-0.545273;0.166501;0.801357;10.024654;0
-0.520325;0.175377;0.801357;10.024654;0
-0.495966;0.177455;0.798843;10.024654;0
-0.472788;0.165627;0.798843;10.024654;0
-0.442401;0.149798;0.798843;10.024654;0
-0.419486;0.145014;0.798843;10.024654;0
-0.398009;0.147037;0.796008;10.024654;0
-0.377118;0.143536;0.796008;10.024654;0
-0.349838;0.129270;0.796008;10.024654;0
-0.330121;0.122144;0.792772;10.024654;0
-0.311575;0.121192;0.792772;10.024654;0
-0.293785;0.126421;0.792772;10.024654;0
-0.276998;0.126127;0.789062;10.024654;0
-0.255646;0.112479;0.789062;10.024654;0
-0.240212;0.101757;0.789062;10.024654;0
-0.226120;0.095056;0.784823;10.024654;0
-0.212272;0.094709;0.784823;10.024654;0
-0.199346;0.096293;0.784823;10.024654;0
-0.183142;0.082010;0.780008;10.024654;0
-0.172070;0.071456;0.774588;10.024654;0
-0.161427;0.068169;0.774588;10.024654;0
-0.151170;0.071245;0.774588;10.024654;0
-0.138828;0.064701;0.768549;10.024654;0
-0.129848;0.053243;0.768549;10.024654;0
-0.121403;0.048320;0.768549;10.024654;0
-0.113424;0.052860;0.761891;10.024654;0
-0.105858;0.063968;0.761891;10.024654;0
-0.096726;0.076480;0.761891;10.024654;0
-0.090200;0.071909;0.754634;10.024654;0
-0.084359;0.064623;0.754634;10.024654;0
-0.078805;0.062851;0.754634;10.024654;0
-0.073842;0.066001;0.746813;10.024654;0
-0.068327;0.055518;0.746813;10.024654;0
-0.065511;0.046820;0.738487;10.024654;0
-0.223757;0.074533;0.738487;10.024654;0
-0.220108;0.079382;0.738487;10.024654;0
-0.216933;0.087422;0.729730;10.024654;0
-0.214310;0.087499;0.729730;10.024654;0
-0.212804;0.087617;0.729730;10.024654;0
-0.211879;0.097211;0.720634;10.024654;0
-0.211323;0.112068;0.720634;10.024654;0
-0.210868;0.120365;0.711300;10.024654;0
-0.210449;0.122950;0.711300;10.024654;0
-0.210182;0.128952;0.711300;10.024654;0
-0.209768;0.139883;0.701835;10.024654;0
-0.208983;0.153513;0.701835;10.024654;0
-0.207588;0.159056;0.692359;10.024654;0
-0.204796;0.152349;0.692359;10.024654;0
-0.202003;0.149603;0.692359;10.024654;0
-0.198543;0.151588;0.682996;10.024654;0
-0.194381;0.159966;0.682996;10.024654;0
-0.189353;0.169660;0.673883;10.024654;0
-0.181626;0.159304;0.673883;10.024654;0
-0.174980;0.147737;0.665158;10.024654;0
-0.168094;0.143833;0.665158;10.024654;0
-0.160491;0.148925;0.656970;10.024654;0
-0.152393;0.149883;0.656970;10.024654;0
-0.141554;0.141426;0.649469;10.024654;0
-0.133220;0.141161;0.649469;10.024654;0
-0.124669;0.147743;0.642807;10.024654;0
-0.115932;0.162421;0.642807;10.024654;0
-0.104511;0.171060;0.637133;10.024654;0
-0.095665;0.165093;0.637133;10.024654;0
-0.087346;0.158319;0.632590;10.024654;0
-0.079148;0.155444;0.629307;10.024654;0
-0.071356;0.154193;0.629307;10.024654;0
-0.063721;0.140210;0.627399;10.024654;0
-0.054256;0.122776;0.627399;10.024654;0
-0.047634;0.120554;0.626958;10.024654;0
-0.041344;0.122103;0.628045;10.024654;0
-0.035489;0.113879;0.628045;10.024654;0
-0.029895;0.106713;0.630691;10.024654;0
-0.022974;0.104063;0.634891;10.024654;0
-0.018183;0.110988;0.634891;10.024654;0
-0.013637;0.118617;0.640598;10.024654;0
-0.009216;0.111236;0.647728;10.024654;0
-0.003803;0.102205;0.647728;10.024654;0
0.000140;0.103938;0.656157;10.024654;0
0.003837;0.112775;0.656157;10.024654;0
0.007381;0.113023;0.665720;10.024654;0
0.010948;0.102807;0.676221;10.024654;0
0.015293;0.091877;0.676221;10.024654;0
0.018257;0.091302;0.687426;10.024654;0
0.020690;0.089997;0.687426;10.024654;0
-0.877497;0.020645;0.699076;10.024654;0
-0.890617;-0.008911;0.699076;10.024654;0
-0.910243;-0.044082;0.710886;10.024654;0
-0.927936;-0.052781;0.710886;10.024654;0
-0.947216;-0.048953;0.722568;10.024654;0
-0.967935;-0.041707;0.722568;10.024654;0
-0.988816;-0.023854;0.733852;10.024654;0
-1.000000;0.004506;0.733852;10.024654;0
-1.000000;0.045867;0.733852;10.024654;0
-1.000000;0.068003;0.744488;10.024654;0
-1.000000;0.087558;0.744488;10.024654;0
-1.000000;0.106264;0.754251;10.024654;0
-1.000000;0.122478;0.754251;10.024654;0
-1.000000;0.133687;0.754251;10.024654;0
-1.000000;0.133032;0.762938;10.024654;0
-1.000000;0.132691;0.762938;10.024654;0
-1.000000;0.136843;0.762938;10.024654;0
-1.000000;0.145517;0.770373;10.024654;0
-1.000000;0.149843;0.762938;10.024654;0
-1.000000;0.146947;0.770373;10.024654;0
-1.000000;0.146172;0.770373;10.024654;0
-1.000000;0.150918;0.770373;10.024654;0
-1.000000;0.160312;0.776406;10.024654;0
-1.000000;0.166262;0.776406;10.024654;0
-0.991429;0.166341;0.776406;10.024654;0
-0.961282;0.168021;0.780913;10.024654;0
-0.929395;0.172520;0.780913;10.024654;0
-0.893445;0.174116;0.780913;10.024654;0
-0.844140;0.161983;0.780913;10.024654;0
-0.805977;0.153769;0.783795;10.024654;0
-0.766278;0.151257;0.783795;10.024654;0
-0.725861;0.158952;0.783795;10.024654;0
-0.684800;0.170993;0.784978;10.024654;0
-0.633888;0.171831;0.784978;10.024654;0
-0.588972;0.168563;0.784978;10.024654;0
-0.548873;0.168160;0.784413;10.024654;0
-0.508717;0.168283;0.784413;10.024654;0
-0.470154;0.162507;0.784413;10.024654;0
-0.432109;0.154358;0.784413;10.024654;0
-0.383518;0.152662;0.782077;10.024654;0
-0.349349;0.152599;0.782077;10.024654;0
-0.317346;0.143322;0.782077;10.024654;0
-0.286463;0.134260;0.777971;10.024654;0
-0.248195;0.134443;0.777971;10.024654;0
-0.220550;0.142206;0.777971;10.024654;0
-0.194998;0.138577;0.772121;10.024654;0
-0.171042;0.133413;0.772121;10.024654;0
-0.148174;0.133509;0.772121;10.024654;0
-0.120582;0.138299;0.764576;10.024654;0
-0.101266;0.128919;0.755412;10.024654;0
