-0.287331;0.093618;0.627847;10.024654;0
-0.276418;0.100813;0.633690;10.024654;0
-0.267274;0.085807;0.633690;10.024654;0
-0.257623;0.065583;0.639025;10.024654;0
-0.247737;0.052700;0.639025;10.024654;0
-0.234290;0.055819;0.643847;10.024654;0
-0.223379;0.063400;0.643847;10.024654;0
-0.212233;0.063157;0.643847;10.024654;0
-0.200956;0.066054;0.648174;10.024654;0
-0.189806;0.076157;0.648174;10.024654;0
-0.178629;0.092733;0.652043;10.024654;0
-0.163641;0.105267;0.652043;10.024654;0
-0.152567;0.104388;0.655516;10.024654;0
-0.141696;0.104701;0.655516;10.024654;0
-0.130889;0.107972;0.658678;10.024654;0
-0.120363;0.114815;0.658678;10.024654;0
-0.106944;0.116646;0.661636;10.024654;0
-0.097478;0.100634;0.661636;10.024654;0
-0.088286;0.066690;0.661636;10.024654;0
-0.079576;0.034779;0.664519;10.024654;0
-0.068759;0.013486;0.664519;10.024654;0
-0.061238;0.004546;0.667474;10.024654;0
-0.054041;0.009945;0.667474;10.024654;0
-0.047270;0.029854;0.670663;10.024654;0
-0.040757;0.062758;0.670663;10.024654;0
-0.032737;0.107286;0.674261;10.024654;0
-0.026869;0.122850;0.674261;10.024654;0
-0.021280;0.129955;0.678445;10.024654;0
-0.016026;0.134603;0.678445;10.024654;0
-0.010880;0.141614;0.683392;10.024654;0
-0.004950;0.147165;0.683392;10.024654;0
0.000520;0.135538;0.689269;10.024654;0
0.004983;0.123771;0.689269;10.024654;0
0.009369;0.115205;0.696223;10.024654;0
0.013477;0.109630;0.696223;10.024654;0
0.019098;0.087694;0.704372;10.024654;0
0.023083;0.074699;0.704372;10.024654;0
0.026982;0.070117;0.704372;10.024654;0
0.030584;0.076413;0.713801;10.024654;0
0.034210;0.081641;0.713801;10.024654;0
0.038855;0.076963;0.724547;10.024654;0
0.042188;0.075242;0.724547;10.024654;0
0.045674;0.079744;0.736599;10.024654;0
0.049249;0.086752;0.736599;10.024654;0
0.053859;0.083595;0.749890;10.024654;0
0.060023;0.080267;0.749890;10.024654;0
0.066615;0.080575;0.764294;10.024654;0
0.075444;0.083366;0.764294;10.024654;0
-1.000000;0.086076;0.764294;10.024654;0
-1.000000;0.086312;0.779629;10.024654;0
-1.000000;0.084281;0.779629;10.024654;0
-1.000000;0.089110;0.795675;10.024654;0
-1.000000;0.095541;0.795675;10.024654;0
-1.000000;0.094722;0.795675;10.024654;0
-1.000000;0.094649;0.812197;10.024654;0
-1.000000;0.099817;0.812197;10.024654;0
-1.000000;0.111140;0.812197;10.024654;0
-1.000000;0.122248;0.828962;10.024654;0
-1.000000;0.125133;0.828962;10.024654;0
-1.000000;0.125396;0.828962;10.024654;0
-1.000000;0.129281;0.845741;10.024654;0
-1.000000;0.136607;0.845741;10.024654;0
-1.000000;0.141036;0.845741;10.024654;0
-1.000000;0.135556;0.862316;10.024654;0
-1.000000;0.130481;0.862316;10.024654;0
-0.991187;0.130810;0.862316;10.024654;0
-0.970027;0.133853;0.878487;10.024654;0
-0.952553;0.129065;0.878487;10.024654;0
-0.934481;0.126017;0.878487;10.024654;0
-0.916603;0.127840;0.878487;10.024654;0
-0.891457;0.135423;0.894071;10.024654;0
-0.871658;0.135399;0.894071;10.024654;0
-0.851918;0.136185;0.894071;10.024654;0
-0.831620;0.139584;0.908905;10.024654;0
-0.811892;0.147345;0.908905;10.024654;0
-0.784579;0.158445;0.908905;10.024654;0
-0.764511;0.156176;0.908905;10.024654;0
-0.744065;0.152411;0.922852;10.024654;0
-0.723375;0.150653;0.922852;10.024654;0
-0.702485;0.153175;0.922852;10.024654;0
-0.674748;0.156228;0.935794;10.024654;0
-0.654375;0.149889;0.935794;10.024654;0
-0.633968;0.145074;0.935794;10.024654;0
-0.614275;0.144407;0.935794;10.024654;0
-0.594888;0.147094;0.947638;10.024654;0
-0.569615;0.139606;0.947638;10.024654;0
-0.550663;0.134892;0.947638;10.024654;0
-0.532827;0.134763;0.947638;10.024654;0
-0.515043;0.136526;0.958313;10.024654;0
-0.491783;0.125618;0.958313;10.024654;0
-0.475624;0.118224;0.958313;10.024654;0
-0.459111;0.117096;0.967770;10.024654;0
-0.443641;0.123665;0.967770;10.024654;0
-0.427977;0.132606;0.967770;10.024654;0
-0.407533;0.130240;0.967770;10.024654;0
-0.392719;0.125057;0.975981;10.024654;0
-0.378638;0.123889;0.975981;10.024654;0
-0.364744;0.127290;0.975981;10.024654;0
-0.351649;0.129583;0.975981;10.024654;0
-0.334090;0.118946;0.982938;10.024654;0
-0.321458;0.114185;0.982938;10.024654;0
-0.309251;0.116194;0.982938;10.024654;0
-0.297589;0.119783;0.988652;10.024654;0
-0.286235;0.114024;0.988652;10.024654;0
-0.274887;0.108524;0.988652;10.024654;0
-0.260812;0.106752;0.988652;10.024654;0
-0.250689;0.113028;0.993149;10.024654;0
-0.240633;0.119907;0.993149;10.024654;0
-0.230823;0.112704;0.993149;10.024654;0
-0.221510;0.103015;0.993149;10.024654;0
-0.209535;0.099236;0.996471;10.024654;0
-0.200750;0.105768;0.996471;10.024654;0
-0.192331;0.116571;0.996471;10.024654;0
-0.184202;0.119141;0.998675;10.024654;0
-0.175994;0.111568;0.998675;10.024654;0
-0.165744;0.100451;0.998675;10.024654;0
-0.158277;0.097233;0.998675;10.024654;0
-0.151037;0.099849;0.998675;10.024654;0
-0.144102;0.102173;0.998675;10.024654;0
-0.137121;0.090523;0.998675;10.024654;0
-0.128450;0.075328;0.998675;10.024654;0
-0.122062;0.072778;0.999826;10.024654;0
-0.115882;0.077723;0.999826;10.024654;0
-0.110100;0.076511;0.999826;10.024654;0
-0.104429;0.074094;1.000000;10.024654;0
-0.097079;0.077937;1.000000;10.024654;0
-0.091954;0.083850;1.000000;10.024654;0
-0.086910;0.081869;1.000000;10.024654;0
-0.081985;0.081170;0.999278;10.024654;0
-0.077345;0.084645;0.999278;10.024654;0
-0.071477;0.100538;0.999278;10.024654;0
-0.067199;0.111882;0.999278;10.024654;0
-0.063168;0.109233;0.997747;10.024654;0
-0.059241;0.102956;0.997747;10.024654;0
-0.054564;0.100562;0.997747;10.024654;0
-0.051486;0.106025;0.992609;10.024654;0
-0.048903;0.109250;0.992609;10.024654;0
-0.046944;0.099574;0.992609;10.024654;0
-0.045865;0.089540;0.992609;10.024654;0
0.044993;0.067817;0.989178;10.024654;0
0.050766;0.072896;0.989178;10.024654;0
0.054529;0.067818;0.989178;10.024654;0
0.057706;0.066538;0.985271;10.024654;0
0.060261;0.074429;0.985271;10.024654;0
0.062672;0.091187;0.985271;10.024654;0
0.063916;0.095693;0.985271;10.024654;0
0.064595;0.101671;0.980931;10.024654;0
0.064749;0.115074;0.980931;10.024654;0
0.064237;0.143902;0.980931;10.024654;0
0.063388;0.160244;0.976177;10.024654;0
0.062242;0.160716;0.976177;10.024654;0
0.060806;0.152089;0.976177;10.024654;0
0.059236;0.144014;0.976177;10.024654;0
0.056867;0.140304;0.971009;10.024654;0
0.055010;0.138652;0.971009;10.024654;0
0.053172;0.127109;0.971009;10.024654;0
0.051366;0.120244;0.965413;10.024654;0
0.049557;0.123213;0.965413;10.024654;0
0.047285;0.142035;0.965413;10.024654;0
0.045688;0.159926;0.959372;10.024654;0
0.044197;0.163621;0.959372;10.024654;0
0.042881;0.160759;0.959372;10.024654;0
0.041206;0.158453;0.952867;10.024654;0
0.040101;0.161581;0.952867;10.024654;0
0.039113;0.168292;0.952867;10.024654;0
0.038301;0.163071;0.945888;10.024654;0
0.037623;0.156131;0.945888;10.024654;0
0.036881;0.155984;0.945888;10.024654;0
0.036405;0.164639;0.938431;10.024654;0
0.036006;0.170157;0.938431;10.024654;0
0.035720;0.159407;0.938431;10.024654;0
0.035443;0.144330;0.930512;10.024654;0
0.035262;0.141995;0.930512;10.024654;0
0.035133;0.142956;0.930512;10.024654;0
0.035060;0.133131;0.922162;10.024654;0
0.035000;0.123695;0.922162;10.024654;0
0.034911;0.125568;0.922162;10.024654;0
0.034826;0.136932;0.913438;10.024654;0
0.034789;0.132786;0.913438;10.024654;0
0.034766;0.125209;0.904417;10.024654;0
0.034709;0.123461;0.904417;10.024654;0
0.034555;0.131559;0.904417;10.024654;0
0.034400;0.143547;0.895204;10.024654;0
0.034251;0.151458;0.895204;10.024654;0
0.034159;0.137778;0.895204;10.024654;0
0.034156;0.081564;0.885928;10.024654;0
0.034273;0.039804;0.885928;10.024654;0
0.034402;0.019021;0.885928;10.024654;0
0.034572;0.011029;0.876744;10.024654;0
0.034751;0.013572;0.876744;10.024654;0
0.034913;0.041923;0.876744;10.024654;0
0.035004;0.078724;0.867827;10.024654;0
0.035075;0.119501;0.867827;10.024654;0
0.035166;0.149562;0.859369;10.024654;0
0.035316;0.153914;0.859369;10.024654;0
0.035602;0.146227;0.851575;10.024654;0
0.035860;0.142729;0.851575;10.024654;0
0.036150;0.144341;0.851575;10.024654;0
0.036503;0.148921;0.844652;10.024654;0
0.037025;0.138726;0.844652;10.024654;0
0.037988;0.117582;0.838798;10.024654;0
0.038858;0.106616;0.838798;10.024654;0
0.039912;0.104648;0.834197;10.024654;0
0.041284;0.098328;0.834197;10.024654;0
0.043796;0.078211;0.830997;10.024654;0
0.046338;0.068429;0.830997;10.024654;0
0.049648;0.066159;0.829305;10.024654;0
0.515652;0.076042;0.829305;10.024654;0
0.521509;0.057360;0.829168;10.024654;0
0.529715;0.027558;0.829168;10.024654;0
0.536295;0.018447;0.830567;10.024654;0
0.542729;0.024311;0.830567;10.024654;0
0.549243;0.038105;0.833414;10.024654;0
0.557065;0.043398;0.833414;10.024654;0
0.562432;0.049106;0.837576;10.024654;0
0.566916;0.060196;0.837576;10.024654;0
0.570457;0.079567;0.842878;10.024654;0
0.573206;0.106645;0.842878;10.024654;0
0.573648;0.112290;0.849114;10.024654;0
0.572592;0.114163;0.849114;10.024654;0
0.569917;0.119336;0.856056;10.024654;0
0.565575;0.129762;0.856056;10.024654;0
0.559262;0.139809;0.863464;10.024654;0
0.548042;0.131389;0.863464;10.024654;0
0.537558;0.123616;0.863464;10.024654;0
0.525849;0.123584;0.871093;10.024654;0
0.512260;0.132668;0.871093;10.024654;0
0.496949;0.148057;0.878701;10.024654;0
0.474218;0.152287;0.878701;10.024654;0
0.455456;0.148952;0.886055;10.024654;0
0.435496;0.148191;0.886055;10.024654;0
0.408147;0.158829;0.892937;10.024654;0
0.385251;0.163695;0.892937;10.024654;0
0.362513;0.153890;0.899145;10.024654;0
0.338517;0.142783;0.899145;10.024654;0
0.314556;0.139031;0.904501;10.024654;0
0.289793;0.144619;0.904501;10.024654;0
0.256252;0.162341;0.904501;10.024654;0
0.232305;0.164885;0.908849;10.024654;0
0.208136;0.157179;0.908849;10.024654;0
0.183333;0.151538;0.912057;10.024654;0
0.151064;0.153248;0.912057;10.024654;0
0.126944;0.155008;0.912057;10.024654;0
0.103425;0.147841;0.914019;10.024654;0
0.080426;0.143007;0.914019;10.024654;0
0.058293;0.143639;0.914657;10.024654;0
0.029657;0.155061;0.914657;10.024654;0
0.008222;0.157909;0.914657;10.024654;0
-0.012403;0.143398;0.913918;10.024654;0
-0.032085;0.130639;0.913918;10.024654;0
-0.051713;0.127364;0.911777;10.024654;0
-0.070600;0.128875;0.911777;10.024654;0
-0.094960;0.112791;0.908235;10.024654;0
-0.113060;0.106849;0.908235;10.024654;0
-0.130700;0.114080;0.908235;10.024654;0
-0.147858;0.125779;0.903322;10.024654;0
-0.170134;0.126596;0.903322;10.024654;0
-0.187115;0.120603;0.897094;10.024654;0
-0.204547;0.118562;0.897094;10.024654;0
-0.222251;0.125126;0.889636;10.024654;0
-0.239585;0.134668;0.889636;10.024654;0
-0.263245;0.125929;0.889636;10.024654;0
-0.281848;0.117210;0.881061;10.024654;0
-0.301657;0.114377;0.881061;10.024654;0
-0.321797;0.121611;0.871511;10.024654;0
-0.343952;0.132216;0.871511;10.024654;0
-0.376060;0.121546;0.861155;10.024654;0
-0.403566;0.110607;0.861155;10.024654;0
-0.434834;0.108976;0.861155;10.024654;0
-0.473467;0.119215;0.850192;10.024654;0
0.543061;-0.032881;0.850192;10.024654;0
0.573795;-0.071110;0.838841;10.024654;0
0.600875;-0.108958;0.838841;10.024654;0
0.630362;-0.129081;0.838841;10.024654;0
0.663988;-0.124896;0.827310;10.024654;0
0.699516;-0.095236;0.827310;10.024654;0
0.747972;-0.041068;0.815799;10.024654;0
0.783898;-0.002322;0.815799;10.024654;0
0.816799;0.034730;0.815799;10.024654;0
0.849340;0.073321;0.804494;10.024654;0
0.889174;0.112845;0.804494;10.024654;0
0.916680;0.122516;0.804494;10.024654;0
0.941254;0.126990;0.793568;10.024654;0
0.962594;0.134006;0.793568;10.024654;0
0.979770;0.147242;0.783182;10.024654;0
0.993208;0.158742;0.783182;10.024654;0
1.000000;0.160739;0.783182;10.024654;0
1.000000;0.163764;0.773478;10.024654;0
1.000000;0.173114;0.773478;10.024654;0
1.000000;0.187789;0.773478;10.024654;0
0.986734;0.195960;0.764587;10.024654;0
0.970943;0.193299;0.764587;10.024654;0
0.952323;0.193615;0.764587;10.024654;0
0.929693;0.195977;0.756619;10.024654;0
0.904371;0.189564;0.756619;10.024654;0
0.866423;0.183584;0.749669;10.024654;0
0.835648;0.188656;0.749669;10.024654;0
0.803670;0.201524;0.749669;10.024654;0
0.769535;0.220304;0.743810;10.024654;0
0.735134;0.236100;0.743810;10.024654;0
0.686533;0.231178;0.743810;10.024654;0
0.648861;0.221896;0.739098;10.024654;0
0.612276;0.218425;0.739098;10.024654;0
0.576855;0.216446;0.735564;10.024654;0
0.541685;0.204586;0.735564;10.024654;0
0.504414;0.193138;0.735564;10.024654;0
0.467878;0.190565;0.733223;10.024654;0
0.437986;0.198222;0.733223;10.024654;0
0.410034;0.200560;0.732066;10.024654;0
0.382810;0.190991;0.732066;10.024654;0
0.350304;0.181647;0.732062;10.024654;0
0.327344;0.183296;0.732062;10.024654;0
0.306096;0.183938;0.732062;10.024654;0
0.287004;0.169829;0.733161;10.024654;0
0.269693;0.155978;0.733161;10.024654;0
0.249228;0.150833;0.735294;10.024654;0
0.235331;0.156610;0.735294;10.024654;0
0.222759;0.153210;0.738372;10.024654;0
0.211340;0.140263;0.738372;10.024654;0
0.198271;0.130156;0.742290;10.024654;0
0.189173;0.129993;0.742290;10.024654;0
0.181056;0.134568;0.746928;10.024654;0
0.173801;0.127223;0.746928;10.024654;0
0.167441;0.110086;0.752149;10.024654;0
0.162007;0.097307;0.752149;10.024654;0
0.155506;0.094021;0.752149;10.024654;0
0.151201;0.093486;0.757806;10.024654;0
0.147767;0.078429;0.757806;10.024654;0
0.145170;0.062723;0.763741;10.024654;0
0.143364;0.053836;0.763741;10.024654;0
0.142443;0.053949;0.769787;10.024654;0
0.143149;0.057411;0.769787;10.024654;0
0.447453;0.106941;0.775768;10.024654;0
0.440622;0.097402;0.775768;10.024654;0
0.433453;0.087968;0.781513;10.024654;0
0.423202;0.087228;0.781513;10.024654;0
0.414634;0.088525;0.786872;10.024654;0
0.405897;0.079925;0.786872;10.024654;0
0.396684;0.073583;0.786872;10.024654;0
0.386757;0.077388;0.791724;10.024654;0
0.376472;0.091118;0.791724;10.024654;0
0.361988;0.109920;0.795970;10.024654;0
0.350704;0.107806;0.795970;10.024654;0
0.339150;0.102347;0.799541;10.024654;0
0.327440;0.103350;0.799541;10.024654;0
0.311825;0.115835;0.802392;10.024654;0
0.299803;0.121294;0.802392;10.024654;0
0.288186;0.112313;0.802392;10.024654;0
0.277123;0.104660;0.804500;10.024654;0
0.266240;0.104801;0.804500;10.024654;0
0.255587;0.115016;0.805870;10.024654;0
0.242490;0.117943;0.805870;10.024654;0
0.233292;0.088161;0.805870;10.024654;0
0.224940;0.052330;0.806527;10.024654;0
0.217237;0.029869;0.806527;10.024654;0
0.208088;0.038625;0.806521;10.024654;0
0.201995;0.063666;0.806521;10.024654;0
0.196459;0.083817;0.805923;10.024654;0
0.191570;0.107447;0.805923;10.024654;0
0.187100;0.137719;0.805923;10.024654;0
0.182004;0.184851;0.804825;10.024654;0
0.178526;0.206744;0.804825;10.024654;0
0.175360;0.214674;0.803337;10.024654;0
0.172572;0.216931;0.803337;10.024654;0
0.170110;0.218161;0.801586;10.024654;0
0.167339;0.203290;0.801586;10.024654;0
0.165673;0.180857;0.799716;10.024654;0
0.164465;0.163350;0.799716;10.024654;0
0.163697;0.157921;0.797877;10.024654;0
0.163342;0.152048;0.797877;10.024654;0
0.163465;0.137148;0.796230;10.024654;0
0.163988;0.130520;0.796230;10.024654;0
0.164852;0.130832;0.794933;10.024654;0
0.166103;0.135783;0.794933;10.024654;0
0.167762;0.129080;0.794143;10.024654;0
0.169795;0.120062;0.794143;10.024654;0
0.173114;0.119000;0.794004;10.024654;0
0.176027;0.131120;0.794004;10.024654;0
0.179327;0.143444;0.794643;10.024654;0
0.183146;0.138498;0.794643;10.024654;0
0.187535;0.129105;0.796159;10.024654;0
0.194291;0.127621;0.796159;10.024654;0
0.200211;0.127039;0.798622;10.024654;0
0.207294;0.114284;0.798622;10.024654;0
0.215924;0.101020;0.802059;10.024654;0
0.226223;0.097978;0.802059;10.024654;0
0.238985;0.101819;0.802059;10.024654;0
0.261048;0.089840;0.806454;10.024654;0
0.284055;0.081092;0.806454;10.024654;0
1.000000;0.067686;0.811739;10.024654;0
1.000000;0.056895;0.811739;10.024654;0
1.000000;0.042822;0.817799;10.024654;0
1.000000;0.022398;0.817799;10.024654;0
1.000000;0.015535;0.824478;10.024654;0
1.000000;0.022097;0.824478;10.024654;0
1.000000;0.039197;0.824478;10.024654;0
1.000000;0.069708;0.831589;10.024654;0
1.000000;0.085430;0.831589;10.024654;0
1.000000;0.094512;0.831589;10.024654;0
1.000000;0.102445;0.838927;10.024654;0
1.000000;0.115199;0.838927;10.024654;0
1.000000;0.118514;0.838927;10.024654;0
1.000000;0.118040;0.846276;10.024654;0
1.000000;0.119889;0.846276;10.024654;0
1.000000;0.125444;0.846276;10.024654;0
1.000000;0.132051;0.846276;10.024654;0
1.000000;0.128876;0.846276;10.024654;0
1.000000;0.123371;0.853418;10.024654;0
1.000000;0.122226;0.853418;10.024654;0
1.000000;0.129438;0.853418;10.024654;0
1.000000;0.134779;0.860138;10.024654;0
1.000000;0.130820;0.860138;10.024654;0
1.000000;0.127406;0.860138;10.024654;0
1.000000;0.130456;0.860138;10.024654;0
1.000000;0.140728;0.866230;10.024654;0
0.996310;0.153646;0.866230;10.024654;0
0.972245;0.151040;0.866230;10.024654;0
0.947238;0.146818;0.871505;10.024654;0
0.921542;0.146866;0.871505;10.024654;0
0.893237;0.150620;0.871505;10.024654;0
0.856024;0.146301;0.871505;10.024654;0
0.826198;0.139038;0.875787;10.024654;0
0.796441;0.135731;0.875787;10.024654;0
0.766289;0.137841;0.875787;10.024654;0
0.726451;0.147346;0.875787;10.024654;0
0.694981;0.150871;0.878921;10.024654;0
0.663514;0.143949;0.878921;10.024654;0
0.632347;0.137922;0.878921;10.024654;0
0.602079;0.136806;0.878921;10.024654;0
0.563730;0.135538;0.880776;10.024654;0
0.533602;0.124097;0.880776;10.024654;0
0.505350;0.115986;0.880776;10.024654;0
0.477881;0.115561;0.881241;10.024654;0
0.450682;0.122285;0.881241;10.024654;0
0.416506;0.129659;0.881241;10.024654;0
0.391249;0.123321;0.881241;10.024654;0
0.367824;0.116591;0.880229;10.024654;0
0.344482;0.113443;0.880229;10.024654;0
0.323187;0.116360;0.880229;10.024654;0
0.294520;0.121346;0.877676;10.024654;0
0.274158;0.113373;0.877676;10.024654;0
0.254743;0.106466;0.877676;10.024654;0
0.236172;0.104783;0.877676;10.024654;0
0.218713;0.104173;0.873544;10.024654;0
0.196736;0.087195;0.873544;10.024654;0
0.181010;0.077096;0.873544;10.024654;0
0.166505;0.074279;0.867819;10.024654;0
0.152344;0.077789;0.867819;10.024654;0
0.139057;0.078608;0.867819;10.024654;0
0.122409;0.068989;0.867819;10.024654;0
0.110275;0.062948;0.860512;10.024654;0
0.098406;0.063698;0.860512;10.024654;0
0.087202;0.067039;0.860512;10.024654;0
0.076367;0.057744;0.851658;10.024654;0
0.062648;0.046337;0.851658;10.024654;0
0.052795;0.044817;0.841318;10.024654;0
0.043605;0.050199;0.841318;10.024654;0
0.034537;0.062666;0.841318;10.024654;0
0.023268;0.071408;0.829579;10.024654;0
0.015191;0.071429;0.829579;10.024654;0
0.007247;0.073725;0.829579;10.024654;0
-0.000392;0.074893;0.816553;10.024654;0
-0.007646;0.062650;0.816553;10.024654;0
-0.016967;0.042791;0.816553;10.024654;0
-0.023591;0.036265;0.802380;10.024654;0
-0.029897;0.040329;0.802380;10.024654;0
-0.035866;0.053995;0.802380;10.024654;0
-0.041479;0.071620;0.787226;10.024654;0
-0.048172;0.079785;0.787226;10.024654;0
-0.053009;0.071639;0.787226;10.024654;0
-0.057513;0.062641;0.771286;10.024654;0
-0.061755;0.056004;0.771286;10.024654;0
-0.065920;0.044540;0.771286;10.024654;0
0.249753;0.056332;0.754785;10.024654;0
0.258012;0.043759;0.754785;10.024654;0
0.265186;0.042530;0.754785;10.024654;0
0.273290;0.050353;0.737967;10.024654;0
0.281864;0.059484;0.737967;10.024654;0
0.290657;0.056505;0.737967;10.024654;0
0.303162;0.054041;0.721078;10.024654;0
0.312444;0.062138;0.721078;10.024654;0
0.321325;0.075875;0.704354;10.024654;0
0.329458;0.082369;0.704354;10.024654;0
0.336950;0.080981;0.704354;10.024654;0
0.345076;0.086262;0.688019;10.024654;0
0.349914;0.097739;0.688019;10.024654;0
0.353367;0.112480;0.672288;10.024654;0
0.355331;0.117729;0.672288;10.024654;0
0.355644;0.109888;0.672288;10.024654;0
0.354076;0.104835;0.657361;10.024654;0
0.351050;0.104354;0.657361;10.024654;0
0.346557;0.108703;0.643428;10.024654;0
0.340910;0.111846;0.643428;10.024654;0
0.331130;0.100668;0.630660;10.024654;0
0.322683;0.094917;0.630660;10.024654;0
0.312825;0.097875;0.630660;10.024654;0
0.301933;0.104128;0.619213;10.024654;0
0.290438;0.099735;0.619213;10.024654;0
0.274056;0.095450;0.609224;10.024654;0
0.260920;0.100418;0.609224;10.024654;0
0.247326;0.105271;0.600805;10.024654;0
0.233517;0.099675;0.600805;10.024654;0
0.219581;0.096288;0.594048;10.024654;0
0.205789;0.100487;0.594048;10.024654;0
0.187535;0.111045;0.589016;10.024654;0
0.173671;0.109761;0.589016;10.024654;0
0.160011;0.110980;0.585746;10.024654;0
0.146549;0.116877;0.585746;10.024654;0
0.133348;0.123348;0.584248;10.024654;0
0.116866;0.113808;0.584248;10.024654;0
0.104664;0.107120;0.584502;10.024654;0
0.092856;0.105516;0.584502;10.024654;0
0.081482;0.107586;0.586465;10.024654;0
0.070485;0.102641;0.590066;10.024654;0
0.060183;0.091317;0.590066;10.024654;0
0.047805;0.080321;0.595216;10.024654;0
0.038614;0.079658;0.595216;10.024654;0
0.029797;0.086556;0.601803;10.024654;0
0.021423;0.089193;0.601803;10.024654;0
0.011005;0.051338;0.609704;10.024654;0
0.003742;0.012494;0.609704;10.024654;0
-0.003073;-0.014648;0.618781;10.024654;0
-0.009866;-0.022689;0.618781;10.024654;0
-0.016292;-0.013780;0.628884;10.024654;0
-0.024471;-0.002125;0.628884;10.024654;0
-0.030543;0.013514;0.639861;10.024654;0
-0.037047;0.037829;0.639861;10.024654;0
-0.043970;0.061849;0.651550;10.024654;0
0.662263;0.083387;0.651550;10.024654;0
0.669788;0.084770;0.663787;10.024654;0
0.675722;0.084091;0.663787;10.024654;0
0.682001;0.089119;0.676411;10.024654;0
0.688385;0.094741;0.676411;10.024654;0
0.694648;0.098034;0.689273;10.024654;0
0.701989;0.110591;0.689273;10.024654;0
0.706751;0.128737;0.689273;10.024654;0
0.710680;0.149374;0.702250;10.024654;0
0.713601;0.159330;0.702250;10.024654;0
0.714567;0.161966;0.715236;10.024654;0
0.713778;0.165152;0.715236;10.024654;0
0.711266;0.169675;0.728140;10.024654;0
0.706920;0.163289;0.728140;10.024654;0
0.700651;0.152949;0.728140;10.024654;0
0.689968;0.148550;0.740891;10.024654;0
0.680263;0.154396;0.740891;10.024654;0
0.668190;0.167221;0.753432;10.024654;0
0.654401;0.178149;0.753432;10.024654;0
0.633091;0.174798;0.753432;10.024654;0
0.615237;0.169921;0.765717;10.024654;0
0.596545;0.170708;0.765717;10.024654;0
0.576444;0.179215;0.777713;10.024654;0
0.549526;0.189474;0.777713;10.024654;0
0.526883;0.182344;0.777713;10.024654;0
0.504697;0.173911;0.789400;10.024654;0
0.482386;0.172172;0.789400;10.024654;0
0.459996;0.174987;0.800763;10.024654;0
0.437288;0.168051;0.800763;10.024654;0
0.408376;0.164300;0.800763;10.024654;0
0.386576;0.173334;0.811799;10.024654;0
0.365537;0.183833;0.811799;10.024654;0
0.345364;0.180243;0.822510;10.024654;0
0.319316;0.174218;0.822510;10.024654;0
0.299780;0.177070;0.822510;10.024654;0
0.281290;0.185768;0.832901;10.024654;0
0.263805;0.190239;0.832901;10.024654;0
0.247147;0.179644;0.842986;10.024654;0
0.231381;0.170090;0.842986;10.024654;0
0.211263;0.165317;0.852775;10.024654;0
0.197033;0.171331;0.852775;10.024654;0
0.183473;0.177521;0.852775;10.024654;0
0.171108;0.168519;0.862283;10.024654;0
0.157782;0.156704;0.862283;10.024654;0
0.144429;0.153481;0.871522;10.024654;0
0.134165;0.158649;0.871522;10.024654;0
0.124124;0.164671;0.871522;10.024654;0
0.111425;0.149242;0.880501;10.024654;0
0.102360;0.135447;0.880501;10.024654;0
0.093496;0.130705;0.889225;10.024654;0
0.084950;0.131564;0.889225;10.024654;0
0.076949;0.121481;0.897693;10.024654;0
0.069101;0.110743;0.897693;10.024654;0
0.059211;0.107342;0.897693;10.024654;0
0.051860;0.115894;0.905898;10.024654;0
0.044512;0.124778;0.905898;10.024654;0
0.037634;0.118400;0.913821;10.024654;0
0.028558;0.107677;0.913821;10.024654;0
0.021855;0.106197;0.913821;10.024654;0
0.015024;0.113424;0.921436;10.024654;0
0.008196;0.122829;0.921436;10.024654;0
0.001288;0.117838;0.928704;10.024654;0
-0.008140;0.111970;0.928704;10.024654;0
-0.015198;0.114185;0.928704;10.024654;0
-0.023010;0.117823;0.935575;10.024654;0
0.071877;0.101207;0.935575;10.024654;0
0.068580;0.077526;0.941990;10.024654;0
0.066626;0.061543;0.941990;10.024654;0
0.065290;0.049914;0.941990;10.024654;0
0.064539;0.032553;0.947877;10.024654;0
0.064335;0.025992;0.947877;10.024654;0
0.064544;0.036269;0.953162;10.024654;0
0.065343;0.058381;0.953162;10.024654;0
0.066301;0.062443;0.953162;10.024654;0
0.067415;0.067775;0.957767;10.024654;0
0.068597;0.078660;0.957767;10.024654;0
0.070124;0.098327;0.961618;10.024654;0
0.071321;0.105260;0.961618;10.024654;0
0.072477;0.097431;0.961618;10.024654;0
0.073499;0.087301;0.964643;10.024654;0
0.074297;0.085355;0.964643;10.024654;0
0.074952;0.100722;0.964643;10.024654;0
0.075106;0.119332;0.966781;10.024654;0
0.074998;0.124965;0.966781;10.024654;0
0.074605;0.119943;0.967978;10.024654;0
0.073910;0.117271;0.967978;10.024654;0
0.072530;0.121202;0.967978;10.024654;0
0.071153;0.128934;0.968195;10.024654;0
0.069541;0.131424;0.968195;10.024654;0
0.067776;0.117097;0.968195;10.024654;0
0.065864;0.101514;0.967403;10.024654;0
0.063059;0.094909;0.967403;10.024654;0
0.060781;0.102958;0.967403;10.024654;0
0.058326;0.119131;0.965591;10.024654;0
0.055821;0.125612;0.965591;10.024654;0
0.053300;0.121084;0.962762;10.024654;0
0.049968;0.115992;0.962762;10.024654;0
0.047373;0.117171;0.962762;10.024654;0
0.044817;0.116807;0.958939;10.024654;0
0.042451;0.102444;0.958939;10.024654;0
0.039451;0.090149;0.958939;10.024654;0
0.037054;0.094001;0.954158;10.024654;0
0.034802;0.099722;0.954158;10.024654;0
0.032708;0.096013;0.948476;10.024654;0
0.030624;0.097229;0.948476;10.024654;0
0.027916;0.110422;0.948476;10.024654;0
0.025849;0.126589;0.941966;10.024654;0
0.023872;0.138129;0.941966;10.024654;0
0.022055;0.130640;0.941966;10.024654;0
0.020221;0.117532;0.934717;10.024654;0
0.017868;0.107676;0.934717;10.024654;0
0.016052;0.113245;0.926836;10.024654;0
0.014319;0.121776;0.926836;10.024654;0
0.012682;0.115124;0.918442;10.024654;0
0.011027;0.107729;0.918442;10.024654;0
0.009343;0.108457;0.918442;10.024654;0
0.007097;0.111024;0.909667;10.024654;0
0.005476;0.097174;0.909667;10.024654;0
0.003888;0.086811;0.900652;10.024654;0
0.002292;0.087150;0.900652;10.024654;0
0.000710;0.084202;0.900652;10.024654;0
-0.001326;0.068691;0.891546;10.024654;0
-0.002915;0.062416;0.891546;10.024654;0
-0.004554;0.064373;0.882497;10.024654;0
-0.006243;0.070928;0.882497;10.024654;0
-0.007993;0.065258;0.882497;10.024654;0
-0.010217;0.058919;0.873651;10.024654;0
-0.012142;0.060385;0.873651;10.024654;0
-0.014173;0.067943;0.865144;10.024654;0
-0.016546;0.072727;0.865144;10.024654;0
-0.019432;0.058787;0.857099;10.024654;0
-0.630309;0.047303;0.857099;10.024654;0
-0.640447;0.031550;0.857099;10.024654;0
-0.651401;0.017651;0.849613;10.024654;0
-0.662802;0.000739;0.849613;10.024654;0
-0.674952;-0.015949;0.842758;10.024654;0
-0.692038;-0.019811;0.842758;10.024654;0
-0.705585;-0.006755;0.842758;10.024654;0
-0.719100;0.006634;0.836575;10.024654;0
-0.732421;0.016486;0.836575;10.024654;0
-0.745168;0.026308;0.831076;10.024654;0
-0.761002;0.043827;0.831076;10.024654;0
-0.772549;0.062431;0.831076;10.024654;0
-0.783076;0.077161;0.826248;10.024654;0
-0.792113;0.077038;0.826248;10.024654;0
-0.799981;0.074971;0.826248;10.024654;0
-0.808612;0.079239;0.822053;10.024654;0
-0.813497;0.083001;0.822053;10.024654;0
-0.816529;0.078910;0.822053;10.024654;0
-0.818177;0.077058;0.818430;10.024654;0
-0.818354;0.081998;0.818430;10.024654;0
-0.816217;0.099570;0.815302;10.024654;0
-0.812683;0.111690;0.815302;10.024654;0
-0.807163;0.111960;0.815302;10.024654;0
-0.800349;0.109793;0.815302;10.024654;0
-0.792063;0.110385;0.812579;10.024654;0
-0.779124;0.120199;0.812579;10.024654;0
-0.767749;0.130397;0.812579;10.024654;0
-0.754954;0.131198;0.810160;10.024654;0
-0.741051;0.129456;0.810160;10.024654;0
-0.720712;0.131742;0.810160;10.024654;0
-0.704738;0.140033;0.810160;10.024654;0
-0.687826;0.143108;0.807938;10.024654;0
-0.669860;0.140285;0.807938;10.024654;0
-0.652048;0.140461;0.807938;10.024654;0
-0.627095;0.147857;0.805802;10.024654;0
-0.607924;0.151254;0.805802;10.024654;0
-0.588076;0.143011;0.805802;10.024654;0
-0.568578;0.134725;0.805802;10.024654;0
-0.548848;0.132054;0.803644;10.024654;0
-0.523396;0.137291;0.803644;10.024654;0
-0.503567;0.133442;0.803644;10.024654;0
-0.484729;0.130083;0.801357;10.024654;0
-0.466889;0.132114;0.801357;10.024654;0
-0.448389;0.139064;0.801357;10.024654;0
-0.424510;0.147152;0.798843;10.024654;0
-0.407094;0.141357;0.798843;10.024654;0
-0.390200;0.133817;0.798843;10.024654;0
-0.373282;0.131714;0.796008;10.024654;0
-0.357467;0.137500;0.796008;10.024654;0
-0.337491;0.147452;0.796008;10.024654;0
-0.322688;0.142431;0.792772;10.024654;0
-0.308461;0.134316;0.792772;10.024654;0
-0.294812;0.131156;0.789062;10.024654;0
-0.281455;0.131695;0.789062;10.024654;0
-0.264719;0.119924;0.784823;10.024654;0
-0.252922;0.112425;0.784823;10.024654;0
-0.241679;0.113241;0.784823;10.024654;0
-0.230877;0.120818;0.780008;10.024654;0
-0.220443;0.123515;0.780008;10.024654;0
-0.207232;0.118380;0.780008;10.024654;0
-0.197783;0.116031;0.774588;10.024654;0
-0.188944;0.118883;0.774588;10.024654;0
-0.180477;0.124066;0.774588;10.024654;0
-0.172399;0.117582;0.768549;10.024654;0
-0.162272;0.106821;0.768549;10.024654;0
-0.155306;0.107001;0.768549;10.024654;0
-0.148673;0.115962;0.761891;10.024654;0
-0.142224;0.122097;0.761891;10.024654;0
-0.134344;0.114091;0.754634;10.024654;0
-0.128969;0.109022;0.754634;10.024654;0
-0.124108;0.108996;0.754634;10.024654;0
-0.119994;0.113793;0.746813;10.024654;0
-0.116813;0.118283;0.746813;10.024654;0
-0.114555;0.102605;0.746813;10.024654;0
-0.114918;0.087176;0.738487;10.024654;0
-0.291088;0.067278;0.738487;10.024654;0
-0.286298;0.066074;0.738487;10.024654;0
-0.282397;0.069434;0.729730;10.024654;0
-0.278013;0.066821;0.729730;10.024654;0
-0.275562;0.072243;0.720634;10.024654;0
-0.273542;0.088394;0.720634;10.024654;0
-0.271764;0.112115;0.720634;10.024654;0
-0.269443;0.132632;0.711300;10.024654;0
-0.267608;0.138301;0.711300;10.024654;0
-0.265650;0.143066;0.701835;10.024654;0
-0.263419;0.149480;0.701835;10.024654;0
-0.259823;0.153910;0.701835;10.024654;0
-0.256176;0.142880;0.692359;10.024654;0
-0.252051;0.133573;0.692359;10.024654;0
-0.247356;0.130799;0.682996;10.024654;0
-0.241832;0.138533;0.682996;10.024654;0
-0.233082;0.155753;0.682996;10.024654;0
-0.225380;0.156591;0.673883;10.024654;0
-0.217077;0.155125;0.673883;10.024654;0
-0.207951;0.159261;0.665158;10.024654;0
-0.198515;0.169736;0.665158;10.024654;0
-0.184875;0.179898;0.656970;10.024654;0
-0.173808;0.175707;0.656970;10.024654;0
-0.162869;0.172321;0.649469;10.024654;0
-0.151775;0.172257;0.649469;10.024654;0
-0.140162;0.172912;0.642807;10.024654;0
-0.124867;0.156283;0.642807;10.024654;0
-0.113629;0.146161;0.637133;10.024654;0
-0.102428;0.144048;0.637133;10.024654;0
-0.091488;0.149007;0.632590;10.024654;0
-0.080815;0.155410;0.629307;10.024654;0
-0.069941;0.144377;0.629307;10.024654;0
-0.057521;0.127410;0.627399;10.024654;0
-0.048355;0.122138;0.627399;10.024654;0
-0.039462;0.125775;0.626958;10.024654;0
-0.031251;0.130702;0.628045;10.024654;0
-0.023048;0.123601;0.628045;10.024654;0
-0.012754;0.104221;0.630691;10.024654;0
-0.005477;0.100867;0.634891;10.024654;0
0.001468;0.108589;0.634891;10.024654;0
0.008115;0.122786;0.640598;10.024654;0
0.014551;0.127628;0.647728;10.024654;0
0.022649;0.115982;0.647728;10.024654;0
0.028739;0.107370;0.656157;10.024654;0
0.034770;0.105515;0.656157;10.024654;0
0.040835;0.107332;0.665720;10.024654;0
0.047045;0.098673;0.676221;10.024654;0
0.053224;0.092795;0.676221;10.024654;0
0.062039;0.096160;0.687426;10.024654;0
0.069258;0.108109;0.687426;10.024654;0
-0.844764;0.037037;0.699076;10.024654;0
-0.858079;0.000295;0.699076;10.024654;0
-0.872315;-0.036092;0.710886;10.024654;0
-0.893410;-0.056962;0.710886;10.024654;0
-0.910745;-0.048141;0.722568;10.024654;0
-0.928738;-0.029183;0.722568;10.024654;0
-0.947269;0.003136;0.733852;10.024654;0
-0.965812;0.044834;0.733852;10.024654;0
-0.989760;0.097817;0.733852;10.024654;0
-1.000000;0.120614;0.744488;10.024654;0
-1.000000;0.134604;0.744488;10.024654;0
-1.000000;0.145606;0.754251;10.024654;0
-1.000000;0.155022;0.754251;10.024654;0
-1.000000;0.162642;0.754251;10.024654;0
-1.000000;0.157860;0.762938;10.024654;0
-1.000000;0.147741;0.762938;10.024654;0
-1.000000;0.138911;0.770373;10.024654;0
-1.000000;0.138357;0.770373;10.024654;0
-1.000000;0.141799;0.770373;10.024654;0
-1.000000;0.138752;0.770373;10.024654;0
-1.000000;0.135496;0.770373;10.024654;0
-1.000000;0.138035;0.776406;10.024654;0
-1.000000;0.151363;0.776406;10.024654;0
-1.000000;0.161745;0.776406;10.024654;0
-1.000000;0.162317;0.780913;10.024654;0
-1.000000;0.160487;0.780913;10.024654;0
-0.982436;0.162868;0.780913;10.024654;0
-0.961157;0.170608;0.783795;10.024654;0
-0.937771;0.177107;0.783795;10.024654;0
-0.913139;0.171823;0.783795;10.024654;0
-0.887018;0.165805;0.784978;10.024654;0
-0.851426;0.166692;0.784978;10.024654;0
-0.823937;0.168989;0.784978;10.024654;0
-0.795778;0.162845;0.784413;10.024654;0
-0.766877;0.158177;0.784413;10.024654;0
-0.738390;0.158620;0.784413;10.024654;0
-0.700188;0.167575;0.782077;10.024654;0
-0.670618;0.177574;0.782077;10.024654;0
-0.642032;0.174470;0.782077;10.024654;0
-0.613826;0.165349;0.777971;10.024654;0
-0.585755;0.157021;0.777971;10.024654;0
-0.558906;0.153007;0.777971;10.024654;0
-0.524114;0.156172;0.772121;10.024654;0
-0.499412;0.152767;0.772121;10.024654;0
-0.475166;0.143318;0.772121;10.024654;0
-0.452345;0.137603;0.772121;10.024654;0
