0.102334;-0.311414;0.258800;9.751572
0.116433;-0.441969;0.252549;9.730965
0.083869;-0.101141;0.264263;9.746268
0.065392;0.100133;0.270488;9.748112
0.055281;0.227940;0.272611;9.755397
0.041189;0.380329;0.277501;9.767008
0.100335;-0.278551;0.244344;9.743237
0.082040;-0.036812;0.244382;9.745410
0.071107;0.076351;0.241365;9.753193
0.058987;0.233801;0.238793;9.761569
0.059049;0.223929;0.230475;9.765446
0.090744;-0.150285;0.199700;9.741229
0.073632;0.085760;0.196543;9.751658
0.064451;0.222743;0.190471;9.759289
0.063470;0.236447;0.181798;9.764382
0.100978;-0.345951;0.149510;9.737076
0.087010;-0.086140;0.143998;9.744306
0.082960;-0.014432;0.135367;9.748399
0.077292;0.117193;0.128794;9.755618
0.075481;0.170053;0.121165;9.761909
0.103829;-0.397818;0.094563;9.740678
0.095571;-0.169618;0.088978;9.747014
0.084892;0.087012;0.086669;9.756364
0.082447;0.181093;0.081090;9.760484
0.081833;0.237415;0.076049;9.769284
0.099766;-0.283134;0.057802;9.753395
0.093758;-0.057654;0.054221;9.758399
0.091354;0.054549;0.050027;9.765608
0.088356;0.211502;0.047056;9.775962
0.088392;0.248550;0.043184;9.783703
0.100390;-0.391422;0.028253;9.755357
0.097073;-0.127372;0.024709;9.764756
0.096618;-0.050207;0.019375;9.772222
0.096263;0.113349;0.014525;9.781095
0.097076;0.164037;0.008843;9.790113
0.096829;-0.337322;-0.001172;9.778612
0.098712;-0.051665;-0.007133;9.787337
0.096507;0.150818;-0.013450;9.796526
0.086922;0.257803;-0.019417;9.805175
0.069748;0.256896;-0.024196;9.813279
0.047065;-0.214782;-0.027949;9.794967
0.022294;-0.063548;-0.028081;9.801295
-0.004752;0.144168;-0.023893;9.808386
-0.028237;0.269451;-0.015205;9.814641
-0.023441;-0.327159;-0.005152;9.796895
-0.049998;-0.105470;0.013520;9.796839
-0.085830;0.001497;0.038977;9.802141
-0.114443;0.004840;0.069780;9.805557
-0.108072;0.045398;0.106993;9.811506
-0.018386;-0.421942;0.133623;9.800147
-0.025468;-0.133751;0.181576;9.806315
-0.019791;-0.010416;0.228002;9.811316
-0.012854;0.087562;0.275152;9.820605
-0.017885;0.192466;0.326367;9.830754
0.083257;-0.289878;0.343414;9.821446
0.052188;-0.083816;0.390262;9.827075
0.030883;0.024719;0.432650;9.834628
-0.007980;0.195875;0.481141;9.843439
-0.029808;0.254819;0.523223;9.851345
0.076686;-0.248853;0.515105;9.835192
0.021510;0.000495;0.557304;9.840984
0.003811;0.061159;0.585510;9.845311
-0.006344;0.108539;0.609190;9.852082
-0.024180;0.179009;0.635319;9.860032
0.092492;-0.283687;0.598536;9.835793
0.058797;-0.093048;0.615015;9.839984
0.039935;0.006255;0.624835;9.845219
0.022918;0.103256;0.633271;9.851091
-0.001595;0.212181;0.646122;9.858984
-0.008918;0.223196;0.651728;9.864260
0.085820;-0.160014;0.592049;9.824735
0.041559;0.028081;0.602284;9.835963
0.019492;0.115612;0.604680;9.842760
0.001698;0.198340;0.606531;9.851428
0.105241;-0.258780;0.543515;9.825749
0.070675;-0.064371;0.544383;9.829419
0.056122;0.005887;0.537522;9.836275
0.030131;0.152175;0.537584;9.844843
0.125179;-0.304329;0.469937;9.815096
0.086996;-0.073739;0.468833;9.821063
0.062598;0.052771;0.464288;9.829908
0.047004;0.142788;0.456893;9.834187
0.037267;0.199551;0.449898;9.840595
0.126608;-0.315753;0.382498;9.801669
0.080953;-0.026499;0.386877;9.813744
0.067586;0.041782;0.378918;9.817941
0.058077;0.115610;0.370059;9.822875
0.044217;0.208905;0.367152;9.831217
0.111886;-0.249964;0.312051;9.788469
0.083120;-0.016445;0.310661;9.801244
0.057536;0.166683;0.313378;9.812754
0.044175;0.270714;0.313001;9.821770
0.116482;-0.306706;0.263980;9.787817
0.093452;-0.094494;0.264031;9.794164
0.086989;-0.045869;0.257095;9.799313
0.075368;0.071628;0.253614;9.805452
0.070121;0.120141;0.247955;9.809289
0.118417;-0.345418;0.210089;9.782256
0.096544;-0.100597;0.210476;9.788108
0.079177;0.068659;0.211332;9.797460
0.066502;0.216691;0.211699;9.803696
0.066148;0.216237;0.206791;9.807078
0.103073;-0.195115;0.175401;9.778628
0.082443;0.074347;0.179465;9.791587
0.077327;0.131176;0.175608;9.792948
0.075831;0.159006;0.170765;9.797261
0.112781;-0.380113;0.140404;9.764985
0.094355;-0.071457;0.140124;9.773784
0.087652;0.030375;0.135765;9.777198
0.083748;0.126967;0.130710;9.782976
0.076953;0.265658;0.128825;9.793129
0.103855;-0.294031;0.104645;9.771716
0.096309;-0.090190;0.100789;9.773752
0.091559;0.015983;0.095884;9.779127
0.087342;0.130333;0.090683;9.783511
0.085704;0.200368;0.085338;9.789040
0.086288;0.195643;0.078808;9.792538
0.099809;-0.294687;0.060265;9.769114
0.094879;-0.054206;0.055220;9.773843
0.092924;0.067846;0.048967;9.776923
0.092297;0.128942;0.041292;9.780207
0.097531;-0.337503;0.025757;9.763864
0.095678;-0.114468;0.018471;9.766190
0.094987;0.048780;0.011143;9.771643
0.095878;0.200797;0.002998;9.776025
0.096896;0.232223;-0.005636;9.780862
0.093083;-0.234623;-0.017307;9.766131
0.092363;0.053212;-0.026004;9.770692
0.087387;0.124544;-0.034289;9.773599
0.081418;0.200599;-0.041915;9.779842
0.066161;-0.340313;-0.047660;9.763766
0.060777;-0.123638;-0.053255;9.766148
0.056724;-0.008344;-0.057213;9.771316
0.054596;0.189970;-0.060147;9.779807
0.052460;0.252259;-0.060969;9.787545
0.050975;0.207574;-0.059754;9.792418
0.046949;-0.090726;-0.055140;9.775834
0.046092;-0.043259;-0.051332;9.781073
0.053233;0.137606;-0.046530;9.787812
0.060057;-0.232457;-0.038440;9.779324
0.064866;0.013629;-0.033021;9.781754
0.068114;0.170065;-0.027509;9.789395
0.069344;0.315110;-0.021712;9.799805
0.069310;-0.274304;-0.013420;9.780108
0.067747;-0.059898;-0.008609;9.782511
0.065862;-0.000238;-0.004048;9.787239
0.063918;0.134369;0.000017;9.794823
0.062469;0.217577;0.003703;9.800817
0.061277;0.264395;0.007001;9.807614
0.060474;0.323921;0.009862;9.816921
0.063296;-0.269751;0.012957;9.780030
0.063280;-0.082851;0.013864;9.786942
0.063138;0.049165;0.014451;9.794808
0.063510;0.135563;0.014704;9.798450
0.067338;-0.330700;0.014541;9.768788
0.067020;-0.078638;0.013523;9.774877
0.066329;0.180843;0.012563;9.790987
0.066322;0.252274;0.011482;9.794983
0.066066;0.347486;0.010586;9.806550
0.070236;-0.324415;0.009077;9.764400
0.069430;-0.108007;0.007564;9.774702
0.069027;-0.026179;0.006221;9.784418
0.068789;0.182216;0.005186;9.796959
0.069014;0.236356;0.004393;9.803580
0.072679;-0.262247;0.003091;9.764505
0.072203;-0.047690;0.002021;9.778025
0.071822;0.087386;0.001382;9.788253
0.071115;0.286588;0.001252;9.804376
0.075583;-0.292942;0.000664;9.757470
0.074626;-0.059864;-0.000043;9.762139
0.074523;0.017513;-0.000307;9.776517
0.073474;0.260541;-0.000085;9.795098
0.073547;0.281866;0.000426;9.801428
0.078445;-0.396932;0.000511;9.750676
0.076724;-0.067943;0.000964;9.771919
0.075944;0.041018;0.001586;9.784037
0.075914;0.107336;0.002291;9.787378
0.075910;0.151406;0.003339;9.793982
0.081115;-0.403092;0.003213;9.739315
0.079225;-0.066543;0.003502;9.760681
0.078482;0.066014;0.004115;9.769903
0.076610;0.255134;0.005276;9.784898
0.075621;0.357719;0.006905;9.799131
0.083497;-0.447255;0.006872;9.744605
0.079524;-0.112308;0.008031;9.763072
0.076646;0.074609;0.009544;9.779827
0.074708;0.143149;0.011003;9.784220
0.072699;0.185260;0.012941;9.792376
0.079674;-0.432705;0.013359;9.755134
0.076264;-0.197077;0.015129;9.763608
0.073058;-0.065435;0.017230;9.773074
0.069374;0.099389;0.019854;9.781625
0.065022;0.283178;0.023620;9.793779
0.061816;0.313269;0.027682;9.801717
0.072003;-0.238933;0.027777;9.764446
0.061617;0.078332;0.033129;9.784447
0.078163;-0.593354;0.028797;9.746779
0.065570;-0.198939;0.033431;9.768789
0.054262;0.132004;0.039602;9.776986
0.071216;-0.252377;0.040771;9.782104
0.058746;0.180723;0.049929;9.786220
0.053405;0.334583;0.058842;9.798002
0.045695;0.474782;0.069056;9.813804
0.067872;-0.153927;0.070528;9.796906
0.047860;0.147879;0.082616;9.796815
0.035248;0.118440;0.092131;9.803739
0.013796;0.113706;0.103395;9.806471
0.150222;0.138012;0.109509;9.804802
0.255879;-0.430266;0.097613;9.764548
0.316266;-0.124898;0.086582;9.775054
0.340074;-0.034165;0.065483;9.781803
0.340536;0.186785;0.036059;9.794017
0.266061;-0.356481;0.004846;9.760611
0.241559;-0.082182;-0.035456;9.774193
0.219512;0.124340;-0.080908;9.788483
0.204224;0.268797;-0.129620;9.800093
0.107777;-0.353434;-0.159203;9.772506
0.122797;-0.074718;-0.210128;9.778457
0.136177;0.048624;-0.257464;9.792514
0.151582;0.149858;-0.303697;9.803532
0.174097;0.243310;-0.351606;9.817379
0.074584;-0.427870;-0.356308;9.778480
0.101229;-0.220262;-0.395019;9.788832
0.134030;-0.037107;-0.433519;9.805556
0.152687;0.087364;-0.466004;9.815064
0.168404;0.176550;-0.496077;9.827113
0.072534;-0.303818;-0.481152;9.803529
0.119488;0.018734;-0.515325;9.813568
0.140261;0.120712;-0.537565;9.825742
0.167834;0.268538;-0.561927;9.841717
0.205661;0.425782;-0.591803;9.862041
0.099425;-0.028929;-0.546012;9.821423
0.112798;0.032264;-0.552600;9.833626
0.148839;0.219567;-0.568637;9.850794
0.159414;0.249947;-0.573221;9.858421
0.163864;0.250472;-0.575105;9.865755
0.052676;-0.249276;-0.510854;9.800009
0.096382;0.021446;-0.522767;9.821562
0.102995;0.064501;-0.515707;9.827086
0.112773;0.127373;-0.509101;9.835786
0.020506;-0.398633;-0.445575;9.792084
0.046483;-0.178244;-0.440499;9.799828
0.078768;0.007900;-0.439944;9.817261
0.107354;0.188353;-0.439884;9.829058
0.121282;0.260545;-0.435683;9.838844
0.122045;0.239820;-0.426770;9.844213
0.011763;-0.462447;-0.351112;9.771759
0.064480;-0.041351;-0.363078;9.803380
0.084800;0.108028;-0.362201;9.810579
0.098179;0.205442;-0.359271;9.818225
0.106891;0.248924;-0.355874;9.826469
0.027662;-0.320921;-0.295041;9.769273
0.054784;-0.097529;-0.296193;9.786381
0.077200;0.091021;-0.296927;9.796142
0.088806;0.175763;-0.294730;9.800640
0.019392;-0.444438;-0.246446;9.757646
0.053734;-0.106855;-0.255053;9.768762
0.080434;0.101060;-0.263223;9.782975
0.092437;0.183500;-0.264203;9.786989
0.104742;0.248579;-0.267867;9.794584
0.036079;-0.429527;-0.223831;9.746499
0.074193;-0.070628;-0.236045;9.760656
0.090716;0.064242;-0.241957;9.763291
0.091181;0.157568;-0.246382;9.768322
0.082395;0.218224;-0.251302;9.772782
-0.002562;-0.484807;-0.213735;9.734735
-0.012038;-0.217191;-0.216988;9.736201
-0.028114;-0.093480;-0.214154;9.738991
-0.047383;0.045979;-0.207541;9.741192
-0.075999;0.090528;-0.194834;9.740912
-0.123044;-0.388411;-0.152031;9.710722
0.048007;0.001071;-0.139962;9.727613
0.166780;0.142620;-0.130727;9.738414
0.254044;0.272605;-0.128943;9.756907
0.295743;0.326918;-0.133444;9.774986
0.225377;-0.377391;-0.114718;9.773595
0.223666;-0.079195;-0.134883;9.778322
0.209345;0.130760;-0.159446;9.789178
0.186576;0.275701;-0.186265;9.800587
0.165460;0.343353;-0.213941;9.814405
0.050833;-0.414346;-0.201649;9.789456
0.063415;-0.155920;-0.232999;9.797008
0.078285;-0.002949;-0.262008;9.808331
0.094877;0.128623;-0.288393;9.816015
0.115806;0.252198;-0.315934;9.827720
0.028643;-0.467184;-0.293696;9.796653
0.066952;-0.151461;-0.320407;9.807518
0.095478;0.040693;-0.342875;9.818013
0.112509;0.163508;-0.359500;9.826106
0.129790;0.273437;-0.376380;9.837789
0.058251;-0.251458;-0.350658;9.807476
0.101799;0.125469;-0.374319;9.824432
0.111461;0.180215;-0.382511;9.833686
0.116725;0.209815;-0.386743;9.843347
0.036785;-0.389090;-0.343974;9.807654
0.081297;0.024920;-0.358682;9.828143
0.091746;0.105704;-0.357046;9.832237
0.106950;0.229342;-0.357786;9.845293
0.039339;-0.349329;-0.313468;9.811728
0.070943;-0.022610;-0.318838;9.823785
0.083054;0.061242;-0.315332;9.833131
0.091765;0.147952;-0.310047;9.841263
0.101668;0.223268;-0.306342;9.852257
0.102832;0.211080;-0.298749;9.856973
0.048734;-0.240819;-0.254817;9.802044
0.074185;0.043170;-0.257180;9.822698
0.085488;0.166992;-0.253940;9.827859
0.093306;0.244655;-0.250906;9.836992
0.097776;0.266417;-0.247142;9.843858
0.036504;-0.418721;-0.202444;9.771919
0.060707;-0.071422;-0.206695;9.795680
0.065382;-0.007091;-0.201536;9.799831
0.078098;0.149244;-0.201671;9.810775
0.037383;-0.393854;-0.170185;9.772438
0.056485;-0.086356;-0.173934;9.778562
0.072716;0.104203;-0.177759;9.793104
0.088964;0.321193;-0.183692;9.807783
0.100023;0.423309;-0.188347;9.820225
0.063237;-0.095361;-0.164204;9.773660
0.070688;0.080651;-0.168589;9.790327
0.074208;0.212284;-0.172131;9.802959
0.071309;0.233686;-0.172089;9.809515
0.067629;0.243260;-0.171340;9.816698
0.018163;-0.671183;-0.135753;9.734950
0.026625;-0.402068;-0.135116;9.753928
0.030612;-0.343575;-0.129434;9.762758
0.038157;-0.319160;-0.122787;9.765364
0.129743;-0.727860;-0.099807;9.749694
0.240939;-0.257663;-0.112740;9.772381
0.314203;0.097608;-0.136716;9.782443
0.350926;0.392945;-0.172095;9.797859
0.321746;0.374289;-0.203857;9.816933
0.290841;0.386748;-0.244996;9.834001
0.142546;-0.253933;-0.252629;9.820277
0.161576;0.076870;-0.313095;9.824318
0.145288;0.103614;-0.358648;9.831758
0.138312;0.146295;-0.403652;9.839697
0.149238;0.217936;-0.453621;9.849760
0.016644;-0.442760;-0.441779;9.809022
0.054101;-0.201793;-0.485261;9.816058
0.093195;-0.026486;-0.525724;9.828261
0.131403;0.152219;-0.565347;9.836114
0.168994;0.305578;-0.605311;9.848447
0.033610;-0.342760;-0.565915;9.807829
0.126902;0.126988;-0.620138;9.825069
0.127833;0.094681;-0.633380;9.826780
0.022579;-0.345293;-0.588313;9.792901
0.063487;-0.075205;-0.602279;9.808513
0.089264;0.060357;-0.607565;9.817503
0.127263;0.252257;-0.618274;9.833587
-0.131936;-0.802094;-0.458585;9.749548
-0.035051;-0.253630;-0.470636;9.775789
0.055848;0.256305;-0.486512;9.784105
0.111378;0.566522;-0.495092;9.797822
0.153765;0.753135;-0.505295;9.824789
0.061016;0.085355;-0.443521;9.810246
0.102562;0.333744;-0.454879;9.825558
0.117874;0.380840;-0.455414;9.846805
0.114986;0.326248;-0.445453;9.854538
0.102916;0.210507;-0.428406;9.853282
-0.002330;-0.559318;-0.348400;9.764054
0.027000;-0.256133;-0.340008;9.792808
0.036767;-0.149721;-0.320834;9.791045
0.033130;-0.149625;-0.292996;9.779249
0.063971;0.167042;-0.288227;9.796457
-0.004411;-0.543089;-0.218155;9.733530
0.022907;-0.162268;-0.212473;9.750044
0.033462;-0.011735;-0.199573;9.761076
0.045799;0.225257;-0.191833;9.772346
0.044507;0.275645;-0.179021;9.778212
0.002264;-0.391095;-0.133263;9.743609
0.006531;-0.121151;-0.125383;9.749775
0.007463;0.076152;-0.117521;9.761370
-0.000076;0.126421;-0.102481;9.762890
-0.007033;0.292495;-0.091199;9.774631
-0.019746;0.316469;-0.075100;9.780818
-0.031594;-0.546274;-0.036190;9.727933
-0.038402;-0.227973;-0.019358;9.737982
-0.032761;-0.112298;0.000278;9.740259
-0.021999;0.099467;0.021559;9.746619
-0.007017;0.176739;0.043302;9.751205
0.035568;-0.372280;0.066172;9.732454
0.034436;-0.025636;0.086765;9.736683
0.030360;0.056144;0.106256;9.739633
0.020200;0.048178;0.124979;9.741759
-0.008460;-0.013772;0.144475;9.739211
0.199896;-0.574590;0.148063;9.728653
0.317340;-0.222691;0.147685;9.738788
0.382283;-0.046356;0.133815;9.747336
0.402820;0.140405;0.109018;9.760802
0.380492;0.181873;0.074229;9.777834
0.277602;-0.275844;0.034224;9.797051
0.240224;-0.029176;-0.015512;9.799430
0.197767;0.084134;-0.068292;9.810901
0.171253;0.202193;-0.126482;9.823317
0.158691;0.279109;-0.187185;9.835060
0.154420;0.283905;-0.247975;9.845862
0.046580;-0.384614;-0.279118;9.838687
0.082569;-0.175485;-0.339162;9.839000
0.111445;-0.056912;-0.394899;9.842206
0.149126;0.112615;-0.452993;9.849289
0.158807;0.127204;-0.500548;9.857854
0.036883;-0.409629;-0.501693;9.861693
0.089533;-0.120645;-0.552578;9.861894
0.120734;0.020904;-0.595931;9.865878
0.142712;0.137172;-0.634025;9.875335
0.152191;0.180543;-0.666120;9.885293
0.147152;0.154790;-0.690691;9.893025
0.016948;-0.264899;-0.653715;9.871150
0.051967;-0.083154;-0.681059;9.869604
0.098142;0.106791;-0.710634;9.880474
0.120151;0.190800;-0.729196;9.888717
0.129379;0.209180;-0.741125;9.897889
0.006439;-0.232677;-0.683568;9.874279
0.068176;0.043402;-0.707178;9.881888
0.088253;0.108974;-0.712871;9.886459
0.107598;0.180995;-0.717727;9.894603
0.124377;0.224402;-0.722141;9.903070
0.014279;-0.226275;-0.655175;9.872577
0.050054;-0.036148;-0.659124;9.877932
0.063855;0.022693;-0.650955;9.883030
0.071318;0.060131;-0.637247;9.885591
0.075339;0.079909;-0.621563;9.886868
-0.031719;-0.365882;-0.534014;9.838194
0.006152;-0.125510;-0.525106;9.850219
0.041116;0.061939;-0.517508;9.858555
0.062489;0.176053;-0.506273;9.863607
0.077333;0.239404;-0.494533;9.869811
-0.001975;-0.225851;-0.421801;9.835585
0.031492;0.004468;-0.417927;9.846293
0.049337;0.105511;-0.409156;9.851929
0.054714;0.138892;-0.394192;9.853615
-0.010257;-0.312216;-0.332736;9.817690
0.009169;-0.171232;-0.327043;9.819749
0.025783;-0.033490;-0.318029;9.827840
0.034322;0.043710;-0.305537;9.829241
0.048654;0.155997;-0.298826;9.835228
0.004262;-0.245649;-0.251210;9.800036
0.024307;-0.023921;-0.247003;9.806430
0.038280;0.111543;-0.242032;9.813930
0.044986;0.182432;-0.234753;9.817668
0.004658;-0.294818;-0.193429;9.780168
0.020213;-0.059439;-0.191434;9.781593
0.026919;0.025422;-0.185384;9.789571
0.033792;0.128315;-0.179672;9.795093
0.041750;0.240132;-0.176141;9.803046
0.004970;-0.406878;-0.137060;9.761545
0.018571;-0.119958;-0.135513;9.770662
0.027847;0.069311;-0.132178;9.779488
0.030378;0.155122;-0.124626;9.779904
0.030110;0.180090;-0.115343;9.782421
0.014166;-0.310115;-0.087731;9.752241
0.020592;-0.020175;-0.083066;9.760446
0.021431;0.073073;-0.073928;9.762670
0.022528;0.169215;-0.064088;9.767512
0.019815;-0.292117;-0.041167;9.746819
0.021362;-0.067699;-0.031700;9.748287
0.022176;0.045304;-0.021162;9.755203
0.022034;0.164924;-0.010021;9.761329
0.018672;0.297365;0.001610;9.771027
0.028308;-0.329552;0.019476;9.747590
0.024826;-0.115755;0.030890;9.751210
0.018190;-0.008401;0.042971;9.758714
0.009529;0.128862;0.056601;9.766510
0.002656;0.136681;0.070573;9.772368
0.131865;-0.351839;0.077076;9.752139
0.216087;-0.126385;0.074401;9.756173
0.261757;-0.027589;0.062028;9.761987
0.276568;0.096644;0.040887;9.769609
0.266595;0.202562;0.012448;9.778935
0.240325;0.257336;-0.022302;9.787901
0.143947;-0.337013;-0.050144;9.771390
0.126798;-0.115966;-0.092255;9.776189
0.106927;-0.034116;-0.133147;9.781526
0.101290;0.105107;-0.176228;9.788035
0.037189;-0.317718;-0.200765;9.776956
0.050376;-0.134985;-0.242140;9.770048
0.069621;0.036589;-0.282282;9.778592
0.095473;0.202478;-0.320050;9.789850
0.113814;0.278204;-0.353120;9.799862
0.053517;-0.240270;-0.354259;9.786279
0.078068;-0.042015;-0.380311;9.788998
0.102381;0.102147;-0.404034;9.799017
0.131504;0.296372;-0.428272;9.811310
0.132674;0.275811;-0.439054;9.817326
0.066535;-0.151946;-0.414121;9.787782
0.082317;-0.002266;-0.420632;9.798780
0.084601;0.038729;-0.418022;9.802340
0.090947;0.105834;-0.415074;9.808887
0.093787;0.133862;-0.408807;9.814202
0.047650;-0.102142;-0.367355;9.789944
0.065614;0.052723;-0.362342;9.797059
0.072200;0.125911;-0.349880;9.801745
0.077993;0.184646;-0.338558;9.808516
0.018828;-0.333365;-0.285693;9.779594
0.044899;-0.013246;-0.280809;9.791078
0.049662;0.062599;-0.266379;9.793926
0.054066;0.142325;-0.252627;9.800939
0.058676;0.214712;-0.240504;9.808862
0.017740;-0.296636;-0.196582;9.785122
0.025493;-0.113396;-0.186149;9.786334
0.032323;0.002265;-0.176248;9.793239
0.034605;0.085539;-0.163453;9.797850
0.039288;0.216516;-0.154507;9.805395
0.008525;-0.396488;-0.115206;9.775737
0.015302;-0.157452;-0.106138;9.779437
0.019679;0.041091;-0.097739;9.788015
0.020446;0.147397;-0.086743;9.790905
0.019782;0.241705;-0.076080;9.798218
0.013381;-0.202087;-0.048556;9.765636
0.021271;0.021850;-0.039406;9.773304
0.029409;0.126479;-0.029034;9.780283
0.037532;0.199793;-0.018889;9.788214
0.047035;-0.356611;-0.000441;9.772106
0.054329;-0.110318;0.006499;9.776413
0.059133;0.026855;0.012557;9.781189
0.062757;0.117081;0.018223;9.786196
0.064348;0.151909;0.022885;9.792129
0.067287;-0.404056;0.029624;9.775712
0.067108;-0.160036;0.030299;9.779053
0.205626;0.024934;0.023608;9.784807
0.289990;0.135325;0.003853;9.789551
0.339495;0.214538;-0.027644;9.798212
0.285902;-0.235688;-0.059336;9.791533
0.279582;-0.043484;-0.109771;9.792387
0.260624;0.095613;-0.165956;9.802877
0.239856;0.226338;-0.227541;9.813545
0.206605;0.236162;-0.288469;9.822313
0.067606;-0.335943;-0.318248;9.798575
0.086649;-0.098899;-0.383299;9.806768
-0.039291;-0.585401;-0.371212;9.780939
0.041489;-0.086309;-0.439232;9.803108
0.088092;0.170637;-0.493180;9.805823
0.013241;-0.174612;-0.500204;9.805712
0.086156;0.183369;-0.552875;9.810297
0.135219;0.337051;-0.595535;9.824970
0.168350;0.415045;-0.629756;9.842373
0.189490;0.417766;-0.656569;9.857548
0.215617;0.439745;-0.684323;9.876587
0.060712;-0.347576;-0.625915;9.811044
0.077968;-0.190069;-0.632999;9.821206
0.097658;-0.081937;-0.634421;9.837953
0.118515;0.061543;-0.631676;9.847148
0.128369;0.125833;-0.621018;9.852361
-0.003096;-0.539758;-0.529540;9.783336
0.043854;-0.196440;-0.524481;9.807677
0.085634;0.031783;-0.516102;9.827795
0.104183;0.146326;-0.497377;9.833219
0.123454;0.253203;-0.481382;9.846013
0.042721;-0.197203;-0.401213;9.783562
0.080818;0.097211;-0.395680;9.808722
0.085383;0.131937;-0.374411;9.815426
0.090682;0.180064;-0.355255;9.824708
0.099797;0.246549;-0.341485;9.839027
0.020928;-0.369570;-0.268310;9.772323
0.044513;-0.114186;-0.262035;9.786752
0.060956;0.054063;-0.253684;9.804921
0.074810;0.204043;-0.247132;9.815575
0.015334;-0.427921;-0.192818;9.767115
0.047153;-0.021648;-0.197102;9.788029
0.060181;0.122063;-0.196022;9.801437
0.063797;0.185761;-0.189638;9.806341
0.067771;0.241834;-0.185831;9.816080
0.017008;-0.462581;-0.142830;9.759448
0.034462;-0.147432;-0.144604;9.780588
0.041300;-0.014231;-0.141565;9.787899
0.049038;0.157603;-0.140730;9.798639
0.051316;0.225489;-0.137379;9.806342
0.021052;-0.403476;-0.108385;9.769927
0.029188;-0.121831;-0.108125;9.778465
0.032929;0.029441;-0.105541;9.790479
0.034592;0.184864;-0.102000;9.799841
0.034401;0.316063;-0.097558;9.812405
0.016410;-0.446191;-0.070718;9.769055
0.015393;-0.156755;-0.064835;9.780234
0.010652;-0.009676;-0.055927;9.791146
0.009102;0.119196;-0.044706;9.799149
0.010668;0.237443;-0.032351;9.810390
0.013534;0.294711;-0.018563;9.819958
0.034917;-0.543641;0.002799;9.766991
0.034410;-0.305354;0.016228;9.778809
0.027686;-0.149925;0.030931;9.789890
0.013533;-0.081645;0.046550;9.790842
-0.013003;-0.076004;0.063883;9.792041
-0.063266;-0.295423;0.082742;9.784399
0.077319;-0.600639;0.096587;9.770657
0.144152;-0.194956;0.111336;9.783616
0.187745;0.123095;0.120764;9.789570
0.206005;0.339465;0.124741;9.800646
0.203191;0.455521;0.123986;9.815043
0.185983;-0.121515;0.111936;9.811597
0.155587;0.202182;0.103263;9.810191
0.126546;0.334803;0.091472;9.817351
0.102304;0.399023;0.076992;9.825232
0.081624;-0.204001;0.057105;9.800740
0.076367;0.031752;0.039709;9.799926
0.075849;0.065179;0.021498;9.801714
0.081533;0.273668;0.002734;9.810186
0.078322;-0.391120;-0.016026;9.764541
0.087700;-0.086770;-0.034495;9.771089
0.095462;0.043094;-0.051564;9.777703
0.103923;0.215148;-0.068253;9.784593
0.108049;0.256870;-0.083097;9.789829
0.092400;-0.269243;-0.092366;9.749396
0.102564;0.080580;-0.106541;9.767213
0.106008;0.179580;-0.117278;9.774353
0.109953;0.266575;-0.126809;9.784297
0.115182;0.364738;-0.135879;9.798262
0.085248;-0.416388;-0.129490;9.743281
0.093045;-0.121046;-0.136234;9.758603
0.098820;0.009843;-0.140426;9.769807
0.107429;0.242061;-0.145741;9.783330
0.078985;-0.387204;-0.133339;9.735664
0.082077;-0.247620;-0.134487;9.726804
0.091172;0.020123;-0.137784;9.746388
0.098855;0.178302;-0.139897;9.759392
0.102162;0.231733;-0.139958;9.767772
0.074996;-0.383001;-0.124238;9.732739
0.086347;-0.073918;-0.126980;9.745747
0.091491;0.023770;-0.126789;9.756483
0.096678;0.156374;-0.127201;9.766809
0.107587;0.379423;-0.131279;9.784939
0.077030;-0.347101;-0.113553;9.739425
0.078618;-0.288834;-0.113825;9.726285
0.087370;-0.041598;-0.117939;9.735913
0.090476;0.015861;-0.118692;9.746630
0.096126;0.152076;-0.121138;9.758064
0.102641;0.272827;-0.124321;9.772316
0.077462;-0.326248;-0.109891;9.731093
0.089254;-0.020886;-0.114560;9.747803
0.095906;0.099884;-0.117402;9.755999
0.102597;0.210787;-0.120539;9.766344
0.105281;0.219346;-0.122313;9.772459
0.072488;-0.533788;-0.105026;9.724868
0.084582;-0.231055;-0.109850;9.738493
0.093729;-0.052142;-0.113882;9.748435
0.100753;0.107058;-0.117780;9.753958
0.111650;0.294330;-0.124144;9.766838
0.121965;0.415888;-0.131095;9.780209
0.086347;-0.366636;-0.114945;9.736694
0.100712;-0.105236;-0.122427;9.745868
0.108881;-0.019317;-0.127362;9.750300
0.119726;0.116535;-0.134362;9.755334
0.129922;0.187591;-0.141648;9.760412
0.094425;-0.442919;-0.128391;9.729068
0.127014;0.013083;-0.145364;9.740174
0.144822;0.185363;-0.158815;9.744266
0.159712;0.268594;-0.171911;9.751363
0.120360;-0.243192;-0.162580;9.716407
0.152511;0.021113;-0.182641;9.726017
0.180417;0.102941;-0.200239;9.735165
0.215948;0.153705;-0.221044;9.745179
0.186683;-0.452083;-0.217858;9.733609
0.306084;-0.203200;-0.257332;9.739518
0.047201;-0.075261;-0.284255;9.741785
-0.132634;0.068479;-0.298024;9.742167
-0.300968;-0.538361;-0.260298;9.752338
-0.344908;-0.213812;-0.247026;9.757586
-0.327225;-0.034677;-0.220350;9.764264
-0.273926;0.177185;-0.182072;9.775867
-0.200081;0.243430;-0.132980;9.792617
-0.129614;0.259236;-0.076993;9.806425
-0.001309;-0.306829;-0.012547;9.823300
0.001643;-0.000171;0.053742;9.818572
0.004873;0.085161;0.118410;9.823478
-0.001732;0.135496;0.184808;9.834573
-0.023873;0.214288;0.255418;9.843661
0.066979;-0.375195;0.301427;9.853839
0.019392;-0.131545;0.367210;9.850006
-0.020602;0.020781;0.432988;9.851737
-0.036012;0.087141;0.489763;9.860213
-0.053148;0.159319;0.547285;9.870945
-0.068298;0.208935;0.604131;9.880999
0.086510;-0.364194;0.601708;9.880699
0.051866;-0.174478;0.646196;9.879324
0.027304;-0.055045;0.684318;9.884241
-0.022401;0.154347;0.731504;9.892062
-0.033404;0.199951;0.763231;9.899847
0.066019;-0.090332;0.735766;9.880780
0.028544;0.048514;0.761885;9.887149
-0.004253;0.164327;0.787279;9.898436
-0.018169;0.209409;0.804782;9.908054
0.131665;-0.287205;0.738905;9.884549
0.078073;-0.065183;0.755595;9.889549
0.020721;0.134839;0.777985;9.901386
0.013400;0.168762;0.775710;9.904148
0.143858;-0.284915;0.696180;9.880261
0.089533;-0.039976;0.701750;9.885084
0.062847;0.058411;0.695406;9.890868
0.004979;0.288815;0.708877;9.905154
0.001715;0.281695;0.696691;9.908437
0.096881;-0.100506;0.614520;9.866372
0.064809;0.038104;0.605289;9.879483
0.057611;0.076854;0.584760;9.882018
0.046752;0.134637;0.567989;9.887461
0.042657;0.154743;0.549365;9.890612
0.144006;-0.352229;0.459919;9.839782
0.227747;-0.710779;0.367495;9.806523
0.142080;-0.219821;0.369497;9.836515
0.092803;0.085058;0.360552;9.834314
0.058375;0.316804;0.352659;9.841254
0.120852;-0.079386;0.292980;9.826193
0.080602;0.202832;0.297437;9.830735
0.061469;0.300686;0.298983;9.843260
0.054418;0.326490;0.296051;9.851528
0.045262;0.355415;0.297535;9.861956
0.122875;-0.329784;0.247684;9.807644
0.101103;-0.160137;0.248082;9.814110
0.080799;-0.028692;0.249765;9.825791
0.069470;0.048170;0.246965;9.824400
0.061478;0.110417;0.244407;9.826688
0.058538;0.133494;0.241302;9.828210
0.112087;-0.400603;0.202196;9.775086
0.092968;-0.167147;0.201564;9.787661
0.082552;-0.029129;0.198778;9.792241
0.071290;0.123577;0.197982;9.797926
0.109066;-0.316129;0.168074;9.767083
0.096314;-0.110952;0.165634;9.769825
0.088120;-0.001169;0.162347;9.776525
0.072608;0.223293;0.165158;9.785472
0.067140;0.300554;0.164593;9.791276
0.106176;-0.270699;0.137337;9.753391
0.100047;-0.063426;0.136850;9.758752
0.099171;0.102010;0.136114;9.770283
0.106137;0.147556;0.130250;9.771666
0.113491;0.208219;0.124117;9.777218
0.140152;-0.323112;0.097341;9.748730
0.142397;-0.119876;0.087173;9.756131
0.146628;-0.017121;0.073835;9.761226
0.152015;0.088503;0.058233;9.766714
0.150742;-0.375427;0.030589;9.748760
0.157061;-0.165224;0.010050;9.752159
0.039493;0.078212;-0.006491;9.761228
-0.039357;0.251831;-0.014015;9.767227
-0.094203;0.430457;-0.011953;9.780290
-0.075903;-0.157320;-0.010971;9.764427
-0.067560;-0.060081;0.003325;9.753266
-0.053958;0.131425;0.024748;9.768160
-0.024668;0.145777;0.046994;9.775709
0.000857;0.194022;0.072874;9.785302
0.074759;-0.403131;0.084351;9.748107
0.071076;-0.124632;0.113296;9.763553
0.070226;-0.020622;0.138760;9.772091
0.059725;0.144157;0.165017;9.782106
0.052226;0.216716;0.188446;9.791262
0.087773;-0.233058;0.194367;9.764118
0.058380;0.105524;0.218143;9.780759
0.049985;0.171686;0.233189;9.787242
0.046230;0.197314;0.244466;9.794970
0.042725;0.228551;0.253792;9.803955
0.034130;0.307772;0.263547;9.817471
0.080766;-0.145421;0.240820;9.770924
0.072137;-0.003074;0.241118;9.783649
0.067239;0.121249;0.238165;9.789288
0.061024;0.236236;0.234819;9.798990
0.061074;0.250424;0.228020;9.805892
0.106218;-0.363469;0.194874;9.758306
0.084890;0.026733;0.191646;9.783008
0.078636;0.154367;0.183112;9.789307
0.076804;0.227865;0.172907;9.795487
0.111874;-0.378421;0.140262;9.754203
0.101492;-0.103762;0.131300;9.766024
0.100750;-0.054783;0.119121;9.772502
0.096697;0.102901;0.108835;9.782947
0.093406;0.256369;0.100289;9.794777
0.119117;-0.358089;0.071767;9.746142
0.112973;-0.057693;0.063243;9.763779
0.113503;0.056494;0.053217;9.772161
0.112483;0.296620;0.046431;9.787333
0.127969;-0.431005;0.024614;9.751082
0.128252;-0.111635;0.016974;9.761511
0.131812;0.010535;0.008203;9.772552
0.136800;0.178875;-0.000887;9.782331
0.144875;0.209215;-0.011323;9.787271
0.140596;-0.410141;-0.025577;9.756510
0.148499;-0.046710;-0.037769;9.771710
0.156939;0.061967;-0.050698;9.776920
0.168013;0.198473;-0.065258;9.786777
0.186876;0.294417;-0.082434;9.797761
0.168545;-0.344631;-0.093947;9.766965
0.204146;-0.116006;-0.116346;9.767504
0.261593;-0.002599;-0.142869;9.779511
0.331920;0.007380;-0.174613;9.785858
0.028286;0.076245;-0.201270;9.781571
-0.213087;-0.663525;-0.186764;9.745527
-0.348477;-0.291505;-0.180287;9.758079
-0.396588;-0.182456;-0.154483;9.766271
-0.388674;0.070170;-0.113234;9.781136
-0.230787;-0.415665;-0.064185;9.796387
-0.162977;-0.131011;-0.002415;9.804493
-0.092012;-0.000371;0.064905;9.817019
-0.043766;0.135657;0.139585;9.834234
-0.024077;0.264111;0.223222;9.848870
-0.011645;0.278894;0.304532;9.863327
0.119812;-0.313472;0.354273;9.866469
0.072441;-0.137653;0.434290;9.867255
0.024231;-0.021194;0.513453;9.872297
-0.007663;0.049302;0.584402;9.878965
-0.046038;0.142978;0.657750;9.887966
-0.053544;0.134969;0.721371;9.895483
0.056153;-0.175864;0.737606;9.883195
0.002029;0.006983;0.801853;9.887663
-0.028266;0.113438;0.855228;9.895260
-0.048538;0.178293;0.904660;9.904749
0.120391;-0.273308;0.869282;9.884946
0.073951;-0.088203;0.902372;9.888524
0.043565;0.025100;0.928388;9.895906
0.006155;0.156721;0.955128;9.904959
-0.017898;0.225987;0.975395;9.912628
0.171214;-0.326084;0.883612;9.880598
0.109013;-0.107237;0.895122;9.883122
0.088104;-0.038988;0.886473;9.886738
0.047886;0.119161;0.885418;9.894055
0.011836;0.241601;0.883656;9.901892
0.161716;-0.274177;0.774158;9.863743
0.115989;-0.080621;0.758891;9.865014
0.088059;0.018551;0.735929;9.871234
0.064736;0.122349;0.711575;9.874460
0.061643;0.142146;0.676825;9.874502
0.057485;0.156473;0.644872;9.876238
0.040228;0.225000;0.623165;9.882792
0.127290;-0.170163;0.522845;9.838154
0.111369;-0.089564;0.490525;9.841144
0.088812;0.038640;0.466371;9.845698
0.073116;0.136357;0.442617;9.850028
0.147619;-0.298050;0.355890;9.810026
0.120502;-0.096028;0.334051;9.816967
0.108360;0.001301;0.310526;9.819833
0.094566;0.119839;0.292957;9.824886
