477.998813;455.356752;442.097141;448.827532
476.092532;455.773334;440.821877;449.227144
456.021425;453.541264;463.964901;450.951343
453.141142;453.496587;466.647023;451.306661
452.205130;453.805840;467.603162;451.634081
452.057779;454.036439;468.312566;451.912370
456.567783;455.005710;463.388890;452.088870
457.329381;456.627937;457.523405;453.007283
454.119593;456.623573;460.776310;453.676706
451.826697;456.778904;463.196948;454.132845
454.215510;457.442445;460.250548;454.442008
459.481570;459.101145;450.535098;454.935586
451.031088;458.547716;459.753181;455.705983
448.837504;458.637034;462.184380;456.037529
451.862981;459.186524;459.031710;456.157902
453.396100;459.614667;457.320455;456.309705
453.266536;460.487735;453.708756;456.899386
451.315021;460.487689;455.703182;457.228730
449.119228;460.308995;458.678409;457.269963
449.974991;460.495724;458.172336;457.335378
451.237106;460.659844;457.271240;457.369451
453.170545;461.379656;452.331435;457.712736
445.766602;460.867768;460.717979;458.006369
448.053623;460.781650;459.298448;457.671135
449.604695;460.958370;458.463125;457.630545
467.088269;461.864057;438.277233;457.406664
452.874950;461.309832;453.700818;457.782441
449.958448;461.226742;457.293569;457.839594
448.356800;461.050464;460.083617;457.758787
450.595405;461.138410;458.502237;457.780811
451.187935;461.199501;457.727875;457.611261
455.240322;461.342214;451.994786;457.684190
451.155673;461.173426;456.780531;457.844063
448.766852;461.336369;459.667818;457.965417
450.177537;461.569422;458.766349;458.090704
465.740695;461.554964;442.029698;458.109528
451.792290;461.861544;456.359032;458.352288
446.849855;461.932178;461.829094;458.503255
448.975627;461.881292;460.208693;458.912419
451.617723;461.780694;458.137234;459.247648
464.244800;461.149210;444.625739;458.895810
453.957530;460.472773;455.894367;459.371778
448.816904;460.063076;462.441779;458.947904
449.793674;459.546909;463.142511;458.383816
453.733852;458.839088;461.295791;457.694181
459.587546;457.720342;455.949537;456.043458
457.478560;456.216425;460.845323;455.245553
460.603726;454.784401;460.787541;453.904000
460.742012;454.066453;464.220816;451.537537
461.282120;452.955436;467.464001;449.498015
463.706102;452.811254;466.529296;446.869573
462.561086;451.047143;470.541036;446.111279
463.188523;449.468189;473.383881;444.933874
464.148194;447.544526;476.062497;443.987880
477.791834;450.576535;460.120489;442.454145
469.277859;447.307390;471.518036;443.329831
467.312025;445.607694;475.750914;443.323278
465.846458;443.665709;480.030523;443.048607
468.513683;443.268766;479.155927;442.341488
481.305074;449.868720;459.127599;441.859430
469.979307;445.303554;474.184972;443.099010
469.761061;445.037366;474.963053;443.181493
469.506581;445.295607;475.396033;443.379756
468.681415;445.699872;475.878034;444.094520
479.918912;452.989224;455.160597;444.035224
467.786172;449.630433;469.356591;446.084631
464.862483;449.377508;471.920143;447.190885
463.032910;449.374705;473.425304;448.060688
462.849401;449.688710;473.521260;448.585725
465.070631;450.752203;470.731025;448.659807
468.051192;454.999642;458.655796;450.180771
460.620008;453.381023;467.052286;451.743538
459.874774;453.449600;467.908299;452.190338
459.347766;453.734951;468.617191;452.523945
460.137306;454.168344;468.223112;452.557621
459.517682;457.910461;460.460632;454.437968
457.138177;457.519716;462.891087;455.405355
454.730640;456.989951;466.159767;455.816558
455.709730;457.317048;465.409120;455.799196
454.792099;460.347484;458.981424;457.431080
452.176388;459.537973;462.614895;458.003156
452.758592;459.604498;462.380895;457.996485
453.437342;459.759000;462.251729;457.897690
454.549985;459.790898;461.181716;457.624564
451.362786;461.397109;458.761549;459.303833
451.839089;461.163886;458.943137;459.278444
451.404560;461.136720;459.963599;459.170825
451.219451;460.745429;461.493293;458.986379
462.711480;464.059919;443.072662;458.497557
451.540054;462.103701;456.484056;459.526254
448.476295;460.886508;461.830122;459.476674
449.115682;460.579307;462.796013;459.025906
452.092487;460.735289;460.900572;458.476676
453.314468;462.228052;454.592332;458.871261
453.096394;461.904808;455.542766;458.948613
450.643152;461.355689;459.166951;458.875864
451.115075;461.192361;459.375065;458.725069
451.075137;460.867506;460.583093;458.467959
452.616265;461.869798;455.205949;458.749393
449.082384;460.903252;460.430532;458.850880
448.789116;460.510788;462.073906;458.460065
451.903966;460.742756;459.510701;458.058317
457.536077;461.915115;450.129977;457.948935
449.848620;460.779850;459.913895;458.195448
451.497484;460.678039;458.840207;457.879173
452.326063;460.710090;458.510979;457.761149
452.302358;460.665678;458.673430;457.704189
449.647326;460.874696;458.436240;458.119434
450.113102;460.706617;458.474306;458.111267
449.706300;460.763194;459.495267;457.969419
448.404463;460.639437;461.852082;457.946310
452.234620;460.864061;458.347746;457.832147
453.401760;461.216565;454.615861;457.879080
450.800633;461.061895;457.740452;457.991346
449.514195;460.968309;459.421473;458.075509
449.966633;461.061437;459.415554;458.058861
452.720987;461.134180;457.149459;457.864907
467.537347;461.676442;439.268562;457.640535
452.612499;461.357156;455.073714;458.071946
450.053911;461.339589;457.873217;458.107949
449.597853;461.422120;458.404855;458.247002
449.874679;461.491373;458.495325;458.259830
452.880224;461.528795;453.695563;458.288062
447.992416;461.586735;458.774967;458.485090
446.430978;461.793696;460.409263;458.569576
448.721706;461.995652;458.283878;458.709694
464.974260;461.591992;440.979284;458.590717
449.136770;461.949706;456.817083;458.866155
449.162456;461.938015;456.892165;459.048507
448.339397;462.012689;457.998986;459.255678
450.436799;461.967896;456.638229;459.136434
453.645124;461.291338;452.584644;458.864793
450.586277;461.358367;456.129478;458.782181
446.621386;461.473909;460.798270;458.667516
448.878269;461.414108;459.510191;458.537054
453.184602;461.165943;456.375477;458.135140
455.076575;460.395344;454.462143;457.390503
455.114890;460.170173;455.430397;457.104853
450.806030;460.165576;460.789536;456.637602
450.512203;460.038832;462.306668;456.388801
453.793467;459.322415;459.151936;455.609443
452.004184;459.192683;461.800388;455.558135
450.602700;459.073538;464.210054;455.593285
453.512063;458.957167;462.249659;455.588856
457.468902;458.105075;457.466686;454.925127
456.267815;458.054250;459.142000;454.938527
452.937655;458.118001;462.961321;455.043150
453.315552;458.195431;463.008343;455.103437
453.896089;458.317964;462.827878;455.222695
454.197568;458.523757;463.008753;455.403667
473.203091;457.913522;441.318572;454.537968
459.009131;458.151577;456.398303;454.815825
453.899138;458.397346;461.696345;455.087549
453.898408;458.622411;461.633083;455.267423
452.510218;458.970961;463.349570;455.590649
459.045380;458.340357;454.535249;454.822255
448.047043;458.947905;466.080141;455.504604
450.626876;459.145599;463.572341;455.694083
451.303593;459.482893;463.316769;456.028005
453.998078;459.800053;461.098352;456.318848
456.441695;459.115890;456.343368;455.535431
455.039974;459.360137;457.912481;455.825122
450.343941;459.709354;463.043188;456.128417
451.969341;459.881262;461.754927;456.273114
470.863889;459.064863;439.895340;455.192015
455.207988;459.528217;457.024391;455.780470
452.113071;459.729802;460.598003;456.018355
449.068532;460.055411;464.385848;456.366138
447.305926;460.476837;466.638698;456.735865
454.571092;459.298575;456.757355;455.426930
452.445443;459.575491;459.609496;455.742679
447.203210;459.943615;465.670589;456.133347
451.260896;460.045317;462.168929;456.188426
454.324216;460.113695;459.660073;456.220283
453.242855;459.402950;458.870625;455.438030
451.862818;459.630283;460.871310;455.695710
452.394084;459.647720;460.658228;455.679507
452.449345;459.752343;461.058617;455.732979
470.735830;458.790949;439.091451;454.378854
451.502705;459.215027;460.088943;455.073157
450.553534;459.376676;461.596311;455.189424
448.634008;459.597853;464.302743;455.516000
449.558213;459.811109;464.295825;455.730688
452.573863;459.845034;461.527142;455.684372
455.279524;459.129727;456.807859;454.926023
450.960061;459.371426;461.980183;455.333598
452.067905;459.398424;461.291067;455.318371
452.894812;459.466906;461.074912;455.411267
453.325717;459.606859;461.432202;455.559548
457.017098;458.948425;455.556568;454.671734
453.216891;458.999362;459.941887;454.898153
449.514424;458.990318;464.197507;455.060850
447.811762;459.100132;466.712602;455.196597
453.177577;459.208781;462.170097;455.155919
466.950569;458.850864;445.900677;454.183545
451.258380;458.664347;463.355851;454.785967
467.595615;458.661438;444.246989;453.814953
451.869868;458.676119;461.528583;454.554846
446.442061;458.289931;467.722707;454.746304
446.214176;458.236854;469.183775;454.639639
450.057898;458.441516;465.272824;454.409326
449.727110;458.231823;466.861521;454.426006
451.039549;458.073919;467.135865;454.487152
451.649353;458.006422;467.791481;454.815932
457.436346;457.474498;460.390721;453.984191
460.548653;457.229978;458.260875;453.889903
461.320614;456.661614;458.351210;453.844017
458.303017;460.002409;461.291853;450.377775
455.044280;461.232713;464.112566;450.447135
457.079128;462.043185;457.285433;450.797856
453.122648;462.381035;459.019978;453.315000
446.555995;463.021045;462.918814;456.353664
462.276766;461.051094;442.747261;459.785342
448.917995;462.908659;453.349749;461.868598
441.353240;465.184545;457.806984;463.793121
439.501414;467.440389;456.595618;465.543194
438.671749;469.641197;454.579518;467.116592
442.837446;468.930048;448.347779;466.913666
439.931985;471.269181;449.163271;467.806021
438.137766;473.035640;449.207721;468.669131
436.735805;474.855048;448.880026;469.712105
436.811616;475.746015;447.203224;470.453126
445.898268;471.855709;440.382744;469.574741
438.521178;474.190548;447.037900;469.402002
437.018029;474.847554;448.286933;469.813123
438.600033;474.715564;448.047065;469.796150
435.203760;476.045951;450.535690;470.179949
439.916255;472.497982;448.994253;468.664385
439.738263;473.218024;449.709640;468.528099
437.410718;474.226037;452.407429;468.546245
437.584718;474.920618;453.001623;468.957990
450.784090;468.323884;445.151282;466.467043
446.708205;469.548064;450.321385;465.749569
441.255255;471.189454;456.016463;465.322416
445.257225;470.296938;453.810415;465.269691
447.397360;469.717128;453.132698;465.135945
459.826269;461.886780;445.113505;462.557312
448.217354;465.364073;456.637899;461.220903
449.626620;464.997537;456.700483;460.668004
449.442520;464.957884;458.166248;460.238323
448.069198;466.010692;459.788237;460.592656
456.691683;459.553761;456.390371;456.946722
451.855122;461.392211;461.293025;456.608192
448.111215;462.650351;464.813400;456.557779
449.909244;462.760335;463.435657;456.993529
454.430908;462.123078;459.504570;457.635259
478.576886;452.662326;438.920302;455.347303
453.688383;458.815326;462.955449;454.401119
451.529233;459.792840;464.483413;454.680746
452.663302;460.352401;462.840083;455.380187
453.113497;460.775103;462.321844;455.804138
466.364411;454.869752;451.980830;453.377673
457.006101;457.385472;460.684011;453.227670
450.740085;459.195333;465.617711;453.550319
452.955902;459.403823;462.958804;454.276324
452.457308;460.263033;462.674622;455.068426
457.568152;456.825645;459.169161;453.102614
450.831236;458.986797;464.449706;453.628829
452.191929;459.544508;462.146538;454.439124
452.665115;460.224786;461.007525;455.149620
476.637765;454.056820;438.764834;454.070624
454.162225;458.348690;459.683259;453.705649
451.207520;459.464933;461.129064;454.305126
450.780524;459.778223;460.847421;455.169868
450.955176;460.018461;459.950592;456.078681
452.086663;460.049176;458.390963;456.885087
457.815658;456.288486;454.174960;455.493117
453.025023;457.051476;458.808974;454.995495
451.823610;457.008937;460.354550;454.878204
453.538822;456.304284;459.538917;454.677118
466.476055;454.060295;448.591708;452.754472
450.161056;459.340076;465.831173;447.264732
450.925765;460.433035;465.454638;446.793429
450.608987;461.268252;465.727798;447.733168
451.516266;461.249310;464.154899;450.189361
453.464154;460.666734;460.827521;453.760199
456.291665;458.373117;457.533872;455.376471
448.721117;460.221453;462.350278;457.184629
446.512852;461.629356;462.138930;459.201993
447.546075;463.067648;459.186846;460.990807
450.052685;464.452298;455.313229;461.973105
452.737068;462.929523;452.293936;461.395961
447.479868;465.152884;455.670834;461.881143
444.694526;466.844552;456.857929;462.401887
443.155483;468.362090;457.090128;463.195443
446.483065;468.540576;453.769438;463.770088
449.396687;466.168661;452.207166;462.324764
444.246999;467.781091;456.285869;462.634850
442.692460;468.464358;457.528252;462.953434
443.040320;469.038506;457.168627;463.471813
460.844359;464.053186;442.093018;463.168930
444.965624;467.156113;457.124752;462.339886
447.491197;467.143025;455.261198;462.608931
448.667690;467.071465;455.085227;462.606438
471.866072;460.365480;435.511358;461.345502
447.736851;464.822580;459.350248;460.148219
449.179346;464.585534;458.783487;459.927093
448.318296;464.984607;460.449933;459.910640
449.265111;465.163519;460.278610;460.153963
452.603163;461.921307;459.456964;457.792122
453.229446;462.237964;459.453192;457.728362
452.544526;462.329076;460.872913;457.645272
452.307094;462.614146;461.748882;457.734685
454.445107;462.319438;460.382042;457.731424
460.551021;458.259786;455.538286;455.427569
451.208429;460.330149;464.609699;455.463888
451.194990;460.657069;464.603160;455.637100
452.388089;460.920196;463.620322;456.044784
453.324994;461.116227;462.842283;456.349293
472.964653;455.953051;443.309881;454.844580
454.698086;458.538379;461.556316;454.371230
454.343654;458.779966;461.963791;454.457882
451.674280;459.674174;464.330681;454.831032
448.789919;460.867214;466.256962;455.723752
455.016827;457.983773;460.699397;453.872340
451.621677;459.322294;463.542397;454.383732
446.928768;460.556998;467.481441;455.117379
449.749210;461.147609;464.310016;456.153414
460.522124;458.220879;453.414645;454.953819
454.845569;459.469722;458.881930;455.487224
451.503879;460.265285;462.033451;456.006579
453.035022;460.427479;460.585240;456.403036
452.094520;460.859796;461.385102;456.763179
458.325844;459.828678;455.230647;456.350554
463.258159;457.281650;450.446599;454.217032
460.269487;457.816343;453.993219;454.015670
460.723322;457.980494;453.762035;453.865948
452.083748;461.571085;461.990373;451.552377
449.454915;462.305999;464.615907;450.445460
441.401026;464.200388;469.473447;452.374541
437.266659;465.927565;470.056453;455.453209
443.959999;465.636143;461.455193;459.838814
447.738434;466.369497;455.245539;463.194252
444.024107;468.593964;455.509748;465.718332
445.834810;467.392099;451.402604;466.853728
445.195841;469.326411;449.191938;468.333269
442.832169;471.415637;449.022771;469.360762
441.074822;473.533589;448.941192;469.876717
441.510706;474.944491;446.682394;470.919537
447.402079;470.955846;442.451392;469.578673
439.596165;473.937455;448.532321;469.291746
436.319737;475.283806;451.111459;469.230100
434.737122;476.663282;451.482884;470.064053
437.615151;476.680258;448.700270;470.906231
439.306924;473.311479;449.514244;468.964252
442.754180;472.802314;447.125085;468.675603
458.097866;465.664962;437.201928;467.348742
445.229839;468.716485;451.088919;464.957109
444.131531;469.001050;453.363558;464.333360
441.396980;470.064840;456.716954;464.057843
454.643669;461.517826;451.106303;460.100490
447.234043;460.544344;463.839118;455.555198
436.214911;464.374421;471.827758;454.926751
438.057298;464.882617;469.508705;456.321915
441.023885;465.749889;466.667855;458.014217
468.787900;458.287676;445.082413;458.298703
455.207381;461.641282;457.508318;457.609371
453.028659;462.893051;459.809468;458.182660
456.472724;462.243580;457.432558;458.519779
459.660963;461.125911;455.532535;458.234558
478.221676;452.870423;439.925135;454.812218
461.934296;455.866171;457.802413;453.287631
457.511894;456.565009;462.298649;452.339097
457.860698;455.520704;462.811439;451.400197
450.715867;457.202843;469.408101;451.706037
454.628099;456.568656;466.054965;451.653386
460.228355;452.680259;462.828476;449.063971
454.874804;454.176201;467.431998;449.288813
451.270636;455.047497;470.511640;449.897769
454.850511;454.986424;467.083283;450.483185
455.775358;455.334368;466.149056;451.146260
461.907357;452.480444;461.154698;449.403771
455.415452;453.789171;466.644429;449.978348
456.920386;453.673829;465.357673;450.045818
453.938439;454.054770;468.525540;450.506127
456.280372;453.887339;466.829701;450.655745
461.526762;453.607639;461.689892;450.478901
460.034546;452.010002;463.306077;448.457935
458.857130;452.152087;464.977789;447.846918
454.756223;452.314366;469.872605;447.363285
457.208157;452.429437;468.261675;446.874316
479.676583;453.176522;443.217508;445.885001
459.065407;452.006695;466.060189;446.311578
460.116356;451.539335;465.470344;446.600112
462.269349;451.077748;463.707042;446.880706
465.531692;450.617375;460.058766;447.485494
479.502234;454.895094;442.641473;444.694731
456.438425;458.066855;465.815160;443.273771
453.187986;458.842325;466.410435;445.996233
450.058896;459.523655;466.416707;449.730248
449.698096;460.229692;463.249237;454.237455
467.526810;459.112674;443.482225;458.918137
448.909545;462.306484;455.826944;462.374496
444.955624;464.640813;455.744651;464.989518
441.651241;467.510185;454.888594;467.236573
440.107743;470.410295;452.472352;469.197317
442.565031;472.666013;447.704713;470.174478
441.221370;474.683450;445.465149;471.483014
444.506257;474.448848;441.217860;472.052711
438.453242;476.902682;444.393720;472.551651
433.097246;479.110490;447.120592;473.324611
437.004488;478.756615;443.788975;473.999045
437.003500;479.458299;443.102443;474.763713
438.795440;477.420143;443.800891;474.045253
435.166111;478.955860;446.201737;473.946705
434.078525;479.570088;447.113606;474.315416
435.515075;479.577744;446.259707;474.691205
440.618619;478.070013;443.749954;474.550534
433.784686;479.267794;449.907304;473.601118
442.881944;473.909594;446.758367;471.678014
437.762774;476.128157;451.265351;470.915570
439.997087;475.674146;450.569082;470.706142
442.889599;474.996858;449.281730;470.739813
462.461451;465.611591;438.033550;469.755294
445.083360;471.292030;453.039197;467.329650
445.711169;471.254365;453.346302;466.888868
446.168099;471.050249;454.250201;466.524531
447.019908;470.979526;454.338974;466.468981
467.624731;461.406202;441.398651;465.256626
454.199541;465.408931;453.952467;463.188465
452.512580;465.743679;456.807346;462.165198
452.753548;465.318532;457.999128;461.413962
454.221096;464.487850;458.070040;460.855980
470.346653;456.077950;447.988585;458.714159
457.507794;459.114763;461.552785;456.094111
452.688256;460.597607;466.145158;455.517615
453.855750;460.817107;464.812759;455.968726
455.062860;460.770870;463.976206;456.245158
470.588525;454.432600;453.255674;454.643065
459.772900;456.973824;463.407961;453.711538
457.278733;457.941567;465.396241;453.751655
458.455911;458.024537;463.807447;454.265195
457.503489;458.507865;464.443682;454.624303
466.195359;454.020990;458.592154;452.515929
460.514602;455.549132;463.699631;452.355431
458.687130;456.333334;464.572850;452.657949
456.374600;457.178227;466.173736;453.061499
474.310536;452.237021;450.183858;452.019831
459.770517;454.994207;463.653458;451.696794
455.985091;456.151397;466.617406;452.023600
456.106516;456.806888;465.431771;452.813906
453.019801;457.814432;467.430649;453.646845
459.364760;454.683758;462.109867;451.656334
457.661640;455.464718;463.380740;452.050442
455.755869;456.103515;464.762363;452.434771
455.235969;456.919093;464.442803;453.213266
458.076762;456.807468;461.593766;453.380109
459.024130;454.949621;461.088855;451.745067
453.895354;455.920888;465.591554;452.163870
454.151851;456.004128;465.130241;452.336472
456.461689;456.158410;462.562173;452.726700
473.716098;453.948651;445.159541;451.686021
457.283988;454.987711;461.861262;451.716892
455.662707;455.111554;463.519837;451.741858
454.244707;455.266990;465.143169;451.802340
454.399212;455.560932;465.037797;452.084577
457.618901;454.413569;461.821912;450.948912
455.475750;454.469870;464.361529;451.005658
454.047999;454.509142;466.191115;451.098199
454.134854;454.720505;466.328757;451.573126
458.521553;454.625209;462.588712;451.524926
461.558951;453.962278;458.899207;450.545068
458.002828;453.833179;463.019282;450.799927
456.162746;453.661947;465.601731;450.916493
459.473300;453.922214;462.566988;450.971386
457.551401;456.824442;464.493873;448.412891
458.238992;458.515702;461.075642;447.644570
455.587078;459.300377;461.641909;449.431149
452.690612;459.484342;461.766654;452.753588
450.073818;460.289900;461.481323;455.704968
449.892946;461.281886;458.605335;458.614678
449.858892;462.596267;455.576876;461.054087
453.007724;462.288775;448.673418;463.245164
447.586200;464.444004;451.596595;464.010131
443.462955;466.604688;452.956806;465.073301
442.324427;468.381825;451.878939;466.080808
448.131104;467.568647;443.896808;466.822516
440.897448;469.821667;449.364256;466.888431
438.194595;471.207371;451.635101;466.874918
439.603819;471.894241;449.812950;467.530744
440.231624;472.540996;449.014275;468.044995
444.649095;470.264166;446.039484;467.122215
441.143847;471.149017;449.746344;466.818085
436.788353;472.149074;454.129844;466.783893
443.612435;470.699459;449.696414;466.654984
452.471483;466.672254;443.854824;465.241741
447.296942;467.275794;450.476864;464.122108
447.776149;466.619039;451.853365;463.309530
448.324000;465.970957;453.498356;462.427245
449.461281;465.310220;454.214566;461.775943
451.295986;462.024536;456.033900;459.242559
448.887817;462.406039;459.390272;458.534564
450.140771;461.854886;459.834756;457.852048
452.924386;461.272667;458.511868;457.651927
472.508976;455.834757;442.369674;456.237492
454.126474;458.307505;461.525436;454.774531
454.091190;458.035212;462.543254;454.317247
454.791575;458.039421;462.522025;454.293133
454.243204;458.114846;463.746769;454.261755
454.326626;458.263021;464.171372;454.380883
462.477904;455.028702;458.241360;452.520748
458.584839;455.712704;462.222613;452.396855
456.661622;456.149509;463.974151;452.544260
455.064578;456.494784;465.685610;452.758793
458.208136;456.225932;463.017141;452.829318
462.556467;454.135352;459.665721;451.240753
455.109004;455.194827;466.406956;451.640034
455.712072;455.226956;465.893991;451.802176
455.861774;455.426863;466.037026;451.993227
471.063924;453.890111;450.392107;450.826330
456.832229;454.570645;464.949797;450.639482
455.856976;454.960717;466.080320;450.726900
457.212894;455.395215;464.564065;451.231109
457.980931;455.613398;464.016378;451.450922
458.965173;455.106022;462.508751;450.818573
456.336385;455.377784;464.800110;451.228150
455.558803;455.653344;465.394200;451.596918
457.657054;456.039058;462.802372;452.310040
457.835473;456.368769;462.333717;452.783395
461.326000;456.207171;457.460567;452.613035
454.688186;460.697157;462.846674;449.840463
451.977185;462.560649;462.982015;450.969768
450.787559;463.220100;460.782634;454.542077
447.802296;465.100058;459.681469;457.789344
450.259300;464.428903;452.603510;461.525628
444.809444;466.486226;453.511424;464.728299
441.751805;468.784292;452.691308;467.106027
442.066469;470.624794;448.492646;469.801453
463.336624;466.423922;425.105156;473.243199
443.718143;471.878451;440.978884;472.678189
452.331166;467.754485;436.381124;470.542438
433.310674;473.885074;451.218796;470.325365
430.154877;476.067496;451.626087;470.873445
428.907320;478.108092;450.960290;471.933990
432.483022;476.401104;449.005429;471.369701
433.318000;477.317806;448.667731;471.271601
435.233461;477.860761;447.160426;471.965098
437.665755;477.951354;445.732212;472.347701
439.161532;478.281773;445.263730;472.787577
444.088241;475.848663;443.556762;472.317439
451.592403;468.896446;442.025378;468.496518
447.090208;469.934014;448.836052;466.822983
444.342507;469.969331;453.699431;465.548809
446.097169;468.885806;454.664847;464.498409
450.036825;466.992505;454.053088;463.331790
453.408817;461.328749;456.914985;458.633406
449.347608;462.853779;462.204740;457.665371
450.383659;462.251599;463.009706;456.947388
450.962207;462.089080;464.057969;456.673172
462.599723;455.337103;456.450928;453.946426
452.683380;457.965828;466.528518;453.106135
456.175057;457.371723;464.350703;453.073114
456.468210;457.342019;465.055142;452.960067
456.726152;457.968273;464.944316;453.530483
475.827036;451.096208;448.524203;451.394268
459.709731;453.941862;464.226864;450.366506
455.899814;455.452680;467.730017;450.811732
454.183631;456.396625;468.894434;451.388453
456.263913;457.187411;465.978084;452.593531
455.535372;454.884003;467.489850;450.403346
454.938555;456.098874;467.145952;451.404711
455.285616;456.553629;466.258667;451.975941
455.005902;457.280117;466.021764;452.686976
476.845342;453.002588;443.842542;451.605735
458.494723;455.604354;462.032570;451.596710
455.596048;456.478368;464.263181;452.051148
452.402781;457.406963;466.811287;452.709310
453.132080;457.866975;465.795210;453.287624
453.031475;458.489493;465.708550;453.980199
458.144976;456.507177;460.312903;452.594310
454.604947;457.306839;463.664020;453.069083
451.661163;457.813398;466.533394;453.438266
451.330624;458.227137;467.121536;453.926760
456.725174;458.250571;462.082011;454.245218
458.765691;456.473837;459.834562;452.652254
456.141917;456.705349;462.962568;452.911096
454.515020;456.784303;465.316018;452.809752
453.823217;456.950723;466.923709;452.740747
455.939369;456.962166;465.874368;452.586327
460.213554;456.886327;462.084657;452.447228
465.363372;455.649469;455.816833;450.672880
459.927060;455.364909;462.272075;451.015745
460.220533;454.729912;462.591080;451.120116
463.218351;454.341943;459.854181;451.354373
470.033621;453.053136;453.266669;451.544535
472.278874;456.865078;450.471765;446.833932
456.330167;457.707585;467.477598;446.314052
450.073047;457.228115;473.015945;447.890674
449.903436;457.045260;472.896433;449.427228
452.235738;457.088385;470.210984;451.224303
473.822909;457.693333;445.978076;452.841108
455.156842;457.235820;463.210580;454.904345
452.392168;458.116733;464.563990;456.066319
452.088390;459.008259;463.597371;457.191232
452.071021;460.062134;462.455570;458.148591
457.312217;460.566587;453.397483;458.293039
453.050275;461.712114;456.431152;458.528620
447.696414;462.880083;460.725108;459.103749
449.479245;463.671687;458.002963;459.499539
451.688937;463.450405;452.399999;459.260642
447.178384;464.138562;456.296368;459.739683
445.232345;464.471891;458.174037;460.064184
447.328125;464.682541;456.012175;460.452136
459.955282;463.367693;441.277660;460.169306
445.935256;464.355775;455.752813;460.292503
445.370616;464.510370;456.664646;460.441677
447.145937;464.453943;456.005793;460.353095
445.989915;464.856318;457.874844;460.508400
450.983471;464.468338;453.583264;460.498121
453.296631;462.615164;450.544635;459.181817
448.730503;463.043362;455.904307;458.986811
444.188851;463.359130;461.373554;458.878634
448.779297;462.994907;457.591438;458.851801
463.724771;459.928892;441.328512;457.374679
447.912642;461.146948;458.187242;457.239701
446.307767;461.546346;460.545383;457.251298
449.204380;461.446975;458.649707;457.203047
449.333622;461.717440;459.377391;457.421123
452.993823;459.886871;455.582078;456.044821
451.353333;460.261770;457.831465;456.045658
448.355056;460.569965;461.307355;456.156063
445.043361;461.353228;464.963495;456.592375
452.051422;461.151034;458.648015;456.775586
445.106720;461.416845;464.516211;456.772290
452.146641;459.235484;456.896510;455.305678
452.189035;459.647043;457.245811;455.502519
449.408987;460.184615;460.265531;455.741505
448.673880;460.711835;461.373813;456.147600
472.297709;457.607524;436.759387;455.104697
451.970730;459.555534;457.792570;455.372312
449.318582;460.070122;460.466125;455.550182
449.678183;460.482881;460.315368;455.900148
451.747373;460.646428;458.445214;456.146342
452.097958;460.917066;458.252598;456.409054
455.293060;459.118351;454.511951;455.094098
449.693325;459.912646;459.926398;455.175499
448.300647;460.241636;461.148092;455.498642
445.544742;460.995193;463.795643;455.959625
446.231095;461.658773;463.152553;456.522541
470.400052;458.685399;438.330889;455.942718
454.891859;459.965857;453.935622;455.728944
451.044050;460.548255;457.539045;455.776973
449.245039;461.081363;458.913200;456.104624
449.451009;461.511667;458.387536;456.470363
472.116125;458.205510;435.581841;456.122059
447.625496;461.177359;458.879324;456.214822
444.398420;462.116433;461.062116;456.601475
446.227719;462.772752;458.637741;457.257535
463.018559;459.648384;442.181373;457.096406
446.049460;462.509607;456.960683;457.009923
446.715250;463.622103;455.444031;457.600694
446.645293;464.961238;454.430075;458.252222
467.247381;462.209657;433.886307;459.325016
452.651533;467.469652;445.583870;457.966217
444.754992;460.586854;452.210175;466.317061
442.703930;459.096936;454.337503;467.703061
444.616151;458.295867;454.919129;466.857292
451.140008;456.654654;454.739518;462.961840
448.763830;458.794749;461.214525;457.397064
449.412476;459.088817;465.172781;453.523430
454.044415;458.783424;466.116500;449.811632
458.209839;457.286813;467.478790;446.999860
475.895556;456.800145;455.413813;443.037504
463.887243;451.785360;471.613484;443.541903
465.845129;448.618444;474.162890;442.457237
468.575772;446.074357;475.927937;441.320197
469.886503;443.285113;479.057123;440.229280
473.210906;442.296098;478.031124;439.620592
474.546827;441.792755;477.642447;438.855886
472.914115;439.500381;482.054951;438.288573
474.376884;438.931884;482.812930;437.267712
475.145126;438.309519;484.178482;436.595326
476.002216;438.688361;483.729053;436.762669
478.257798;439.005459;482.415410;436.292549
478.975268;442.746490;476.481854;437.219860
474.830557;441.357070;481.207039;438.448974
470.935334;439.468677;486.628019;439.324518
473.752521;441.443253;482.433142;439.698922
476.722065;446.068412;472.283678;440.986907
471.397996;444.606761;478.111360;442.520528
470.002039;444.301944;480.036750;443.315469
470.929913;445.808701;477.935203;444.014491
470.870409;446.559223;476.730009;444.716346
468.741305;451.388395;469.982182;447.390168
464.124628;449.233351;476.214599;448.909059
465.101779;450.837842;473.433902;449.492748
465.334072;451.777239;472.480048;450.029438
462.017500;456.116268;466.188036;453.096357
459.677345;455.818165;468.080424;454.368804
456.264919;454.193947;473.642898;455.012356
459.497307;455.851151;469.286212;454.924633
461.749238;460.910587;456.501133;456.604511
456.849088;460.025779;462.087449;458.030499
456.288113;460.790658;461.547351;458.601333
455.359443;461.171299;462.077960;459.113863
455.409453;461.424848;461.894694;459.286947
467.584753;467.689565;437.833437;459.254907
460.459204;470.654383;435.657641;462.693553
442.920707;466.025955;458.148705;465.535318
439.252581;464.515875;463.174980;465.344440
442.253571;463.982623;463.006541;463.835978
444.816723;463.878237;462.504951;462.934549
446.217172;465.477554;457.004722;463.525929
447.842332;464.454755;458.405309;462.754680
450.687296;463.864079;458.219988;461.529915
452.506318;463.273092;458.757024;460.774239
455.755686;463.111362;456.747592;460.079566
457.467562;464.264355;448.794152;460.255259
452.552647;462.850598;456.047062;460.492174
452.384253;462.050882;457.703482;459.687682
452.217087;461.663543;458.913835;459.246928
452.840789;461.425468;459.111393;458.815414
467.993037;463.797796;436.865185;457.690959
454.017030;462.108697;453.593840;458.679859
449.747089;461.146353;459.317471;458.585424
448.403430;460.729440;461.838325;458.317716
448.960030;460.427626;462.538500;457.945558
453.108933;461.600863;454.036384;457.990455
449.837664;460.886671;458.610260;458.001808
446.837618;460.195464;463.186400;457.862645
449.221387;460.157213;461.853181;457.456287
449.960132;459.946565;461.471265;457.110904
453.274645;460.760313;454.751872;456.929502
449.590918;460.549708;459.603844;457.004145
451.394394;460.722174;457.936433;456.855569
451.217783;460.883102;458.416566;456.905049
465.050122;461.763005;440.634544;456.979741
453.592680;461.694628;452.609644;457.552449
450.179244;461.935022;455.752240;458.036711
448.213264;462.434061;457.228650;458.501126
447.704355;463.019775;457.176203;459.066230
451.605916;463.659953;449.950010;459.857572
444.211865;460.626135;457.360053;463.545458
443.608284;460.254830;459.272303;463.154003
443.700161;460.151937;461.401565;462.255340
448.987772;460.465307;458.998716;460.412151
460.795514;460.823401;446.379160;457.086668
452.322469;459.854704;458.874016;455.541283
455.346182;459.222361;458.894937;453.850109
456.762762;458.317771;460.600773;452.513622
458.132160;457.156727;462.042553;451.471751
460.608562;456.338612;459.062827;450.119870
458.296665;454.815887;463.416386;450.369629
456.412291;453.560094;467.617791;450.156335
457.808697;452.898767;468.095274;449.776262
474.755218;454.603646;447.107356;448.635826
457.964157;452.162292;468.027215;449.432664
458.990034;452.450124;467.224942;449.547059
460.284002;452.754845;466.223569;449.690902
459.968056;453.102071;466.725362;449.996899
459.610428;453.455894;467.583340;450.397470
466.424064;455.013638;454.527324;450.132985
456.458480;455.178173;464.554023;451.791913
454.270524;455.698172;466.067174;452.446989
453.687648;456.320190;466.300452;453.079679
455.563623;457.150780;463.721838;453.656550
467.876849;459.107777;444.999407;453.700960
451.366692;458.787269;462.529922;455.259891
450.436083;459.194313;463.061116;455.821575
450.762872;459.791900;462.281648;456.266017
450.735835;460.317399;462.441253;456.812627
452.411003;461.144389;455.808831;457.024336
453.054255;461.608599;454.904786;457.424279
447.762401;461.745499;460.390930;457.982563
447.200151;462.044097;461.391427;458.326706
462.624671;462.911877;441.103371;457.834583
449.979548;462.803542;454.766768;458.573385
447.313382;462.674919;458.153126;458.721280
444.107540;462.905720;462.256142;458.899245
448.278742;463.195394;458.629034;458.947469
452.984723;463.322404;450.851639;458.745490
448.297692;463.310664;456.466974;458.836064
447.797103;463.529921;457.409321;459.074942
448.802314;463.758553;456.576819;459.150589
469.506350;462.884493;433.152747;458.890423
447.774737;463.690034;456.000857;459.348338
447.011545;464.106311;456.664992;459.495737
445.314835;464.749259;458.278296;459.802963
445.492052;465.563743;457.926696;460.177491
443.502473;466.552280;459.494459;460.631014
450.870220;465.585583;449.813779;460.111770
448.247932;467.569993;451.356315;460.265163
448.276082;469.580912;449.536530;460.560186
445.090372;461.580701;451.381677;469.449508
448.719298;459.587216;449.845904;468.778595
450.079019;456.333750;451.924597;467.158247
449.933677;457.040111;456.582263;462.807200
447.281040;457.612110;465.029921;457.745888
453.332440;457.978805;465.367582;452.388580
461.304063;458.927445;460.609253;448.666903
460.348620;455.988847;470.672242;443.777409
461.762416;452.496421;476.020934;441.830355
464.619432;448.376273;480.152314;439.975707
470.949935;445.441311;478.541254;439.384080
475.360862;442.671044;479.252914;437.784868
479.540862;442.098623;475.984849;436.617801
477.369034;437.911694;482.737989;436.295869
477.712759;437.085594;483.997986;436.004554
478.615445;435.632077;486.209004;434.889244
481.028639;435.491607;485.686314;433.687885
483.975053;438.778538;479.147130;433.160580
479.077796;435.693167;486.350729;434.130089
478.164551;436.031049;486.989012;434.828815
479.028066;436.034438;487.073870;434.711699
489.186091;446.797861;465.162065;434.468445
478.351626;441.845920;478.836271;437.139942
474.086417;441.720965;481.553006;439.642247
472.467115;441.442998;483.196381;440.739407
472.408306;442.063864;482.717713;441.447008
474.048415;444.319202;478.706785;442.128082
471.496791;450.943732;468.754876;445.613832
467.259471;451.147022;470.458713;448.413463
462.965915;450.789001;474.144021;450.039044
461.920668;451.137313;474.629287;450.995139
463.840609;453.275703;470.321480;451.618566
465.166700;460.535841;455.034070;454.141899
456.568194;459.042301;463.315842;457.286787
454.947890;459.731505;463.542640;458.279555
454.382145;461.070420;461.770912;459.287210
454.105165;462.186073;460.250294;460.126770
453.331158;462.508721;460.731496;460.692027
454.267255;466.736687;449.247855;462.705884
451.228138;466.827388;451.452534;463.717142
447.985839;466.332005;455.024846;464.286603
446.400959;466.087763;456.958460;464.557439
455.065451;470.526603;439.416419;465.148857
446.691656;468.603865;449.690550;465.798637
445.363999;468.182571;451.748576;465.764912
443.490915;467.582234;454.900569;465.550652
