-0.290958;0.096535;0.627847;10.024654;0
-0.283235;0.104746;0.633690;10.024654;0
-0.274561;0.104534;0.633690;10.024654;0
-0.262181;0.084024;0.639025;10.024654;0
-0.252249;0.071105;0.639025;10.024654;0
-0.242117;0.068457;0.643847;10.024654;0
-0.231433;0.072314;0.643847;10.024654;0
-0.220662;0.070213;0.643847;10.024654;0
-0.209535;0.071591;0.648174;10.024654;0
-0.194554;0.081875;0.648174;10.024654;0
-0.183862;0.095413;0.652043;10.024654;0
-0.172541;0.109167;0.652043;10.024654;0
-0.161655;0.108009;0.655516;10.024654;0
-0.148800;0.102246;0.655516;10.024654;0
-0.136262;0.100781;0.658678;10.024654;0
-0.125712;0.107457;0.658678;10.024654;0
-0.115406;0.109116;0.661636;10.024654;0
-0.105611;0.102647;0.661636;10.024654;0
-0.096195;0.095549;0.661636;10.024654;0
-0.084181;0.091598;0.664519;10.024654;0
-0.075468;0.089828;0.664519;10.024654;0
-0.067284;0.079111;0.667474;10.024654;0
-0.059487;0.071765;0.667474;10.024654;0
-0.051927;0.074679;0.670663;10.024654;0
-0.042498;0.093273;0.670663;10.024654;0
-0.035786;0.105347;0.674261;10.024654;0
-0.029248;0.103048;0.674261;10.024654;0
-0.023136;0.095527;0.678445;10.024654;0
-0.017202;0.090784;0.678445;10.024654;0
-0.009797;0.095034;0.683392;10.024654;0
-0.004522;0.094571;0.683392;10.024654;0
0.000552;0.080868;0.689269;10.024654;0
0.005323;0.066719;0.689269;10.024654;0
0.010052;0.059983;0.696223;10.024654;0
0.015945;0.068550;0.696223;10.024654;0
0.020227;0.076480;0.704372;10.024654;0
0.024356;0.071351;0.704372;10.024654;0
0.028174;0.065328;0.713801;10.024654;0
0.031888;0.064621;0.713801;10.024654;0
0.036544;0.077127;0.724547;10.024654;0
0.040092;0.087420;0.724547;10.024654;0
0.043676;0.089470;0.736599;10.024654;0
0.047304;0.083481;0.736599;10.024654;0
0.051143;0.077702;0.736599;10.024654;0
0.056938;0.076890;0.749890;10.024654;0
0.062487;0.084276;0.749890;10.024654;0
0.069521;0.088926;0.764294;10.024654;0
-1.000000;0.077247;0.764294;10.024654;0
-1.000000;0.079768;0.779629;10.024654;0
-1.000000;0.085851;0.779629;10.024654;0
-1.000000;0.097999;0.779629;10.024654;0
-1.000000;0.100321;0.795675;10.024654;0
-1.000000;0.101853;0.795675;10.024654;0
-1.000000;0.105690;0.795675;10.024654;0
-1.000000;0.114735;0.812197;10.024654;0
-1.000000;0.120989;0.812197;10.024654;0
-1.000000;0.119991;0.828962;10.024654;0
-1.000000;0.118298;0.828962;10.024654;0
-1.000000;0.120048;0.828962;10.024654;0
-1.000000;0.128762;0.845741;10.024654;0
-1.000000;0.140209;0.845741;10.024654;0
-1.000000;0.147028;0.845741;10.024654;0
-1.000000;0.146470;0.845741;10.024654;0
-1.000000;0.144224;0.862316;10.024654;0
-0.983960;0.145538;0.862316;10.024654;0
-0.965588;0.150812;0.862316;10.024654;0
-0.946420;0.151511;0.878487;10.024654;0
-0.925290;0.146909;0.878487;10.024654;0
-0.896168;0.146314;0.878487;10.024654;0
-0.873136;0.151847;0.894071;10.024654;0
-0.849234;0.155829;0.894071;10.024654;0
-0.825418;0.151110;0.894071;10.024654;0
-0.800385;0.147817;0.894071;10.024654;0
-0.767922;0.147769;0.908905;10.024654;0
-0.742265;0.142750;0.908905;10.024654;0
-0.717079;0.137260;0.908905;10.024654;0
-0.692516;0.137633;0.922852;10.024654;0
-0.667234;0.145127;0.922852;10.024654;0
-0.639399;0.155220;0.922852;10.024654;0
-0.608981;0.154071;0.922852;10.024654;0
-0.584643;0.148137;0.935794;10.024654;0
-0.560359;0.146277;0.935794;10.024654;0
-0.537391;0.148984;0.935794;10.024654;0
-0.507157;0.157024;0.947638;10.024654;0
-0.484687;0.156356;0.947638;10.024654;0
-0.462314;0.145809;0.947638;10.024654;0
-0.441018;0.137213;0.947638;10.024654;0
-0.420038;0.132676;0.958313;10.024654;0
-0.393764;0.128743;0.958313;10.024654;0
-0.374585;0.119394;0.958313;10.024654;0
-0.355802;0.110163;0.967770;10.024654;0
-0.337743;0.107759;0.967770;10.024654;0
-0.320332;0.112652;0.967770;10.024654;0
-0.298246;0.124942;0.967770;10.024654;0
-0.282004;0.128113;0.975981;10.024654;0
-0.266850;0.117531;0.975981;10.024654;0
-0.252532;0.106049;0.975981;10.024654;0
-0.233758;0.099346;0.975981;10.024654;0
-0.220095;0.100547;0.982938;10.024654;0
-0.206882;0.092684;0.982938;10.024654;0
-0.194405;0.082823;0.982938;10.024654;0
-0.181969;0.078285;0.988652;10.024654;0
-0.166452;0.085987;0.988652;10.024654;0
-0.155108;0.098078;0.988652;10.024654;0
-0.144055;0.101905;0.988652;10.024654;0
-0.133348;0.095050;0.993149;10.024654;0
-0.119923;0.084775;0.993149;10.024654;0
-0.110166;0.083302;0.993149;10.024654;0
-0.100519;0.087629;0.996471;10.024654;0
-0.091114;0.091252;0.996471;10.024654;0
-0.079109;0.076144;0.996471;10.024654;0
-0.070367;0.061166;0.996471;10.024654;0
-0.061972;0.036058;0.998675;10.024654;0
-0.053910;0.015182;0.998675;10.024654;0
-0.046157;0.005718;0.998675;10.024654;0
-0.036392;-0.001671;0.998675;10.024654;0
-0.029256;0.007428;0.998675;10.024654;0
-0.022787;0.028302;0.998675;10.024654;0
-0.016340;0.059450;0.998675;10.024654;0
-0.008240;0.090523;0.999826;10.024654;0
-0.002176;0.102394;0.999826;10.024654;0
0.003549;0.113328;0.999826;10.024654;0
0.008849;0.124784;0.999826;10.024654;0
0.015809;0.131093;1.000000;10.024654;0
0.020940;0.115705;1.000000;10.024654;0
0.025777;0.098146;1.000000;10.024654;0
0.030468;0.085758;0.999278;10.024654;0
0.034907;0.081735;0.999278;10.024654;0
0.039139;0.075126;0.999278;10.024654;0
0.044339;0.060584;0.999278;10.024654;0
0.048076;0.056888;0.997747;10.024654;0
0.051471;0.062551;0.997747;10.024654;0
0.054784;0.070268;0.997747;10.024654;0
0.059126;0.064694;0.992609;10.024654;0
0.062591;0.060495;0.992609;10.024654;0
0.066141;0.059235;0.992609;10.024654;0
0.070124;0.061037;0.992609;10.024654;0
-0.024861;0.083995;0.989178;10.024654;0
-0.027147;0.079845;0.989178;10.024654;0
-0.028984;0.068535;0.989178;10.024654;0
-0.030930;0.062253;0.985271;10.024654;0
-0.032974;0.064831;0.985271;10.024654;0
-0.035004;0.076157;0.985271;10.024654;0
-0.037589;0.085825;0.985271;10.024654;0
-0.039375;0.086753;0.980931;10.024654;0
-0.041064;0.091068;0.980931;10.024654;0
-0.042649;0.100743;0.980931;10.024654;0
-0.044076;0.111825;0.976177;10.024654;0
-0.045614;0.110320;0.976177;10.024654;0
-0.046582;0.110490;0.976177;10.024654;0
-0.047401;0.117077;0.976177;10.024654;0
-0.048087;0.129556;0.971009;10.024654;0
-0.048538;0.129856;0.971009;10.024654;0
-0.048897;0.121670;0.971009;10.024654;0
-0.049057;0.121719;0.965413;10.024654;0
-0.049162;0.128783;0.965413;10.024654;0
-0.049225;0.141493;0.965413;10.024654;0
-0.049200;0.151929;0.965413;10.024654;0
-0.048957;0.144283;0.959372;10.024654;0
-0.048731;0.138356;0.959372;10.024654;0
-0.048530;0.139724;0.959372;10.024654;0
-0.048364;0.148930;0.952867;10.024654;0
-0.048236;0.163120;0.952867;10.024654;0
-0.048032;0.173685;0.952867;10.024654;0
-0.047804;0.164881;0.945888;10.024654;0
-0.047609;0.156225;0.945888;10.024654;0
-0.047490;0.152801;0.945888;10.024654;0
-0.047453;0.156307;0.938431;10.024654;0
-0.047461;0.158247;0.938431;10.024654;0
-0.047439;0.150140;0.938431;10.024654;0
-0.047477;0.145937;0.930512;10.024654;0
-0.047674;0.151682;0.930512;10.024654;0
-0.047859;0.153227;0.930512;10.024654;0
-0.048011;0.140324;0.922162;10.024654;0
-0.048216;0.130450;0.922162;10.024654;0
-0.048519;0.133175;0.922162;10.024654;0
-0.048873;0.142652;0.913438;10.024654;0
-0.049285;0.135138;0.913438;10.024654;0
-0.049667;0.129982;0.954158;10.024654;0
-0.050138;0.132233;0.954158;10.024654;0
-0.050706;0.141600;0.954158;10.024654;0
-0.051311;0.152179;0.948476;10.024654;0
-0.052021;0.141840;0.948476;10.024654;0
-0.052608;0.131577;0.948476;10.024654;0
-0.053287;0.126693;0.948476;10.024654;0
-0.054080;0.130010;0.885928;10.024654;0
-0.055284;0.146262;0.885928;10.024654;0
-0.056224;0.153909;0.876744;10.024654;0
-0.057071;0.141739;0.876744;10.024654;0
-0.058040;0.124991;0.876744;10.024654;0
-0.059087;0.116205;0.867827;10.024654;0
-0.060240;0.120343;0.867827;10.024654;0
-0.061893;0.129075;0.859369;10.024654;0
-0.063137;0.118778;0.859369;10.024654;0
-0.064537;0.107161;0.851575;10.024654;0
-0.066079;0.103653;0.851575;10.024654;0
-0.067824;0.108420;0.844652;10.024654;0
-0.070379;0.121034;0.844652;10.024654;0
-0.072493;0.122939;0.838798;10.024654;0
-0.074756;0.106450;0.838798;10.024654;0
-0.077436;0.088430;0.834197;10.024654;0
-0.080559;0.080865;0.834197;10.024654;0
-0.084196;0.081163;0.830997;10.024654;0
-0.089912;0.074222;0.830997;10.024654;0
-0.095495;0.067848;0.829305;10.024654;0
-0.102709;0.070986;0.829305;10.024654;0
0.544486;0.043510;0.829168;10.024654;0
0.557114;0.048490;0.829168;10.024654;0
0.574936;0.032132;0.830567;10.024654;0
0.588458;0.023792;0.830567;10.024654;0
0.602908;0.025955;0.833414;10.024654;0
0.617286;0.038840;0.833414;10.024654;0
0.631838;0.060698;0.837576;10.024654;0
0.650060;0.075184;0.837576;10.024654;0
0.662941;0.079882;0.842878;10.024654;0
0.675317;0.085343;0.842878;10.024654;0
0.686975;0.093474;0.849114;10.024654;0
0.700420;0.111498;0.849114;10.024654;0
0.709206;0.117202;0.856056;10.024654;0
0.716149;0.117486;0.856056;10.024654;0
0.721541;0.120287;0.856056;10.024654;0
0.725342;0.127727;0.863464;10.024654;0
0.727173;0.128344;0.871093;10.024654;0
0.726818;0.117250;0.871093;10.024654;0
0.724695;0.114687;0.878701;10.024654;0
0.720946;0.120211;0.878701;10.024654;0
0.715627;0.131414;0.878701;10.024654;0
0.705741;0.152703;0.886055;10.024654;0
0.696240;0.158599;0.886055;10.024654;0
0.685416;0.157162;0.892937;10.024654;0
0.673137;0.156414;0.892937;10.024654;0
0.658731;0.160813;0.892937;10.024654;0
0.639996;0.157767;0.899145;10.024654;0
0.624047;0.148328;0.899145;10.024654;0
0.607551;0.145140;0.899145;10.024654;0
0.590530;0.152278;0.904501;10.024654;0
0.572962;0.166504;0.904501;10.024654;0
0.549642;0.181647;0.908849;10.024654;0
0.531620;0.177529;0.908849;10.024654;0
0.513260;0.167670;0.908849;10.024654;0
0.494735;0.164432;0.912057;10.024654;0
0.476348;0.175242;0.912057;10.024654;0
0.452159;0.193437;0.914019;10.024654;0
0.433851;0.188501;0.914019;10.024654;0
0.416254;0.181000;0.914019;10.024654;0
0.398802;0.180175;0.914657;10.024654;0
0.381765;0.186506;0.914657;10.024654;0
0.360501;0.190734;0.914657;10.024654;0
0.344541;0.175540;0.913918;10.024654;0
0.329383;0.158527;0.913918;10.024654;0
0.315255;0.149391;0.911777;10.024654;0
0.301560;0.151287;0.911777;10.024654;0
0.285602;0.156813;0.911777;10.024654;0
0.272627;0.143245;0.908235;10.024654;0
0.261736;0.133373;0.908235;10.024654;0
0.251137;0.132696;0.903322;10.024654;0
0.241356;0.135662;0.903322;10.024654;0
0.229459;0.117892;0.903322;10.024654;0
0.221324;0.106351;0.897094;10.024654;0
0.213977;0.106158;0.897094;10.024654;0
0.207053;0.118915;0.889636;10.024654;0
0.200801;0.131918;0.889636;10.024654;0
0.195271;0.124191;0.881061;10.024654;0
0.189135;0.105273;0.881061;10.024654;0
0.185572;0.097881;0.881061;10.024654;0
0.182818;0.099181;0.871511;10.024654;0
0.181147;0.104140;0.871511;10.024654;0
0.181458;0.088945;0.861155;10.024654;0
0.184313;0.071943;0.861155;10.024654;0
0.190192;0.058198;0.861155;10.024654;0
0.478212;0.104484;0.850192;10.024654;0
0.473420;0.093642;0.850192;10.024654;0
0.467897;0.053147;0.838841;10.024654;0
0.464663;0.027063;0.838841;10.024654;0
0.462399;0.019492;0.827310;10.024654;0
0.460860;0.033267;0.827310;10.024654;0
0.459450;0.066123;0.827310;10.024654;0
0.458673;0.078819;0.815799;10.024654;0
0.458026;0.083788;0.815799;10.024654;0
0.457483;0.069860;0.815799;10.024654;0
0.457118;0.050924;0.804494;10.024654;0
0.456645;0.034688;0.804494;10.024654;0
0.455874;0.018941;0.793568;10.024654;0
0.454662;0.025298;0.793568;10.024654;0
0.452608;0.055781;0.783182;10.024654;0
0.449821;0.097499;0.783182;10.024654;0
0.444758;0.134245;0.783182;10.024654;0
0.439576;0.155279;0.773478;10.024654;0
0.433331;0.174019;0.773478;10.024654;0
0.425936;0.193432;0.764587;10.024654;0
0.417169;0.207255;0.764587;10.024654;0
0.404236;0.195961;0.756619;10.024654;0
0.393520;0.181764;0.756619;10.024654;0
0.382107;0.172260;0.756619;10.024654;0
0.370646;0.172696;0.749669;10.024654;0
0.354532;0.168679;0.749669;10.024654;0
0.341602;0.155914;0.743810;10.024654;0
0.329021;0.146409;0.743810;10.024654;0
0.316388;0.146393;0.739098;10.024654;0
0.303466;0.157372;0.739098;10.024654;0
0.290734;0.164512;0.735564;10.024654;0
0.273906;0.157286;0.735564;10.024654;0
0.261622;0.154255;0.733223;10.024654;0
0.249365;0.159338;0.733223;10.024654;0
0.237572;0.164995;0.732066;10.024654;0
0.226176;0.154868;0.732066;10.024654;0
0.211671;0.137873;0.732062;10.024654;0
0.201553;0.133693;0.732062;10.024654;0
0.191480;0.136921;0.733161;10.024654;0
0.181798;0.144661;0.733161;10.024654;0
0.172576;0.143348;0.735294;10.024654;0
0.161324;0.128398;0.735294;10.024654;0
0.153324;0.123681;0.738372;10.024654;0
0.145727;0.126074;0.738372;10.024654;0
0.138975;0.121697;0.742290;10.024654;0
0.130631;0.104284;0.742290;10.024654;0
0.124739;0.099002;0.746928;10.024654;0
0.119209;0.104182;0.746928;10.024654;0
0.114143;0.113533;0.752149;10.024654;0
0.109519;0.116045;0.752149;10.024654;0
0.104119;0.103930;0.757806;10.024654;0
0.100654;0.096473;0.757806;10.024654;0
0.097626;0.098329;0.763741;10.024654;0
0.095293;0.103274;0.763741;10.024654;0
0.093876;0.093238;0.769787;10.024654;0
0.093936;0.078097;0.769787;10.024654;0
0.645397;0.093249;0.775768;10.024654;0
0.646625;0.089880;0.775768;10.024654;0
0.648060;0.084841;0.781513;10.024654;0
0.650187;0.075117;0.781513;10.024654;0
0.651970;0.056928;0.786872;10.024654;0
0.654033;0.044413;0.786872;10.024654;0
0.655995;0.045593;0.786872;10.024654;0
0.657414;0.063108;0.791724;10.024654;0
0.657980;0.089773;0.791724;10.024654;0
0.657059;0.108653;0.795970;10.024654;0
0.654952;0.118137;0.795970;10.024654;0
0.651612;0.126609;0.799541;10.024654;0
0.646759;0.138987;0.799541;10.024654;0
0.640250;0.151362;0.799541;10.024654;0
0.628580;0.144716;0.802392;10.024654;0
0.618155;0.136134;0.802392;10.024654;0
0.606005;0.133215;0.804500;10.024654;0
0.592503;0.139755;0.804500;10.024654;0
0.577081;0.154119;0.805870;10.024654;0
0.559929;0.157480;0.805870;10.024654;0
0.534912;0.151392;0.805870;10.024654;0
0.515474;0.151470;0.806527;10.024654;0
0.494225;0.153063;0.806527;10.024654;0
0.472122;0.145350;0.806521;10.024654;0
0.450262;0.134739;0.806521;10.024654;0
0.419298;0.134334;0.806521;10.024654;0
0.395490;0.145919;0.805923;10.024654;0
0.371212;0.164395;0.805923;10.024654;0
0.346977;0.178122;0.804825;10.024654;0
0.322260;0.171757;0.804825;10.024654;0
0.290984;0.158022;0.804825;10.024654;0
0.266909;0.155578;0.803337;10.024654;0
0.243536;0.161186;0.803337;10.024654;0
0.220946;0.163920;0.801586;10.024654;0
0.198649;0.149789;0.801586;10.024654;0
0.169578;0.133552;0.799716;10.024654;0
0.148528;0.132134;0.799716;10.024654;0
0.128062;0.139488;0.797877;10.024654;0
0.108572;0.146142;0.797877;10.024654;0
0.089607;0.135457;0.797877;10.024654;0
0.066119;0.119979;0.796230;10.024654;0
0.049337;0.115594;0.796230;10.024654;0
0.032767;0.117850;0.794933;10.024654;0
0.017077;0.114795;0.794933;10.024654;0
-0.002857;0.099520;0.794143;10.024654;0
-0.017434;0.092481;0.794143;10.024654;0
-0.031746;0.091403;0.794004;10.024654;0
-0.046115;0.095513;0.794004;10.024654;0
-0.064780;0.095183;0.794643;10.024654;0
-0.078908;0.078630;0.794643;10.024654;0
-0.093091;0.065639;0.796159;10.024654;0
-0.107503;0.061686;0.796159;10.024654;0
-0.121988;0.065876;0.798622;10.024654;0
-0.137182;0.074684;0.798622;10.024654;0
-0.158247;0.065612;0.802059;10.024654;0
-0.175767;0.056751;0.802059;10.024654;0
-0.194959;0.055480;0.806454;10.024654;0
-0.217060;0.064256;0.806454;10.024654;0
0.767485;0.050641;0.811739;10.024654;0
0.784377;0.035210;0.811739;10.024654;0
0.798957;0.021240;0.817799;10.024654;0
0.814304;0.016735;0.817799;10.024654;0
0.830675;0.021473;0.824478;10.024654;0
0.847463;0.022198;0.824478;10.024654;0
0.871039;0.024431;0.824478;10.024654;0
0.888753;0.033129;0.831589;10.024654;0
0.905923;0.048540;0.831589;10.024654;0
0.923219;0.066033;0.838927;10.024654;0
0.939349;0.072347;0.838927;10.024654;0
0.959438;0.076100;0.838927;10.024654;0
0.973359;0.080105;0.846276;10.024654;0
0.985770;0.088750;0.846276;10.024654;0
0.996604;0.093391;0.853418;10.024654;0
1.000000;0.092612;0.853418;10.024654;0
1.000000;0.093861;0.853418;10.024654;0
1.000000;0.098051;0.860138;10.024654;0
1.000000;0.104346;0.860138;10.024654;0
1.000000;0.110391;0.860138;10.024654;0
1.000000;0.105333;0.866230;10.024654;0
1.000000;0.100884;0.866230;10.024654;0
1.000000;0.100928;0.866230;10.024654;0
1.000000;0.106631;0.866230;10.024654;0
1.000000;0.115977;0.866230;10.024654;0
0.992912;0.119233;0.866230;10.024654;0
0.982211;0.122928;0.871505;10.024654;0
0.970679;0.130017;0.871505;10.024654;0
0.957492;0.140304;0.871505;10.024654;0
0.943355;0.153812;0.875787;10.024654;0
0.927580;0.162132;0.875787;10.024654;0
0.904974;0.159401;0.875787;10.024654;0
0.886868;0.157160;0.875787;10.024654;0
0.868776;0.158885;0.878921;10.024654;0
0.850016;0.160605;0.878921;10.024654;0
0.823503;0.150386;0.878921;10.024654;0
0.803105;0.146194;0.880776;10.024654;0
0.782874;0.151189;0.880776;10.024654;0
0.761987;0.162579;0.880776;10.024654;0
0.741085;0.174034;0.880776;10.024654;0
0.712845;0.173028;0.881241;10.024654;0
0.691381;0.169059;0.881241;10.024654;0
0.669979;0.168509;0.881241;10.024654;0
0.648254;0.172763;0.880229;10.024654;0
0.627291;0.175959;0.880229;10.024654;0
0.598890;0.161324;0.880229;10.024654;0
0.577889;0.151526;0.880229;10.024654;0
0.557387;0.150045;0.877676;10.024654;0
0.537302;0.151824;0.877676;10.024654;0
0.518375;0.144794;0.877676;10.024654;0
0.493859;0.137189;0.873544;10.024654;0
0.475992;0.139771;0.873544;10.024654;0
0.458937;0.149714;0.873544;10.024654;0
0.441716;0.162832;0.873544;10.024654;0
0.424937;0.162771;0.867819;10.024654;0
0.403544;0.154003;0.867819;10.024654;0
0.388252;0.152770;0.867819;10.024654;0
0.373534;0.158427;0.860512;10.024654;0
0.359328;0.162469;0.860512;10.024654;0
0.345957;0.154493;0.860512;10.024654;0
0.333248;0.145169;0.860512;10.024654;0
0.317227;0.134914;0.851658;10.024654;0
0.306031;0.110164;0.851658;10.024654;0
0.295914;0.086995;0.851658;10.024654;0
0.286627;0.064631;0.841318;10.024654;0
0.275338;0.058312;0.841318;10.024654;0
0.267182;0.074062;0.841318;10.024654;0
0.259407;0.100824;0.829579;10.024654;0
0.251973;0.128204;0.829579;10.024654;0
0.244899;0.140395;0.829579;10.024654;0
0.238163;0.146303;0.816553;10.024654;0
0.229870;0.155189;0.816553;10.024654;0
0.223802;0.166620;0.802380;10.024654;0
0.218041;0.175737;0.802380;10.024654;0
0.212756;0.169035;0.802380;10.024654;0
0.208128;0.156447;0.787226;10.024654;0
0.204357;0.146082;0.787226;10.024654;0
0.200786;0.142460;0.787226;10.024654;0
0.199683;0.138758;0.771286;10.024654;0
0.200385;0.122530;0.771286;10.024654;0
0.203375;0.105745;0.771286;10.024654;0
0.209585;0.096779;0.754785;10.024654;0
0.223506;0.083437;0.754785;10.024654;0
0.217211;0.091299;0.754785;10.024654;0
0.211878;0.090416;0.737967;10.024654;0
0.207552;0.082562;0.737967;10.024654;0
0.204384;0.077620;0.737967;10.024654;0
0.201905;0.081637;0.721078;10.024654;0
0.201250;0.079944;0.721078;10.024654;0
0.201498;0.075012;0.721078;10.024654;0
0.202423;0.075220;0.704354;10.024654;0
0.204314;0.083446;0.704354;10.024654;0
0.206037;0.094750;0.688019;10.024654;0
0.207882;0.097676;0.688019;10.024654;0
0.209601;0.093483;0.688019;10.024654;0
0.211026;0.090283;0.672288;10.024654;0
0.212190;0.096170;0.672288;10.024654;0
0.212333;0.105254;0.657361;10.024654;0
0.211815;0.101507;0.657361;10.024654;0
0.210549;0.094652;0.657361;10.024654;0
0.208465;0.092866;0.643428;10.024654;0
0.204395;0.101956;0.643428;10.024654;0
0.200397;0.106933;0.630660;10.024654;0
0.195591;0.098473;0.630660;10.024654;0
0.190086;0.088118;0.619213;10.024654;0
0.184025;0.084626;0.619213;10.024654;0
0.177222;0.087018;0.619213;10.024654;0
0.167688;0.076965;0.609224;10.024654;0
0.160009;0.070873;0.609224;10.024654;0
0.151957;0.072917;0.600805;10.024654;0
0.143566;0.084460;0.600805;10.024654;0
0.134767;0.097011;0.594048;10.024654;0
0.123205;0.095134;0.594048;10.024654;0
0.114244;0.092612;0.589016;10.024654;0
0.105263;0.094418;0.589016;10.024654;0
0.096466;0.099509;0.585746;10.024654;0
0.087618;0.103465;0.584248;10.024654;0
0.076656;0.091064;0.584248;10.024654;0
0.068534;0.080337;0.584502;10.024654;0
0.060790;0.076597;0.584502;10.024654;0
0.050911;0.077767;0.586465;10.024654;0
0.043607;0.071650;0.586465;10.024654;0
0.036604;0.068047;0.590066;10.024654;0
0.029877;0.071592;0.595216;10.024654;0
0.023636;0.083254;0.595216;10.024654;0
0.017528;0.098585;0.601803;10.024654;0
0.009881;0.112170;0.601803;10.024654;0
0.004481;0.103700;0.609704;10.024654;0
-0.000732;0.091061;0.609704;10.024654;0
-0.005639;0.083868;0.618781;10.024654;0
-0.010470;0.085619;0.618781;10.024654;0
-0.016456;0.083444;0.628884;10.024654;0
-0.020920;0.073120;0.628884;10.024654;0
-0.025436;0.064960;0.639861;10.024654;0
-0.029992;0.063978;0.639861;10.024654;0
-0.036906;0.073509;0.651550;10.024654;0
0.698700;0.067505;0.651550;10.024654;0
0.705684;0.058396;0.663787;10.024654;0
0.713097;0.050333;0.663787;10.024654;0
0.720439;0.052444;0.676411;10.024654;0
0.730125;0.070133;0.676411;10.024654;0
0.736980;0.079715;0.689273;10.024654;0
0.742979;0.089923;0.689273;10.024654;0
0.748081;0.103789;0.702250;10.024654;0
0.751872;0.121861;0.702250;10.024654;0
0.754555;0.145268;0.702250;10.024654;0
0.754431;0.150410;0.715236;10.024654;0
0.752498;0.152360;0.715236;10.024654;0
0.748771;0.157352;0.728140;10.024654;0
0.740801;0.171749;0.728140;10.024654;0
0.732036;0.179808;0.728140;10.024654;0
0.720899;0.174934;0.740891;10.024654;0
0.707807;0.169064;0.740891;10.024654;0
0.692887;0.168534;0.753432;10.024654;0
0.669794;0.178727;0.753432;10.024654;0
0.650661;0.187618;0.753432;10.024654;0
0.629477;0.184396;0.765717;10.024654;0
0.607477;0.179677;0.765717;10.024654;0
0.584515;0.178497;0.777713;10.024654;0
0.552965;0.188845;0.777713;10.024654;0
0.527760;0.197129;0.777713;10.024654;0
0.502047;0.192199;0.789400;10.024654;0
0.476740;0.188278;0.789400;10.024654;0
0.451047;0.190896;0.800763;10.024654;0
0.417898;0.201407;0.800763;10.024654;0
0.393078;0.206414;0.800763;10.024654;0
0.368320;0.196877;0.811799;10.024654;0
0.344807;0.187489;0.811799;10.024654;0
0.321722;0.183574;0.822510;10.024654;0
0.293403;0.188705;0.822510;10.024654;0
0.272984;0.197240;0.822510;10.024654;0
0.252672;0.202794;0.832901;10.024654;0
0.233697;0.190839;0.832901;10.024654;0
0.210278;0.170304;0.842986;10.024654;0
0.193428;0.163084;0.842986;10.024654;0
0.177471;0.167502;0.852775;10.024654;0
0.162341;0.175049;0.852775;10.024654;0
0.148120;0.169063;0.852775;10.024654;0
0.131341;0.159013;0.862283;10.024654;0
0.119486;0.157492;0.862283;10.024654;0
0.108009;0.154886;0.871522;10.024654;0
0.097045;0.137234;0.871522;10.024654;0
0.083319;0.112980;0.880501;10.024654;0
0.073420;0.108284;0.880501;10.024654;0
0.064001;0.117179;0.880501;10.024654;0
0.055127;0.119421;0.889225;10.024654;0
0.043876;0.111049;0.889225;10.024654;0
0.035468;0.109081;0.897693;10.024654;0
0.027166;0.115066;0.897693;10.024654;0
0.018765;0.128345;0.897693;10.024654;0
0.010560;0.143466;0.905898;10.024654;0
0.000056;0.140745;0.905898;10.024654;0
-0.008097;0.131301;0.913821;10.024654;0
-0.016289;0.123208;0.913821;10.024654;0
-0.024720;0.118779;0.921436;10.024654;0
-0.032948;0.113803;0.921436;10.024654;0
-0.041263;0.092703;0.921436;10.024654;0
-0.053080;0.068158;0.928704;10.024654;0
-0.062645;0.061658;0.928704;10.024654;0
-0.072768;0.063487;0.935575;10.024654;0
0.069492;0.077697;0.935575;10.024654;0
0.069173;0.064106;0.935575;10.024654;0
0.069781;0.038533;0.941990;10.024654;0
0.071062;0.026010;0.941990;10.024654;0
0.073006;0.027876;0.947877;10.024654;0
0.075519;0.041968;0.947877;10.024654;0
0.079642;0.061154;0.947877;10.024654;0
0.083213;0.059817;0.953162;10.024654;0
0.087160;0.057981;0.953162;10.024654;0
0.091371;0.061092;0.957767;10.024654;0
0.095683;0.071360;0.957767;10.024654;0
0.101427;0.080667;0.957767;10.024654;0
0.105518;0.083511;0.961618;10.024654;0
0.109658;0.090425;0.961618;10.024654;0
0.113415;0.101768;0.961618;10.024654;0
0.118129;0.105716;0.964643;10.024654;0
0.121340;0.098091;0.964643;10.024654;0
0.124100;0.096628;0.966781;10.024654;0
0.126504;0.105067;0.966781;10.024654;0
0.128600;0.116538;0.966781;10.024654;0
0.130755;0.111202;0.967978;10.024654;0
0.131903;0.108312;0.967978;10.024654;0
0.132708;0.110609;0.967978;10.024654;0
0.133178;0.117313;0.968195;10.024654;0
0.133310;0.129773;0.968195;10.024654;0
0.133006;0.137760;0.968195;10.024654;0
0.132486;0.123789;0.967403;10.024654;0
0.131790;0.107370;0.967403;10.024654;0
0.130979;0.094031;0.967403;10.024654;0
0.130088;0.069434;0.965591;10.024654;0
0.129125;0.042862;0.965591;10.024654;0
0.127949;0.015467;0.965591;10.024654;0
0.127057;0.006119;0.962762;10.024654;0
0.126094;0.020385;0.962762;10.024654;0
0.125028;0.056379;0.958939;10.024654;0
0.123960;0.100203;0.958939;10.024654;0
0.122570;0.130380;0.958939;10.024654;0
0.121491;0.145507;0.954158;10.024654;0
0.120333;0.163157;0.954158;10.024654;0
0.119146;0.183584;0.954158;10.024654;0
0.117908;0.203205;0.948476;10.024654;0
0.116401;0.198259;0.948476;10.024654;0
0.115214;0.181246;0.941966;10.024654;0
0.114157;0.167665;0.941966;10.024654;0
0.113170;0.161584;0.941966;10.024654;0
0.112010;0.154313;0.934717;10.024654;0
0.111308;0.135482;0.934717;10.024654;0
0.110754;0.121778;0.926836;10.024654;0
0.110308;0.119285;0.926836;10.024654;0
0.109935;0.126994;0.926836;10.024654;0
0.109619;0.141456;0.918442;10.024654;0
0.109351;0.145459;0.918442;10.024654;0
0.109323;0.130607;0.909667;10.024654;0
0.109451;0.114507;0.909667;10.024654;0
0.109740;0.105301;0.909667;10.024654;0
0.110223;0.096595;0.900652;10.024654;0
0.111260;0.076779;0.900652;10.024654;0
0.112243;0.067477;0.891546;10.024654;0
0.113433;0.066851;0.891546;10.024654;0
0.114808;0.077096;0.882497;10.024654;0
0.116397;0.089869;0.882497;10.024654;0
0.118404;0.085011;0.882497;10.024654;0
0.121687;0.074299;0.873651;10.024654;0
0.124790;0.076763;0.873651;10.024654;0
0.128522;0.087122;0.865144;10.024654;0
0.133101;0.086339;0.865144;10.024654;0
0.139075;0.072361;0.857099;10.024654;0
0.149557;0.058155;0.857099;10.024654;0
-0.659081;0.007113;0.857099;10.024654;0
-0.677017;-0.004030;0.849613;10.024654;0
-0.695502;-0.023772;0.849613;10.024654;0
-0.715164;-0.041214;0.842758;10.024654;0
-0.742822;-0.044163;0.842758;10.024654;0
-0.764902;-0.029625;0.842758;10.024654;0
-0.786365;-0.005485;0.836575;10.024654;0
-0.808020;0.024657;0.836575;10.024654;0
-0.835973;0.050996;0.831076;10.024654;0
-0.856448;0.058496;0.831076;10.024654;0
-0.875521;0.064571;0.831076;10.024654;0
-0.893350;0.073686;0.826248;10.024654;0
-0.909205;0.078549;0.826248;10.024654;0
-0.923449;0.077179;0.826248;10.024654;0
-0.939409;0.077241;0.822053;10.024654;0
-0.948603;0.081926;0.822053;10.024654;0
-0.955713;0.090207;0.822053;10.024654;0
-0.960299;0.090953;0.818430;10.024654;0
-0.962370;0.090380;0.818430;10.024654;0
-0.961467;0.095858;0.818430;10.024654;0
-0.957917;0.106365;0.815302;10.024654;0
-0.951869;0.115951;0.815302;10.024654;0
-0.943250;0.115652;0.815302;10.024654;0
-0.932222;0.114774;0.815302;10.024654;0
-0.914766;0.121028;0.815302;10.024654;0
-0.898577;0.127136;0.812579;10.024654;0
-0.880620;0.126041;0.812579;10.024654;0
-0.861336;0.126057;0.812579;10.024654;0
-0.840568;0.130336;0.810160;10.024654;0
-0.817987;0.140715;0.810160;10.024654;0
-0.786001;0.151096;0.810160;10.024654;0
-0.760230;0.153869;0.807938;10.024654;0
-0.733467;0.158750;0.807938;10.024654;0
-0.705832;0.166295;0.807938;10.024654;0
-0.677363;0.166477;0.805802;10.024654;0
-0.639726;0.157643;0.805802;10.024654;0
-0.610567;0.153974;0.805802;10.024654;0
-0.581883;0.152066;0.805802;10.024654;0
-0.552805;0.140168;0.803644;10.024654;0
-0.524681;0.128672;0.803644;10.024654;0
-0.496592;0.124660;0.803644;10.024654;0
-0.460468;0.131238;0.801357;10.024654;0
-0.434110;0.142791;0.801357;10.024654;0
-0.408276;0.147878;0.801357;10.024654;0
-0.383139;0.144271;0.798843;10.024654;0
-0.358384;0.139698;0.798843;10.024654;0
-0.327147;0.137474;0.798843;10.024654;0
-0.304797;0.141591;0.796008;10.024654;0
-0.282851;0.143901;0.796008;10.024654;0
-0.261849;0.131121;0.796008;10.024654;0
-0.241875;0.118031;0.792772;10.024654;0
-0.217088;0.111694;0.792772;10.024654;0
-0.199268;0.111908;0.792772;10.024654;0
-0.182583;0.106887;0.789062;10.024654;0
-0.167065;0.099521;0.789062;10.024654;0
-0.152368;0.096179;0.784823;10.024654;0
-0.133295;0.099462;0.784823;10.024654;0
-0.119829;0.106656;0.784823;10.024654;0
-0.107015;0.105993;0.780008;10.024654;0
-0.094877;0.097019;0.780008;10.024654;0
-0.083558;0.091331;0.774588;10.024654;0
-0.069403;0.095869;0.774588;10.024654;0
-0.058868;0.098309;0.774588;10.024654;0
-0.049170;0.090224;0.768549;10.024654;0
-0.039743;0.084482;0.768549;10.024654;0
-0.030735;0.085783;0.768549;10.024654;0
-0.022106;0.093076;0.761891;10.024654;0
-0.011384;0.091844;0.761891;10.024654;0
-0.003614;0.083136;0.761891;10.024654;0
0.003876;0.077502;0.754634;10.024654;0
0.011134;0.077847;0.754634;10.024654;0
0.018215;0.085481;0.754634;10.024654;0
0.027497;0.095480;0.746813;10.024654;0
0.034628;0.088658;0.746813;10.024654;0
0.042156;0.080649;0.738487;10.024654;0
-0.253197;0.074751;0.738487;10.024654;0
-0.254140;0.076737;0.738487;10.024654;0
-0.256339;0.085452;0.729730;10.024654;0
-0.258360;0.081942;0.729730;10.024654;0
-0.260670;0.076304;0.729730;10.024654;0
-0.263190;0.077102;0.720634;10.024654;0
-0.266498;0.093760;0.720634;10.024654;0
-0.268666;0.108277;0.711300;10.024654;0
-0.270253;0.111536;0.711300;10.024654;0
-0.271379;0.114264;0.711300;10.024654;0
-0.271836;0.122435;0.701835;10.024654;0
-0.271119;0.141832;0.701835;10.024654;0
-0.269272;0.154237;0.692359;10.024654;0
-0.266262;0.151402;0.692359;10.024654;0
-0.262144;0.147761;0.692359;10.024654;0
-0.256916;0.149148;0.682996;10.024654;0
-0.248006;0.160481;0.682996;10.024654;0
-0.239893;0.166878;0.673883;10.024654;0
-0.230650;0.158891;0.673883;10.024654;0
-0.220690;0.149104;0.665158;10.024654;0
-0.209964;0.144005;0.665158;10.024654;0
-0.194491;0.151703;0.656970;10.024654;0
-0.182153;0.158713;0.656970;10.024654;0
-0.168849;0.151125;0.656970;10.024654;0
-0.155692;0.140844;0.649469;10.024654;0
-0.142322;0.136419;0.642807;10.024654;0
-0.124148;0.146444;0.642807;10.024654;0
-0.110174;0.153458;0.637133;10.024654;0
-0.096471;0.147507;0.637133;10.024654;0
-0.082675;0.138954;0.632590;10.024654;0
-0.069549;0.134637;0.632590;10.024654;0
-0.052193;0.139416;0.629307;10.024654;0
-0.039269;0.150712;0.629307;10.024654;0
-0.026281;0.159115;0.627399;10.024654;0
-0.013576;0.150437;0.626958;10.024654;0
-0.001373;0.137848;0.626958;10.024654;0
0.014400;0.127768;0.628045;10.024654;0
0.026124;0.119290;0.630691;10.024654;0
0.037658;0.099317;0.630691;10.024654;0
0.049271;0.081796;0.634891;10.024654;0
0.060638;0.076395;0.634891;10.024654;0
0.075928;0.088409;0.640598;10.024654;0
0.087539;0.098654;0.647728;10.024654;0
0.099737;0.103826;0.647728;10.024654;0
0.112342;0.096032;0.656157;10.024654;0
0.125541;0.088524;0.665720;10.024654;0
0.139567;0.084906;0.665720;10.024654;0
0.159298;0.091595;0.676221;10.024654;0
0.176421;0.098314;0.687426;10.024654;0
0.196113;0.090799;0.687426;10.024654;0
0.219573;0.079766;0.699076;10.024654;0
-0.818025;0.041838;0.699076;10.024654;0
-0.832279;0.029177;0.710886;10.024654;0
-0.847384;-0.003300;0.710886;10.024654;0
-0.864375;-0.039813;0.722568;10.024654;0
-0.889021;-0.059308;0.722568;10.024654;0
-0.908964;-0.045144;0.733852;10.024654;0
-0.927716;-0.012743;0.733852;10.024654;0
-0.946469;0.028591;0.733852;10.024654;0
-0.965004;0.061266;0.744488;10.024654;0
-0.987903;0.094318;0.744488;10.024654;0
-1.000000;0.117127;0.754251;10.024654;0
-1.000000;0.138745;0.754251;10.024654;0
-1.000000;0.152663;0.754251;10.024654;0
-1.000000;0.150520;0.762938;10.024654;0
-1.000000;0.139532;0.762938;10.024654;0
-1.000000;0.135535;0.770373;10.024654;0
-1.000000;0.139308;0.770373;10.024654;0
-1.000000;0.148820;0.770373;10.024654;0
-1.000000;0.153958;0.776406;10.024654;0
-1.000000;0.151741;0.776406;10.024654;0
-1.000000;0.152325;0.776406;10.024654;0
-1.000000;0.156732;0.776406;10.024654;0
-1.000000;0.163604;0.780913;10.024654;0
-1.000000;0.165588;0.780913;10.024654;0
-0.992525;0.155967;0.780913;10.024654;0
-0.973657;0.149502;0.783795;10.024654;0
-0.953265;0.148672;0.783795;10.024654;0
-0.930969;0.154893;0.783795;10.024654;0
-0.907916;0.162806;0.783795;10.024654;0
-0.874584;0.158396;0.784978;10.024654;0
-0.848189;0.154516;0.784978;10.024654;0
-0.820522;0.156594;0.784978;10.024654;0
-0.793107;0.163735;0.784413;10.024654;0
-0.763928;0.168050;0.784413;10.024654;0
-0.724789;0.161246;0.784413;10.024654;0
-0.694940;0.158917;0.782077;10.024654;0
-0.665662;0.161964;0.782077;10.024654;0
-0.634922;0.170633;0.782077;10.024654;0
-0.605829;0.172677;0.777971;10.024654;0
-0.567957;0.163694;0.777971;10.024654;0
-0.539067;0.157025;0.777971;10.024654;0
-0.511464;0.155627;0.772121;10.024654;0
-0.485103;0.155946;0.772121;10.024654;0
-0.459537;0.150606;0.772121;10.024654;0
-0.434956;0.141087;0.764576;10.024654;0
-0.403691;0.135585;0.764576;10.024654;0
-0.381538;0.139588;0.764576;10.024654;0
-0.360330;0.144104;0.755412;10.024654;0
-0.339788;0.135868;0.755412;10.024654;0
-0.320391;0.128199;0.755412;10.024654;0
-0.297086;0.130194;0.744728;10.024654;0
-0.279946;0.134326;0.744728;10.024654;0
