-0.256893;0.103613;0.627847;10.024654;0
-0.249902;0.104989;0.633690;10.024654;0
-0.241441;0.088255;0.633690;10.024654;0
-0.235848;0.071394;0.639025;10.024654;0
-0.231049;0.060108;0.639025;10.024654;0
-0.227103;0.059639;0.643847;10.024654;0
-0.223776;0.060044;0.643847;10.024654;0
-0.221181;0.056609;0.643847;10.024654;0
-0.218826;0.058931;0.648174;10.024654;0
-0.217872;0.069079;0.648174;10.024654;0
-0.217543;0.079384;0.652043;10.024654;0
-0.217707;0.076262;0.652043;10.024654;0
-0.218431;0.072804;0.655516;10.024654;0
-0.220302;0.079521;0.655516;10.024654;0
-0.222373;0.095805;0.658678;10.024654;0
-0.224779;0.101885;0.658678;10.024654;0
-0.227410;0.096955;0.661636;10.024654;0
-0.230455;0.089994;0.661636;10.024654;0
-0.234822;0.054296;0.661636;10.024654;0
-0.238492;0.030355;0.664519;10.024654;0
-0.242429;0.006874;0.664519;10.024654;0
-0.246824;-0.004919;0.667474;10.024654;0
-0.251379;0.001390;0.667474;10.024654;0
-0.257882;0.034296;0.670663;10.024654;0
-0.262732;0.062250;0.670663;10.024654;0
-0.267671;0.079331;0.674261;10.024654;0
-0.272821;0.091970;0.674261;10.024654;0
-0.279916;0.110036;0.678445;10.024654;0
-0.285532;0.126466;0.678445;10.024654;0
-0.290903;0.140063;0.683392;10.024654;0
-0.296342;0.138625;0.683392;10.024654;0
-0.301761;0.123121;0.689269;10.024654;0
-0.307152;0.107206;0.689269;10.024654;0
-0.314827;0.093439;0.689269;10.024654;0
-0.320603;0.086584;0.696223;10.024654;0
-0.326599;0.072101;0.696223;10.024654;0
-0.332796;0.060747;0.704372;10.024654;0
-0.341333;0.057907;0.704372;10.024654;0
-0.347779;0.067462;0.713801;10.024654;0
-0.354303;0.078867;0.713801;10.024654;0
-0.360659;0.077926;0.724547;10.024654;0
-0.367491;0.073661;0.724547;10.024654;0
-0.377074;0.074751;0.724547;10.024654;0
-0.384591;0.082219;0.736599;10.024654;0
-0.393265;0.087414;0.736599;10.024654;0
-0.403590;0.078068;0.749890;10.024654;0
-0.416252;0.068167;0.749890;10.024654;0
-0.438587;0.065494;0.749890;10.024654;0
-0.461417;0.066940;0.764294;10.024654;0
-1.000000;0.106108;0.764294;10.024654;0
-1.000000;0.097564;0.779629;10.024654;0
-1.000000;0.093393;0.779629;10.024654;0
-1.000000;0.097629;0.779629;10.024654;0
-0.992731;0.108482;0.795675;10.024654;0
-0.982485;0.116212;0.795675;10.024654;0
-0.971873;0.119376;0.795675;10.024654;0
-0.961500;0.124750;0.812197;10.024654;0
-0.947048;0.136596;0.812197;10.024654;0
-0.935407;0.138943;0.828962;10.024654;0
-0.923518;0.137583;0.828962;10.024654;0
-0.911490;0.138175;0.828962;10.024654;0
-0.898583;0.143053;0.845741;10.024654;0
-0.880699;0.148227;0.845741;10.024654;0
-0.865555;0.141114;0.845741;10.024654;0
-0.850339;0.134542;0.845741;10.024654;0
-0.834575;0.133488;0.862316;10.024654;0
-0.817863;0.137677;0.862316;10.024654;0
-0.795010;0.147550;0.862316;10.024654;0
-0.775960;0.148038;0.878487;10.024654;0
-0.756453;0.142925;0.878487;10.024654;0
-0.736414;0.140702;0.878487;10.024654;0
-0.716624;0.144896;0.894071;10.024654;0
-0.695528;0.151313;0.894071;10.024654;0
-0.666450;0.144104;0.894071;10.024654;0
-0.645142;0.139906;0.908905;10.024654;0
-0.622919;0.141164;0.908905;10.024654;0
-0.600950;0.146180;0.908905;10.024654;0
-0.578791;0.146066;0.908905;10.024654;0
-0.549136;0.136489;0.922852;10.024654;0
-0.527646;0.131935;0.922852;10.024654;0
-0.506021;0.133520;0.922852;10.024654;0
-0.484609;0.129044;0.935794;10.024654;0
-0.463583;0.124664;0.935794;10.024654;0
-0.436477;0.125933;0.935794;10.024654;0
-0.416810;0.133562;0.935794;10.024654;0
-0.396792;0.141326;0.947638;10.024654;0
-0.377163;0.135549;0.947638;10.024654;0
-0.352239;0.120989;0.947638;10.024654;0
-0.334024;0.116761;0.958313;10.024654;0
-0.316656;0.115607;0.958313;10.024654;0
-0.299852;0.106050;0.958313;10.024654;0
-0.279157;0.099130;0.958313;10.024654;0
-0.263442;0.101390;0.967770;10.024654;0
-0.248247;0.108841;0.967770;10.024654;0
-0.233506;0.122039;0.967770;10.024654;0
-0.219128;0.127922;0.975981;10.024654;0
-0.205196;0.119897;0.975981;10.024654;0
-0.187831;0.107769;0.975981;10.024654;0
-0.174976;0.104334;0.975981;10.024654;0
-0.162736;0.106004;0.982938;10.024654;0
-0.150841;0.106176;0.982938;10.024654;0
-0.139320;0.094424;0.982938;10.024654;0
-0.124514;0.079536;0.988652;10.024654;0
-0.113885;0.076404;0.988652;10.024654;0
-0.103387;0.083186;0.988652;10.024654;0
-0.093162;0.086385;0.988652;10.024654;0
-0.082936;0.080306;0.993149;10.024654;0
-0.073214;0.077766;0.993149;10.024654;0
-0.061256;0.085399;0.993149;10.024654;0
-0.052352;0.088158;0.996471;10.024654;0
-0.043745;0.079302;0.996471;10.024654;0
-0.035728;0.072250;0.996471;10.024654;0
-0.027854;0.071547;0.996471;10.024654;0
-0.017994;0.072808;0.998675;10.024654;0
-0.010620;0.064922;0.998675;10.024654;0
-0.003797;0.060801;0.998675;10.024654;0
0.002963;0.063112;0.998675;10.024654;0
0.011173;0.074567;0.998675;10.024654;0
0.017265;0.080497;0.998675;10.024654;0
0.022975;0.074954;0.998675;10.024654;0
0.028488;0.068411;0.999826;10.024654;0
0.033602;0.067324;0.999826;10.024654;0
0.039805;0.073580;0.999826;10.024654;0
0.044339;0.070394;1.000000;10.024654;0
0.048604;0.061364;1.000000;10.024654;0
0.052567;0.056951;1.000000;10.024654;0
0.056206;0.062781;1.000000;10.024654;0
0.059477;0.074997;0.999278;10.024654;0
0.063397;0.077376;0.999278;10.024654;0
0.066038;0.076292;0.999278;10.024654;0
0.068372;0.078039;0.997747;10.024654;0
0.070517;0.084960;0.997747;10.024654;0
0.073197;0.084206;0.997747;10.024654;0
0.075245;0.072653;0.997747;10.024654;0
0.077435;0.062714;0.992609;10.024654;0
0.079954;0.059253;0.992609;10.024654;0
0.084291;0.067528;0.992609;10.024654;0
0.088932;0.071829;0.989178;10.024654;0
-0.064720;0.074558;0.989178;10.024654;0
-0.067711;0.062631;0.989178;10.024654;0
-0.070552;0.054046;0.989178;10.024654;0
-0.073079;0.052692;0.985271;10.024654;0
-0.075639;0.048953;0.985271;10.024654;0
-0.077045;0.048909;0.985271;10.024654;0
-0.078108;0.057620;0.985271;10.024654;0
-0.078893;0.083649;0.980931;10.024654;0
-0.078976;0.103664;0.980931;10.024654;0
-0.078587;0.110877;0.980931;10.024654;0
-0.077813;0.116214;0.976177;10.024654;0
-0.076715;0.124744;0.976177;10.024654;0
-0.075281;0.134173;0.976177;10.024654;0
-0.072809;0.131978;0.976177;10.024654;0
-0.070762;0.125418;0.971009;10.024654;0
-0.068560;0.125784;0.971009;10.024654;0
-0.066335;0.134904;0.971009;10.024654;0
-0.063399;0.145010;0.965413;10.024654;0
-0.061106;0.147314;0.965413;10.024654;0
-0.058901;0.151044;0.965413;10.024654;0
-0.056862;0.158810;0.959372;10.024654;0
-0.054930;0.166447;0.959372;10.024654;0
-0.053018;0.159742;0.959372;10.024654;0
-0.050697;0.146094;0.959372;10.024654;0
-0.049205;0.143038;0.952867;10.024654;0
-0.047884;0.148865;0.952867;10.024654;0
-0.046702;0.153943;0.952867;10.024654;0
-0.045615;0.144323;0.945888;10.024654;0
-0.044537;0.133586;0.945888;10.024654;0
-0.043680;0.134485;0.945888;10.024654;0
-0.043152;0.146661;0.938431;10.024654;0
-0.042726;0.160068;0.938431;10.024654;0
-0.042314;0.159167;0.938431;10.024654;0
-0.041908;0.154435;0.930512;10.024654;0
-0.041735;0.158368;0.930512;10.024654;0
-0.041608;0.163748;0.930512;10.024654;0
-0.041467;0.154122;0.922162;10.024654;0
-0.041383;0.141730;0.922162;10.024654;0
-0.041396;0.136253;0.913438;10.024654;0
-0.041502;0.146018;0.913438;10.024654;0
-0.041670;0.161240;0.913438;10.024654;0
-0.041794;0.165014;0.954158;10.024654;0
-0.041887;0.155954;0.954158;10.024654;0
-0.042020;0.147728;0.948476;10.024654;0
-0.042299;0.148397;0.948476;10.024654;0
-0.042483;0.142165;0.948476;10.024654;0
-0.042641;0.124725;0.948476;10.024654;0
-0.042781;0.088243;0.948476;10.024654;0
-0.042977;0.050288;0.948476;10.024654;0
-0.043346;0.020275;0.885928;10.024654;0
-0.043680;0.003258;0.885928;10.024654;0
-0.044107;0.005409;0.876744;10.024654;0
-0.044646;0.028258;0.876744;10.024654;0
-0.045534;0.086095;0.867827;10.024654;0
-0.046333;0.138953;0.867827;10.024654;0
-0.047158;0.177968;0.859369;10.024654;0
-0.047924;0.187665;0.859369;10.024654;0
-0.048742;0.186995;0.851575;10.024654;0
-0.049933;0.183918;0.851575;10.024654;0
-0.050948;0.172553;0.844652;10.024654;0
-0.052023;0.144333;0.844652;10.024654;0
-0.053327;0.115851;0.844652;10.024654;0
-0.054874;0.099955;0.838798;10.024654;0
-0.057310;0.097790;0.838798;10.024654;0
-0.059399;0.098100;0.834197;10.024654;0
-0.061844;0.085169;0.834197;10.024654;0
-0.064783;0.072852;0.830997;10.024654;0
-0.068316;0.069713;0.830997;10.024654;0
-0.074268;0.066718;0.829305;10.024654;0
0.545408;0.040454;0.829168;10.024654;0
0.556741;0.026272;0.829168;10.024654;0
0.569023;0.016354;0.830567;10.024654;0
0.582978;0.017973;0.830567;10.024654;0
0.599179;0.027326;0.833414;10.024654;0
0.612416;0.026164;0.833414;10.024654;0
0.625428;0.029383;0.837576;10.024654;0
0.637797;0.045288;0.837576;10.024654;0
0.649133;0.071741;0.842878;10.024654;0
0.659147;0.099191;0.842878;10.024654;0
0.669591;0.112935;0.842878;10.024654;0
0.675705;0.119270;0.849114;10.024654;0
0.679991;0.126419;0.849114;10.024654;0
0.682280;0.137698;0.856056;10.024654;0
0.681763;0.144467;0.856056;10.024654;0
0.678665;0.138334;0.863464;10.024654;0
0.673386;0.133125;0.863464;10.024654;0
0.665764;0.134004;0.871093;10.024654;0
0.655806;0.127612;0.871093;10.024654;0
0.639558;0.117646;0.878701;10.024654;0
0.625148;0.119251;0.878701;10.024654;0
0.608450;0.129614;0.886055;10.024654;0
0.590393;0.142765;0.886055;10.024654;0
0.570213;0.145902;0.886055;10.024654;0
0.540783;0.149287;0.892937;10.024654;0
0.516722;0.157588;0.892937;10.024654;0
0.491292;0.165967;0.899145;10.024654;0
0.465784;0.161292;0.899145;10.024654;0
0.439159;0.155190;0.899145;10.024654;0
0.402600;0.158663;0.904501;10.024654;0
0.374655;0.171529;0.904501;10.024654;0
0.345708;0.187948;0.908849;10.024654;0
0.316367;0.201252;0.908849;10.024654;0
0.279383;0.192475;0.908849;10.024654;0
0.250030;0.178438;0.912057;10.024654;0
0.222129;0.169275;0.912057;10.024654;0
0.194609;0.170184;0.914019;10.024654;0
0.168010;0.173324;0.914019;10.024654;0
0.133481;0.154963;0.914019;10.024654;0
0.107418;0.142679;0.914657;10.024654;0
0.082490;0.141411;0.914657;10.024654;0
0.058174;0.148763;0.913918;10.024654;0
0.034538;0.155622;0.913918;10.024654;0
0.006011;0.142698;0.913918;10.024654;0
-0.015333;0.131780;0.911777;10.024654;0
-0.036101;0.126056;0.911777;10.024654;0
-0.056407;0.127742;0.908235;10.024654;0
-0.076334;0.136699;0.908235;10.024654;0
-0.102348;0.143395;0.903322;10.024654;0
-0.121125;0.129690;0.903322;10.024654;0
-0.139345;0.116301;0.903322;10.024654;0
-0.157870;0.109702;0.897094;10.024654;0
-0.182129;0.113388;0.897094;10.024654;0
-0.201066;0.110031;0.889636;10.024654;0
-0.220205;0.102529;0.889636;10.024654;0
-0.239480;0.099715;0.881061;10.024654;0
-0.259008;0.104379;0.881061;10.024654;0
-0.287172;0.111431;0.881061;10.024654;0
-0.308428;0.101503;0.871511;10.024654;0
-0.332279;0.090690;0.871511;10.024654;0
-0.358648;0.086986;0.861155;10.024654;0
-0.398366;0.099449;0.861155;10.024654;0
-0.434099;0.109995;0.850192;10.024654;0
0.470810;-0.000029;0.850192;10.024654;0
0.488232;-0.021896;0.850192;10.024654;0
0.510416;-0.044756;0.838841;10.024654;0
0.539914;-0.048865;0.838841;10.024654;0
0.566190;-0.043009;0.827310;10.024654;0
0.593515;-0.031065;0.827310;10.024654;0
0.621921;-0.006392;0.827310;10.024654;0
0.650118;0.026787;0.815799;10.024654;0
0.685575;0.053450;0.815799;10.024654;0
0.711953;0.072737;0.804494;10.024654;0
0.736677;0.097411;0.804494;10.024654;0
0.758618;0.125442;0.804494;10.024654;0
0.777837;0.148439;0.793568;10.024654;0
0.794651;0.154019;0.793568;10.024654;0
0.812208;0.155081;0.783182;10.024654;0
0.821544;0.158379;0.783182;10.024654;0
0.827095;0.154583;0.783182;10.024654;0
0.829438;0.144403;0.773478;10.024654;0
0.827802;0.138988;0.773478;10.024654;0
0.822844;0.144364;0.764587;10.024654;0
0.814668;0.157701;0.764587;10.024654;0
0.803182;0.166100;0.764587;10.024654;0
0.788731;0.168069;0.756619;10.024654;0
0.771672;0.170881;0.756619;10.024654;0
0.746043;0.180639;0.749669;10.024654;0
0.723850;0.193111;0.749669;10.024654;0
0.700067;0.200819;0.749669;10.024654;0
0.674707;0.191549;0.743810;10.024654;0
0.649046;0.180781;0.743810;10.024654;0
0.613271;0.178045;0.739098;10.024654;0
0.585612;0.185698;0.739098;10.024654;0
0.558136;0.187835;0.739098;10.024654;0
0.530300;0.183310;0.735564;10.024654;0
0.503811;0.181771;0.735564;10.024654;0
0.467963;0.191556;0.733223;10.024654;0
0.441700;0.199167;0.733223;10.024654;0
0.416675;0.192650;0.732066;10.024654;0
0.392319;0.182815;0.732066;10.024654;0
0.369497;0.181257;0.732062;10.024654;0
0.343559;0.184069;0.732062;10.024654;0
0.320367;0.173367;0.732062;10.024654;0
0.301497;0.158924;0.733161;10.024654;0
0.283871;0.151793;0.733161;10.024654;0
0.267078;0.153734;0.735294;10.024654;0
0.246924;0.155254;0.735294;10.024654;0
0.232321;0.142572;0.738372;10.024654;0
0.219594;0.131003;0.738372;10.024654;0
0.207672;0.124209;0.742290;10.024654;0
0.196833;0.128007;0.742290;10.024654;0
0.186961;0.135449;0.746928;10.024654;0
0.174780;0.120711;0.746928;10.024654;0
0.166817;0.109518;0.752149;10.024654;0
0.159740;0.103793;0.752149;10.024654;0
0.153616;0.094105;0.757806;10.024654;0
0.146361;0.077667;0.757806;10.024654;0
0.141701;0.075913;0.763741;10.024654;0
0.137973;0.081872;0.763741;10.024654;0
0.134998;0.091845;0.769787;10.024654;0
0.132535;0.096992;0.769787;10.024654;0
0.502216;0.132253;0.769787;10.024654;0
0.495947;0.110065;0.775768;10.024654;0
0.489860;0.089432;0.775768;10.024654;0
0.483767;0.077098;0.781513;10.024654;0
0.475876;0.055979;0.781513;10.024654;0
0.469733;0.049811;0.786872;10.024654;0
0.463142;0.057049;0.786872;10.024654;0
0.455890;0.078295;0.791724;10.024654;0
0.447718;0.104466;0.791724;10.024654;0
0.435838;0.119602;0.795970;10.024654;0
0.425633;0.128533;0.795970;10.024654;0
0.414842;0.137065;0.795970;10.024654;0
0.402862;0.148598;0.799541;10.024654;0
0.389596;0.162505;0.799541;10.024654;0
0.370886;0.161323;0.802392;10.024654;0
0.355861;0.149038;0.802392;10.024654;0
0.340209;0.140911;0.804500;10.024654;0
0.324191;0.141608;0.804500;10.024654;0
0.301361;0.143806;0.805870;10.024654;0
0.283891;0.130598;0.805870;10.024654;0
0.266167;0.121134;0.805870;10.024654;0
0.247824;0.119752;0.806527;10.024654;0
0.229255;0.120950;0.806527;10.024654;0
0.205549;0.082658;0.806521;10.024654;0
0.187827;0.042025;0.806521;10.024654;0
0.170708;0.019326;0.806521;10.024654;0
0.153385;0.023403;0.805923;10.024654;0
0.136394;0.050905;0.805923;10.024654;0
0.114190;0.089295;0.804825;10.024654;0
0.097286;0.113241;0.804825;10.024654;0
0.080411;0.139457;0.803337;10.024654;0
0.063575;0.163879;0.803337;10.024654;0
0.047305;0.171692;0.801586;10.024654;0
0.025867;0.168891;0.801586;10.024654;0
0.009701;0.170444;0.799716;10.024654;0
-0.006149;0.177077;0.799716;10.024654;0
-0.021467;0.173273;0.799716;10.024654;0
-0.036998;0.158651;0.797877;10.024654;0
-0.057193;0.143313;0.797877;10.024654;0
-0.072170;0.138592;0.796230;10.024654;0
-0.087347;0.141137;0.796230;10.024654;0
-0.102042;0.138805;0.794933;10.024654;0
-0.116479;0.125616;0.794933;10.024654;0
-0.131361;0.114107;0.794143;10.024654;0
-0.150394;0.110081;0.794143;10.024654;0
-0.164795;0.108299;0.794004;10.024654;0
-0.179422;0.096221;0.794004;10.024654;0
-0.193970;0.086888;0.794643;10.024654;0
-0.213621;0.088903;0.794643;10.024654;0
-0.229075;0.096535;0.796159;10.024654;0
-0.244636;0.092878;0.796159;10.024654;0
-0.261189;0.088973;0.798622;10.024654;0
-0.278734;0.093337;0.802059;10.024654;0
-0.297232;0.103436;0.802059;10.024654;0
-0.324900;0.103162;0.806454;10.024654;0
-0.349153;0.100477;0.806454;10.024654;0
-0.378125;0.103212;0.811739;10.024654;0
0.895528;-0.035246;0.811739;10.024654;0
0.926205;-0.062197;0.817799;10.024654;0
0.952519;-0.086614;0.817799;10.024654;0
0.980815;-0.098052;0.824478;10.024654;0
1.000000;-0.092379;0.824478;10.024654;0
1.000000;-0.069923;0.824478;10.024654;0
1.000000;-0.032254;0.831589;10.024654;0
1.000000;-0.010721;0.831589;10.024654;0
1.000000;0.008008;0.831589;10.024654;0
1.000000;0.028033;0.838927;10.024654;0
1.000000;0.053944;0.838927;10.024654;0
1.000000;0.066263;0.838927;10.024654;0
1.000000;0.067207;0.846276;10.024654;0
1.000000;0.066620;0.846276;10.024654;0
1.000000;0.069332;0.846276;10.024654;0
1.000000;0.080014;0.853418;10.024654;0
1.000000;0.091125;0.853418;10.024654;0
1.000000;0.098313;0.853418;10.024654;0
1.000000;0.100683;0.853418;10.024654;0
1.000000;0.103208;0.853418;10.024654;0
1.000000;0.110985;0.853418;10.024654;0
1.000000;0.114795;0.860138;10.024654;0
1.000000;0.117311;0.860138;10.024654;0
1.000000;0.122791;0.860138;10.024654;0
1.000000;0.136435;0.860138;10.024654;0
1.000000;0.146481;0.866230;10.024654;0
1.000000;0.149272;0.866230;10.024654;0
1.000000;0.150291;0.866230;10.024654;0
1.000000;0.153386;0.866230;10.024654;0
1.000000;0.163665;0.866230;10.024654;0
1.000000;0.171690;0.871505;10.024654;0
1.000000;0.171856;0.871505;10.024654;0
1.000000;0.171273;0.871505;10.024654;0
1.000000;0.175905;0.871505;10.024654;0
1.000000;0.179164;0.875787;10.024654;0
1.000000;0.174720;0.875787;10.024654;0
1.000000;0.170817;0.875787;10.024654;0
0.980960;0.170903;0.875787;10.024654;0
0.937161;0.176727;0.878921;10.024654;0
0.902503;0.179767;0.878921;10.024654;0
0.868279;0.174136;0.878921;10.024654;0
0.834950;0.169336;0.878921;10.024654;0
0.800804;0.168251;0.878921;10.024654;0
0.757162;0.171760;0.880776;10.024654;0
0.724091;0.168345;0.880776;10.024654;0
0.691873;0.159809;0.880776;10.024654;0
0.661232;0.154974;0.880776;10.024654;0
0.631104;0.156076;0.881241;10.024654;0
0.594026;0.164640;0.881241;10.024654;0
0.566676;0.164457;0.881241;10.024654;0
0.540028;0.158769;0.880229;10.024654;0
0.515086;0.154414;0.880229;10.024654;0
0.484389;0.155424;0.880229;10.024654;0
0.461766;0.156461;0.880229;10.024654;0
0.441103;0.147966;0.877676;10.024654;0
0.420975;0.138169;0.877676;10.024654;0
0.402419;0.133295;0.877676;10.024654;0
0.379618;0.130649;0.877676;10.024654;0
0.363415;0.120822;0.873544;10.024654;0
0.348375;0.108937;0.873544;10.024654;0
0.334614;0.104196;0.873544;10.024654;0
0.321700;0.108877;0.873544;10.024654;0
0.305534;0.123685;0.867819;10.024654;0
0.294045;0.125633;0.867819;10.024654;0
0.283437;0.118535;0.867819;10.024654;0
0.273275;0.110532;0.860512;10.024654;0
0.263682;0.106397;0.860512;10.024654;0
0.252123;0.104501;0.860512;10.024654;0
0.243708;0.092760;0.860512;10.024654;0
0.235924;0.081380;0.851658;10.024654;0
0.228550;0.074068;0.851658;10.024654;0
0.221391;0.074220;0.851658;10.024654;0
0.214540;0.078996;0.841318;10.024654;0
0.206127;0.068605;0.841318;10.024654;0
0.200252;0.059898;0.841318;10.024654;0
0.194852;0.056264;0.829579;10.024654;0
0.189390;0.059128;0.829579;10.024654;0
0.182489;0.068619;0.829579;10.024654;0
0.177684;0.067319;0.829579;10.024654;0
0.173231;0.066468;0.816553;10.024654;0
0.168946;0.069243;0.816553;10.024654;0
0.165067;0.074156;0.802380;10.024654;0
0.160500;0.066406;0.802380;10.024654;0
0.157434;0.060257;0.787226;10.024654;0
0.154900;0.061204;0.787226;10.024654;0
0.153007;0.065355;0.787226;10.024654;0
0.152038;0.057566;0.787226;10.024654;0
0.152739;0.047707;0.771286;10.024654;0
0.155218;0.045411;0.771286;10.024654;0
0.160214;0.047196;0.771286;10.024654;0
0.179374;0.083705;0.754785;10.024654;0
0.175159;0.072715;0.754785;10.024654;0
0.171000;0.063491;0.754785;10.024654;0
0.169092;0.066719;0.737967;10.024654;0
0.168204;0.073584;0.737967;10.024654;0
0.168267;0.069907;0.721078;10.024654;0
0.169205;0.064869;0.721078;10.024654;0
0.171513;0.068632;0.721078;10.024654;0
0.173856;0.074775;0.704354;10.024654;0
0.176491;0.070503;0.704354;10.024654;0
0.179259;0.067674;0.704354;10.024654;0
0.181957;0.072013;0.688019;10.024654;0
0.184983;0.089309;0.688019;10.024654;0
0.186712;0.100525;0.688019;10.024654;0
0.187800;0.098489;0.672288;10.024654;0
0.188164;0.093702;0.672288;10.024654;0
0.187707;0.091525;0.657361;10.024654;0
0.185688;0.095211;0.657361;10.024654;0
0.183175;0.095901;0.643428;10.024654;0
0.179738;0.085108;0.643428;10.024654;0
0.175456;0.075169;0.643428;10.024654;0
0.170310;0.074555;0.630660;10.024654;0
0.162443;0.089161;0.630660;10.024654;0
0.155404;0.099517;0.619213;10.024654;0
0.147751;0.097609;0.619213;10.024654;0
0.139660;0.096919;0.609224;10.024654;0
0.131192;0.099355;0.609224;10.024654;0
0.119161;0.103764;0.600805;10.024654;0
0.109644;0.096744;0.600805;10.024654;0
0.100296;0.087670;0.594048;10.024654;0
0.090439;0.085848;0.594048;10.024654;0
0.077434;0.095509;0.589016;10.024654;0
0.067557;0.102015;0.589016;10.024654;0
0.057816;0.095492;0.585746;10.024654;0
0.048046;0.088704;0.585746;10.024654;0
0.038568;0.089462;0.584248;10.024654;0
0.026250;0.100741;0.584248;10.024654;0
0.017027;0.107016;0.584502;10.024654;0
0.008137;0.100955;0.584502;10.024654;0
-0.000158;0.093519;0.586465;10.024654;0
-0.008353;0.091141;0.590066;10.024654;0
-0.018719;0.084734;0.590066;10.024654;0
-0.025913;0.049579;0.595216;10.024654;0
-0.032775;0.008326;0.595216;10.024654;0
-0.039507;-0.020548;0.601803;10.024654;0
-0.047742;-0.029499;0.601803;10.024654;0
-0.053618;-0.026387;0.609704;10.024654;0
-0.059457;-0.014024;0.609704;10.024654;0
-0.065014;0.010264;0.618781;10.024654;0
-0.072408;0.058762;0.618781;10.024654;0
-0.077952;0.091475;0.628884;10.024654;0
-0.083562;0.104318;0.628884;10.024654;0
-0.089736;0.109095;0.639861;10.024654;0
-0.096754;0.109574;0.639861;10.024654;0
-0.105076;0.104449;0.651550;10.024654;0
0.710043;0.085947;0.651550;10.024654;0
0.719121;0.068767;0.663787;10.024654;0
0.728909;0.058065;0.663787;10.024654;0
0.738696;0.059177;0.676411;10.024654;0
0.751193;0.069431;0.676411;10.024654;0
0.760053;0.072467;0.689273;10.024654;0
0.768431;0.079902;0.689273;10.024654;0
0.775920;0.093701;0.702250;10.024654;0
0.782343;0.109503;0.702250;10.024654;0
0.788377;0.114839;0.702250;10.024654;0
0.791270;0.118431;0.715236;10.024654;0
0.792513;0.127126;0.715236;10.024654;0
0.791961;0.137686;0.728140;10.024654;0
0.789342;0.137451;0.728140;10.024654;0
0.782951;0.136074;0.728140;10.024654;0
0.775943;0.142102;0.740891;10.024654;0
0.767010;0.153787;0.740891;10.024654;0
0.756538;0.169363;0.740891;10.024654;0
0.740560;0.174631;0.753432;10.024654;0
0.724311;0.172801;0.753432;10.024654;0
0.707949;0.173670;0.765717;10.024654;0
0.690346;0.179316;0.765717;10.024654;0
0.671469;0.180296;0.765717;10.024654;0
0.651288;0.174069;0.777713;10.024654;0
0.624181;0.169738;0.777713;10.024654;0
0.602774;0.173322;0.789400;10.024654;0
0.580983;0.181920;0.789400;10.024654;0
0.559198;0.183560;0.789400;10.024654;0
0.530784;0.176736;0.800763;10.024654;0
0.508494;0.177614;0.800763;10.024654;0
0.487246;0.185104;0.800763;10.024654;0
0.467008;0.195774;0.811799;10.024654;0
0.445898;0.193648;0.811799;10.024654;0
0.419422;0.179706;0.822510;10.024654;0
0.400934;0.173476;0.822510;10.024654;0
0.382173;0.173874;0.822510;10.024654;0
0.364136;0.182472;0.832901;10.024654;0
0.346753;0.192186;0.832901;10.024654;0
0.324972;0.182672;0.842986;10.024654;0
0.309963;0.175890;0.842986;10.024654;0
0.295704;0.175337;0.842986;10.024654;0
0.281870;0.181472;0.852775;10.024654;0
0.264320;0.187559;0.852775;10.024654;0
0.252027;0.175231;0.862283;10.024654;0
0.240487;0.165804;0.862283;10.024654;0
0.229391;0.165724;0.862283;10.024654;0
0.218860;0.170215;0.871522;10.024654;0
0.209100;0.161252;0.871522;10.024654;0
0.196798;0.148708;0.880501;10.024654;0
0.188147;0.150124;0.880501;10.024654;0
0.180028;0.159275;0.889225;10.024654;0
0.172254;0.166419;0.889225;10.024654;0
0.162639;0.157148;0.889225;10.024654;0
0.155685;0.152491;0.897693;10.024654;0
0.149175;0.152865;0.897693;10.024654;0
0.142956;0.156741;0.905898;10.024654;0
0.137047;0.144406;0.905898;10.024654;0
0.130108;0.117065;0.905898;10.024654;0
0.125278;0.103698;0.913821;10.024654;0
0.120918;0.101612;0.913821;10.024654;0
0.116911;0.111829;0.921436;10.024654;0
0.113323;0.124171;0.921436;10.024654;0
0.110034;0.114963;0.921436;10.024654;0
0.107470;0.100546;0.928704;10.024654;0
0.106373;0.096789;0.928704;10.024654;0
0.106518;0.092696;0.935575;10.024654;0
0.108438;0.077063;0.935575;10.024654;0
0.040808;0.063064;0.935575;10.024654;0
0.030159;0.056003;0.941990;10.024654;0
0.022400;0.058203;0.941990;10.024654;0
0.014946;0.056685;0.947877;10.024654;0
0.007503;0.048044;0.947877;10.024654;0
-0.000479;0.046451;0.947877;10.024654;0
-0.008841;0.058355;0.953162;10.024654;0
-0.015485;0.078197;0.953162;10.024654;0
-0.021681;0.090153;0.957767;10.024654;0
-0.027573;0.093052;0.957767;10.024654;0
-0.035225;0.100182;0.957767;10.024654;0
-0.040682;0.114637;0.961618;10.024654;0
-0.045830;0.126527;0.961618;10.024654;0
-0.050489;0.120789;0.961618;10.024654;0
-0.056272;0.109221;0.964643;10.024654;0
-0.060339;0.107527;0.964643;10.024654;0
-0.064084;0.106943;0.966781;10.024654;0
-0.067489;0.095951;0.966781;10.024654;0
-0.070583;0.087781;0.966781;10.024654;0
-0.073416;0.089774;0.967978;10.024654;0
-0.076796;0.109384;0.967978;10.024654;0
-0.078914;0.122642;0.967978;10.024654;0
-0.080639;0.120086;0.968195;10.024654;0
-0.082051;0.115475;0.968195;10.024654;0
-0.083671;0.117172;0.967403;10.024654;0
-0.084712;0.126720;0.967403;10.024654;0
-0.085404;0.125558;0.967403;10.024654;0
-0.085845;0.116994;0.965591;10.024654;0
-0.086131;0.109569;0.965591;10.024654;0
-0.086310;0.113438;0.965591;10.024654;0
-0.086219;0.120125;0.962762;10.024654;0
-0.085843;0.116196;0.962762;10.024654;0
-0.085322;0.106939;0.958939;10.024654;0
-0.084628;0.106146;0.958939;10.024654;0
-0.083934;0.118038;0.958939;10.024654;0
-0.083218;0.127687;0.954158;10.024654;0
-0.082332;0.118457;0.954158;10.024654;0
-0.081096;0.099818;0.954158;10.024654;0
-0.080187;0.095283;0.948476;10.024654;0
-0.079296;0.100317;0.948476;10.024654;0
-0.078348;0.099956;0.941966;10.024654;0
-0.077330;0.091438;0.941966;10.024654;0
-0.076000;0.088225;0.941966;10.024654;0
-0.075027;0.096791;0.934717;10.024654;0
-0.074008;0.107465;0.934717;10.024654;0
-0.072835;0.105555;0.926836;10.024654;0
-0.071691;0.096293;0.926836;10.024654;0
-0.070583;0.090843;0.926836;10.024654;0
-0.069238;0.099548;0.918442;10.024654;0
-0.068187;0.110809;0.918442;10.024654;0
-0.067035;0.110025;0.909667;10.024654;0
-0.065920;0.101536;0.909667;10.024654;0
-0.064882;0.096902;0.909667;10.024654;0
-0.063652;0.103148;0.900652;10.024654;0
-0.062759;0.105709;0.900652;10.024654;0
-0.061905;0.091423;0.891546;10.024654;0
-0.061200;0.078566;0.891546;10.024654;0
-0.060542;0.073898;0.891546;10.024654;0
-0.060017;0.078850;0.882497;10.024654;0
-0.059674;0.074437;0.882497;10.024654;0
-0.059486;0.063846;0.873651;10.024654;0
-0.059534;0.056570;0.873651;10.024654;0
-0.060017;0.057570;0.865144;10.024654;0
-0.060910;0.063718;0.865144;10.024654;0
-0.062411;0.061923;0.865144;10.024654;0
-0.064833;0.040038;0.857099;10.024654;0
-0.541225;0.056042;0.857099;10.024654;0
-0.546396;0.021364;0.849613;10.024654;0
-0.550719;-0.004772;0.849613;10.024654;0
-0.555757;-0.025370;0.849613;10.024654;0
-0.561407;-0.047935;0.842758;10.024654;0
-0.567351;-0.056974;0.842758;10.024654;0
-0.575285;-0.042400;0.836575;10.024654;0
-0.580957;-0.016246;0.836575;10.024654;0
-0.585987;0.010885;0.836575;10.024654;0
-0.590663;0.025144;0.831076;10.024654;0
-0.594640;0.033751;0.831076;10.024654;0
-0.598790;0.046992;0.831076;10.024654;0
-0.600818;0.061482;0.826248;10.024654;0
-0.601781;0.079650;0.826248;10.024654;0
-0.601442;0.094644;0.822053;10.024654;0
-0.599635;0.093063;0.822053;10.024654;0
-0.595242;0.085269;0.822053;10.024654;0
-0.590426;0.084135;0.818430;10.024654;0
-0.584381;0.088118;0.818430;10.024654;0
-0.576951;0.093745;0.818430;10.024654;0
-0.564725;0.085642;0.815302;10.024654;0
-0.553948;0.058905;0.815302;10.024654;0
-0.542357;0.030843;0.815302;10.024654;0
-0.530114;0.017457;0.812579;10.024654;0
-0.516910;0.018458;0.812579;10.024654;0
-0.497893;0.025907;0.812579;10.024654;0
-0.483025;0.043281;0.810160;10.024654;0
-0.467117;0.070255;0.810160;10.024654;0
-0.451053;0.101867;0.810160;10.024654;0
-0.427170;0.139964;0.807938;10.024654;0
-0.409004;0.149274;0.807938;10.024654;0
-0.389960;0.153355;0.807938;10.024654;0
-0.370149;0.156894;0.805802;10.024654;0
-0.349986;0.159195;0.805802;10.024654;0
-0.323538;0.146950;0.805802;10.024654;0
-0.303239;0.136047;0.803644;10.024654;0
-0.283449;0.131000;0.803644;10.024654;0
-0.263473;0.133724;0.803644;10.024654;0
-0.244013;0.138329;0.801357;10.024654;0
-0.224509;0.130370;0.801357;10.024654;0
-0.199550;0.116169;0.801357;10.024654;0
-0.181454;0.113874;0.798843;10.024654;0
-0.164095;0.116656;0.798843;10.024654;0
-0.147153;0.113799;0.798843;10.024654;0
-0.124942;0.106205;0.796008;10.024654;0
-0.109303;0.107414;0.796008;10.024654;0
-0.093654;0.113838;0.796008;10.024654;0
-0.078549;0.120812;0.792772;10.024654;0
-0.061580;0.111637;0.792772;10.024654;0
-0.046382;0.102617;0.792772;10.024654;0
-0.033453;0.101340;0.789062;10.024654;0
-0.021257;0.106079;0.789062;10.024654;0
-0.009112;0.106015;0.784823;10.024654;0
0.006056;0.093025;0.784823;10.024654;0
0.016802;0.084619;0.784823;10.024654;0
0.027112;0.085177;0.780008;10.024654;0
0.037022;0.089422;0.780008;10.024654;0
0.049158;0.081961;0.780008;10.024654;0
0.058148;0.079441;0.774588;10.024654;0
0.066757;0.083926;0.774588;10.024654;0
0.074887;0.082516;0.768549;10.024654;0
0.083003;0.073086;0.768549;10.024654;0
0.093341;0.067246;0.768549;10.024654;0
0.100623;0.072865;0.761891;10.024654;0
0.107840;0.077509;0.761891;10.024654;0
0.114870;0.070676;0.761891;10.024654;0
0.121977;0.064131;0.754634;10.024654;0
0.131843;0.061669;0.754634;10.024654;0
0.139979;0.068347;0.746813;10.024654;0
0.149561;0.067574;0.746813;10.024654;0
0.161108;0.056557;0.746813;10.024654;0
-0.447968;0.069738;0.738487;10.024654;0
-0.459131;0.070639;0.738487;10.024654;0
-0.467216;0.079912;0.738487;10.024654;0
-0.474676;0.091878;0.729730;10.024654;0
-0.481351;0.093513;0.729730;10.024654;0
-0.489124;0.095536;0.720634;10.024654;0
-0.493624;0.102313;0.720634;10.024654;0
-0.496883;0.116601;0.720634;10.024654;0
-0.498657;0.133389;0.711300;10.024654;0
-0.498553;0.136803;0.711300;10.024654;0
-0.495651;0.136653;0.701835;10.024654;0
-0.491390;0.143310;0.701835;10.024654;0
-0.485291;0.150153;0.701835;10.024654;0
-0.477130;0.143883;0.692359;10.024654;0
-0.467293;0.136092;0.692359;10.024654;0
-0.452665;0.136864;0.682996;10.024654;0
-0.439142;0.147847;0.682996;10.024654;0
-0.424886;0.160639;0.673883;10.024654;0
-0.409023;0.161089;0.673883;10.024654;0
-0.392128;0.158020;0.665158;10.024654;0
-0.368540;0.161190;0.665158;10.024654;0
-0.349881;0.169800;0.665158;10.024654;0
-0.330262;0.174827;0.656970;10.024654;0
-0.310228;0.168188;0.656970;10.024654;0
-0.284734;0.164258;0.649469;10.024654;0
-0.264541;0.168654;0.649469;10.024654;0
-0.244742;0.171365;0.642807;10.024654;0
-0.224854;0.158239;0.642807;10.024654;0
-0.205791;0.143727;0.637133;10.024654;0
-0.181733;0.133883;0.637133;10.024654;0
-0.164185;0.136341;0.632590;10.024654;0
-0.146472;0.143081;0.629307;10.024654;0
-0.129546;0.140753;0.629307;10.024654;0
-0.108132;0.130548;0.627399;10.024654;0
-0.092889;0.127685;0.627399;10.024654;0
-0.077893;0.131096;0.626958;10.024654;0
-0.063333;0.137422;0.628045;10.024654;0
-0.049258;0.129741;0.628045;10.024654;0
-0.031120;0.114712;0.630691;10.024654;0
-0.017951;0.112710;0.630691;10.024654;0
-0.004974;0.120303;0.634891;10.024654;0
0.008119;0.132308;0.640598;10.024654;0
0.021191;0.139850;0.640598;10.024654;0
0.038407;0.120724;0.647728;10.024654;0
0.051713;0.103818;0.656157;10.024654;0
0.065389;0.091989;0.656157;10.024654;0
0.079385;0.086450;0.665720;10.024654;0
0.094211;0.076528;0.665720;10.024654;0
0.115654;0.055351;0.676221;10.024654;0
0.134239;0.046458;0.687426;10.024654;0
0.155082;0.048268;0.687426;10.024654;0
-0.756504;0.069862;0.699076;10.024654;0
-0.765645;0.068751;0.699076;10.024654;0
-0.775611;0.056238;0.710886;10.024654;0
-0.790397;0.043697;0.710886;10.024654;0
-0.802627;0.045840;0.722568;10.024654;0
-0.815553;0.057783;0.722568;10.024654;0
-0.828941;0.072317;0.733852;10.024654;0
-0.841873;0.077180;0.733852;10.024654;0
-0.858850;0.082730;0.744488;10.024654;0
-0.871224;0.091225;0.744488;10.024654;0
-0.882614;0.103538;0.754251;10.024654;0
-0.892797;0.112898;0.754251;10.024654;0
-0.901352;0.109700;0.754251;10.024654;0
-0.910519;0.105143;0.762938;10.024654;0
-0.915602;0.109941;0.762938;10.024654;0
-0.918683;0.118872;0.770373;10.024654;0
-0.919386;0.119792;0.770373;10.024654;0
-0.917972;0.117244;0.770373;10.024654;0
-0.912937;0.118016;0.776406;10.024654;0
-0.906700;0.124932;0.776406;10.024654;0
-0.898210;0.130654;0.780913;10.024654;0
-0.887478;0.127369;0.780913;10.024654;0
-0.874882;0.125427;0.780913;10.024654;0
-0.860516;0.130161;0.783795;10.024654;0
-0.838490;0.136823;0.783795;10.024654;0
-0.820621;0.130948;0.783795;10.024654;0
-0.800460;0.124666;0.783795;10.024654;0
-0.779860;0.125738;0.784978;10.024654;0
-0.757758;0.135436;0.784978;10.024654;0
-0.734913;0.150386;0.784978;10.024654;0
-0.702956;0.160460;0.784413;10.024654;0
-0.677747;0.156607;0.784413;10.024654;0
-0.652478;0.152361;0.784413;10.024654;0
-0.626392;0.151953;0.782077;10.024654;0
-0.591446;0.153197;0.782077;10.024654;0
-0.564864;0.143463;0.782077;10.024654;0
-0.538481;0.134299;0.777971;10.024654;0
-0.512824;0.131944;0.777971;10.024654;0
-0.483280;0.135150;0.777971;10.024654;0
-0.451911;0.131847;0.772121;10.024654;0
-0.427042;0.127806;0.772121;10.024654;0
-0.402740;0.130039;0.772121;10.024654;0
