-0.291259;0.087806;0.627847;10.024654;0
-0.283850;0.088098;0.633690;10.024654;0
-0.272822;0.085170;0.633690;10.024654;0
-0.263762;0.083751;0.639025;10.024654;0
-0.254203;0.073166;0.639025;10.024654;0
-0.244099;0.064328;0.639025;10.024654;0
-0.233662;0.065480;0.643847;10.024654;0
-0.220044;0.082423;0.643847;10.024654;0
-0.209117;0.094231;0.648174;10.024654;0
-0.197817;0.095356;0.648174;10.024654;0
-0.186860;0.098619;0.652043;10.024654;0
-0.172341;0.110272;0.652043;10.024654;0
-0.161030;0.114536;0.655516;10.024654;0
-0.150235;0.108063;0.655516;10.024654;0
-0.139466;0.103913;0.658678;10.024654;0
-0.125461;0.107028;0.658678;10.024654;0
-0.114950;0.107918;0.661636;10.024654;0
-0.105250;0.098762;0.661636;10.024654;0
-0.096086;0.088096;0.661636;10.024654;0
-0.086990;0.082800;0.664519;10.024654;0
-0.075744;0.084673;0.664519;10.024654;0
-0.067556;0.092733;0.667474;10.024654;0
-0.059546;0.092852;0.667474;10.024654;0
-0.052059;0.083610;0.670663;10.024654;0
-0.042757;0.073711;0.670663;10.024654;0
-0.035910;0.073598;0.674261;10.024654;0
-0.029604;0.076446;0.674261;10.024654;0
-0.023416;0.072056;0.678445;10.024654;0
-0.017531;0.067012;0.678445;10.024654;0
-0.011948;0.069160;0.683392;10.024654;0
-0.006005;0.082110;0.683392;10.024654;0
0.000076;0.101991;0.689269;10.024654;0
0.004831;0.106615;0.689269;10.024654;0
0.009335;0.102305;0.696223;10.024654;0
0.013652;0.096845;0.696223;10.024654;0
0.019188;0.092275;0.704372;10.024654;0
0.023194;0.094086;0.704372;10.024654;0
0.027096;0.087105;0.713801;10.024654;0
0.030874;0.076835;0.713801;10.024654;0
0.035651;0.068799;0.724547;10.024654;0
0.039132;0.071438;0.724547;10.024654;0
0.042631;0.080762;0.724547;10.024654;0
0.046229;0.087957;0.736599;10.024654;0
0.050089;0.080983;0.736599;10.024654;0
0.055838;0.071426;0.749890;10.024654;0
0.061392;0.070679;0.749890;10.024654;0
0.068098;0.068075;0.764294;10.024654;0
-1.000000;0.061348;0.764294;10.024654;0
-1.000000;0.066568;0.764294;10.024654;0
-1.000000;0.079363;0.779629;10.024654;0
-1.000000;0.090945;0.779629;10.024654;0
-1.000000;0.094908;0.795675;10.024654;0
-1.000000;0.097879;0.795675;10.024654;0
-1.000000;0.106395;0.795675;10.024654;0
-1.000000;0.117218;0.812197;10.024654;0
-1.000000;0.128519;0.812197;10.024654;0
-1.000000;0.132598;0.812197;10.024654;0
-1.000000;0.132209;0.828962;10.024654;0
-1.000000;0.132936;0.828962;10.024654;0
-1.000000;0.136579;0.828962;10.024654;0
-1.000000;0.139364;0.845741;10.024654;0
-1.000000;0.135348;0.845741;10.024654;0
-1.000000;0.132055;0.845741;10.024654;0
-1.000000;0.135368;0.862316;10.024654;0
-0.987515;0.141249;0.862316;10.024654;0
-0.969810;0.140826;0.862316;10.024654;0
-0.950832;0.138099;0.878487;10.024654;0
-0.923877;0.140535;0.878487;10.024654;0
-0.902695;0.148615;0.878487;10.024654;0
-0.880127;0.157888;0.894071;10.024654;0
-0.856880;0.157558;0.894071;10.024654;0
-0.832963;0.153655;0.894071;10.024654;0
-0.800332;0.153207;0.894071;10.024654;0
-0.776058;0.159305;0.908905;10.024654;0
-0.750484;0.163964;0.908905;10.024654;0
-0.725003;0.159042;0.908905;10.024654;0
-0.691840;0.151478;0.922852;10.024654;0
-0.665712;0.148323;0.922852;10.024654;0
-0.641173;0.148815;0.922852;10.024654;0
-0.616837;0.148991;0.922852;10.024654;0
-0.592308;0.138592;0.935794;10.024654;0
-0.561185;0.123863;0.935794;10.024654;0
-0.538047;0.119141;0.935794;10.024654;0
-0.515505;0.123082;0.935794;10.024654;0
-0.493459;0.128985;0.947638;10.024654;0
-0.464680;0.128944;0.947638;10.024654;0
-0.443866;0.125475;0.947638;10.024654;0
-0.423693;0.124058;0.958313;10.024654;0
-0.404139;0.126879;0.958313;10.024654;0
-0.385816;0.132741;0.958313;10.024654;0
-0.360785;0.132086;0.958313;10.024654;0
-0.343329;0.126712;0.967770;10.024654;0
-0.325848;0.124850;0.967770;10.024654;0
-0.309494;0.125501;0.967770;10.024654;0
-0.293070;0.118332;0.975981;10.024654;0
-0.272637;0.110194;0.975981;10.024654;0
-0.257786;0.111039;0.975981;10.024654;0
-0.243142;0.116596;0.975981;10.024654;0
-0.229150;0.120864;0.982938;10.024654;0
-0.211300;0.109383;0.982938;10.024654;0
-0.197864;0.103198;0.982938;10.024654;0
-0.185301;0.104959;0.982938;10.024654;0
-0.173086;0.112581;0.988652;10.024654;0
-0.161167;0.113083;0.988652;10.024654;0
-0.145756;0.102122;0.988652;10.024654;0
-0.134293;0.097407;0.993149;10.024654;0
-0.123573;0.096841;0.993149;10.024654;0
-0.112965;0.096723;0.993149;10.024654;0
-0.103045;0.087779;0.993149;10.024654;0
-0.092784;0.077654;0.996471;10.024654;0
-0.080773;0.072742;0.996471;10.024654;0
-0.071628;0.068290;0.996471;10.024654;0
-0.062811;0.039108;0.996471;10.024654;0
-0.054431;-0.001223;0.998675;10.024654;0
-0.046591;-0.028811;0.998675;10.024654;0
-0.036686;-0.028428;0.998675;10.024654;0
-0.029691;-0.001822;0.998675;10.024654;0
-0.022980;0.032054;0.998675;10.024654;0
-0.016554;0.056441;0.998675;10.024654;0
-0.010308;0.078524;0.998675;10.024654;0
-0.002597;0.106632;0.999826;10.024654;0
0.002872;0.125173;0.999826;10.024654;0
0.008349;0.134548;0.999826;10.024654;0
0.013545;0.124081;1.000000;10.024654;0
0.020028;0.101717;1.000000;10.024654;0
0.024855;0.089498;1.000000;10.024654;0
0.029377;0.085027;1.000000;10.024654;0
0.033779;0.081172;0.999278;10.024654;0
0.038006;0.068470;0.999278;10.024654;0
0.041957;0.060975;0.999278;10.024654;0
0.046873;0.063050;0.997747;10.024654;0
0.050285;0.062991;0.997747;10.024654;0
0.053633;0.059207;0.997747;10.024654;0
0.056818;0.057956;0.997747;10.024654;0
0.061205;0.064374;0.992609;10.024654;0
0.064725;0.068878;0.992609;10.024654;0
0.068591;0.063468;0.992609;10.024654;0
0.073115;0.055268;0.989178;10.024654;0
-0.026165;0.071916;0.989178;10.024654;0
-0.028560;0.074487;0.989178;10.024654;0
-0.030463;0.076080;0.989178;10.024654;0
-0.032404;0.068640;0.985271;10.024654;0
-0.034314;0.063713;0.985271;10.024654;0
-0.036243;0.068009;0.985271;10.024654;0
-0.038657;0.086355;0.980931;10.024654;0
-0.040282;0.091556;0.980931;10.024654;0
-0.041692;0.091509;0.980931;10.024654;0
-0.042981;0.096052;0.980931;10.024654;0
-0.044439;0.109818;0.976177;10.024654;0
-0.045337;0.121381;0.976177;10.024654;0
-0.046015;0.121110;0.976177;10.024654;0
-0.046495;0.118528;0.971009;10.024654;0
-0.046822;0.120662;0.971009;10.024654;0
-0.047092;0.131879;0.971009;10.024654;0
-0.047139;0.141385;0.971009;10.024654;0
-0.046985;0.137875;0.965413;10.024654;0
-0.046708;0.132852;0.965413;10.024654;0
-0.046371;0.132223;0.965413;10.024654;0
-0.045891;0.143903;0.959372;10.024654;0
-0.045459;0.154434;0.959372;10.024654;0
-0.044930;0.149957;0.959372;10.024654;0
-0.044370;0.144977;0.952867;10.024654;0
-0.043859;0.148512;0.952867;10.024654;0
-0.043177;0.155416;0.952867;10.024654;0
-0.042652;0.150496;0.945888;10.024654;0
-0.042185;0.148193;0.945888;10.024654;0
-0.041793;0.153550;0.945888;10.024654;0
-0.041456;0.160775;0.938431;10.024654;0
-0.040965;0.148624;0.938431;10.024654;0
-0.040667;0.138378;0.938431;10.024654;0
-0.040477;0.136607;0.930512;10.024654;0
-0.040392;0.146352;0.930512;10.024654;0
-0.040329;0.163719;0.930512;10.024654;0
-0.040177;0.160959;0.922162;10.024654;0
-0.040079;0.151847;0.922162;10.024654;0
-0.040071;0.145229;0.922162;10.024654;0
-0.040153;0.145340;0.913438;10.024654;0
-0.040227;0.145356;0.913438;10.024654;0
-0.040311;0.130950;0.913438;10.024654;0
-0.040463;0.124541;0.904417;10.024654;0
-0.040713;0.128165;0.904417;10.024654;0
-0.041010;0.134919;0.954158;10.024654;0
-0.041224;0.132441;0.948476;10.024654;0
-0.041566;0.123719;0.948476;10.024654;0
-0.041937;0.123400;0.948476;10.024654;0
-0.042420;0.133761;0.948476;10.024654;0
-0.042929;0.148566;0.885928;10.024654;0
-0.043430;0.150470;0.885928;10.024654;0
-0.044161;0.145711;0.876744;10.024654;0
-0.044810;0.143970;0.876744;10.024654;0
-0.045550;0.145037;0.867827;10.024654;0
-0.046365;0.147902;0.867827;10.024654;0
-0.047148;0.139262;0.859369;10.024654;0
-0.048216;0.112043;0.859369;10.024654;0
-0.049133;0.098735;0.859369;10.024654;0
-0.050163;0.096267;0.851575;10.024654;0
-0.051244;0.090934;0.851575;10.024654;0
-0.052379;0.078562;0.844652;10.024654;0
-0.054180;0.069852;0.844652;10.024654;0
-0.055774;0.074024;0.838798;10.024654;0
-0.057570;0.084721;0.838798;10.024654;0
-0.059517;0.090316;0.834197;10.024654;0
-0.061685;0.079805;0.834197;10.024654;0
-0.064327;0.066729;0.830997;10.024654;0
-0.068750;0.062180;0.830997;10.024654;0
-0.072899;0.066350;0.829305;10.024654;0
0.540471;0.048194;0.829305;10.024654;0
0.551813;0.037122;0.829168;10.024654;0
0.568033;0.027442;0.829168;10.024654;0
0.580942;0.031088;0.830567;10.024654;0
0.594023;0.037485;0.830567;10.024654;0
0.607247;0.038943;0.833414;10.024654;0
0.620654;0.043241;0.833414;10.024654;0
0.637828;0.061667;0.837576;10.024654;0
0.650209;0.078166;0.837576;10.024654;0
0.661370;0.082648;0.842878;10.024654;0
0.671660;0.082269;0.842878;10.024654;0
0.681165;0.086926;0.849114;10.024654;0
0.692011;0.102495;0.849114;10.024654;0
0.698492;0.119690;0.856056;10.024654;0
0.703216;0.124623;0.856056;10.024654;0
0.706290;0.123784;0.863464;10.024654;0
0.707702;0.126234;0.863464;10.024654;0
0.707016;0.139346;0.871093;10.024654;0
0.704397;0.147196;0.871093;10.024654;0
0.699826;0.141059;0.878701;10.024654;0
0.693864;0.134949;0.878701;10.024654;0
0.686535;0.134509;0.886055;10.024654;0
0.674427;0.143885;0.886055;10.024654;0
0.663666;0.147080;0.886055;10.024654;0
0.651860;0.139834;0.892937;10.024654;0
0.639161;0.134346;0.892937;10.024654;0
0.621387;0.140536;0.899145;10.024654;0
0.606254;0.149874;0.899145;10.024654;0
0.590866;0.149321;0.899145;10.024654;0
0.574964;0.144159;0.904501;10.024654;0
0.559013;0.145326;0.904501;10.024654;0
0.537037;0.158853;0.904501;10.024654;0
0.519718;0.178383;0.908849;10.024654;0
0.502277;0.188451;0.908849;10.024654;0
0.484959;0.187946;0.912057;10.024654;0
0.467035;0.187573;0.912057;10.024654;0
0.443601;0.192868;0.912057;10.024654;0
0.426242;0.201829;0.914019;10.024654;0
0.408972;0.204546;0.914019;10.024654;0
0.392009;0.190735;0.914657;10.024654;0
0.375665;0.177155;0.914657;10.024654;0
0.354700;0.171606;0.914657;10.024654;0
0.339662;0.174411;0.913918;10.024654;0
0.325422;0.167923;0.913918;10.024654;0
0.311644;0.153623;0.913918;10.024654;0
0.294559;0.142685;0.911777;10.024654;0
0.282162;0.144497;0.911777;10.024654;0
0.270748;0.153769;0.908235;10.024654;0
0.259900;0.153113;0.908235;10.024654;0
0.246579;0.137356;0.908235;10.024654;0
0.237137;0.130984;0.903322;10.024654;0
0.228279;0.131451;0.903322;10.024654;0
0.219963;0.137440;0.897094;10.024654;0
0.212189;0.142485;0.897094;10.024654;0
0.202792;0.121982;0.897094;10.024654;0
0.196758;0.103811;0.889636;10.024654;0
0.191340;0.092995;0.889636;10.024654;0
0.186882;0.089184;0.881061;10.024654;0
0.182154;0.075773;0.881061;10.024654;0
0.179714;0.063315;0.871511;10.024654;0
0.178232;0.058240;0.871511;10.024654;0
0.177888;0.061297;0.871511;10.024654;0
0.179866;0.078669;0.861155;10.024654;0
0.184202;0.085628;0.861155;10.024654;0
0.493939;0.115095;0.850192;10.024654;0
0.489303;0.097982;0.850192;10.024654;0
0.485353;0.083928;0.850192;10.024654;0
0.480873;0.080173;0.838841;10.024654;0
0.478138;0.084714;0.838841;10.024654;0
0.475911;0.082734;0.827310;10.024654;0
0.474139;0.085585;0.827310;10.024654;0
0.472638;0.097542;0.815799;10.024654;0
0.470794;0.111735;0.815799;10.024654;0
0.469426;0.085294;0.815799;10.024654;0
0.468541;0.049383;0.804494;10.024654;0
0.467858;0.028117;0.804494;10.024654;0
0.466403;0.032380;0.804494;10.024654;0
0.464593;0.055643;0.793568;10.024654;0
0.462284;0.080783;0.793568;10.024654;0
0.459082;0.108188;0.783182;10.024654;0
0.454919;0.135665;0.783182;10.024654;0
0.447906;0.173457;0.773478;10.024654;0
0.441325;0.193053;0.773478;10.024654;0
0.433319;0.189040;0.764587;10.024654;0
0.424581;0.175888;0.764587;10.024654;0
0.412023;0.163561;0.764587;10.024654;0
0.401697;0.167083;0.756619;10.024654;0
0.390700;0.172659;0.756619;10.024654;0
0.378904;0.162474;0.749669;10.024654;0
0.363153;0.152160;0.749669;10.024654;0
0.350696;0.155014;0.743810;10.024654;0
0.337998;0.154357;0.743810;10.024654;0
0.325227;0.140815;0.739098;10.024654;0
0.312557;0.129715;0.739098;10.024654;0
0.296462;0.129469;0.735564;10.024654;0
0.283746;0.140689;0.735564;10.024654;0
0.271559;0.148291;0.733223;10.024654;0
0.259839;0.139991;0.733223;10.024654;0
0.248258;0.130225;0.733223;10.024654;0
0.233472;0.127179;0.732066;10.024654;0
0.222816;0.134499;0.732066;10.024654;0
0.212097;0.140382;0.732062;10.024654;0
0.201864;0.128241;0.732062;10.024654;0
0.192330;0.113536;0.733161;10.024654;0
0.180094;0.107118;0.733161;10.024654;0
0.171653;0.113965;0.735294;10.024654;0
0.163354;0.113941;0.735294;10.024654;0
0.155552;0.107020;0.738372;10.024654;0
0.148287;0.105826;0.738372;10.024654;0
0.139158;0.120181;0.742290;10.024654;0
0.132651;0.129147;0.742290;10.024654;0
0.126736;0.122614;0.746928;10.024654;0
0.121159;0.109785;0.746928;10.024654;0
0.115873;0.101420;0.752149;10.024654;0
0.109395;0.101848;0.757806;10.024654;0
0.105077;0.109783;0.757806;10.024654;0
0.101418;0.110996;0.757806;10.024654;0
0.098356;0.098945;0.763741;10.024654;0
0.096162;0.085544;0.763741;10.024654;0
0.094849;0.077528;0.769787;10.024654;0
0.641067;0.103158;0.769787;10.024654;0
0.641468;0.084470;0.775768;10.024654;0
0.642276;0.066540;0.775768;10.024654;0
0.643544;0.062137;0.781513;10.024654;0
0.645539;0.060334;0.781513;10.024654;0
0.647116;0.060965;0.786872;10.024654;0
0.648435;0.070916;0.786872;10.024654;0
0.649244;0.090089;0.791724;10.024654;0
0.649117;0.113198;0.791724;10.024654;0
0.647942;0.115147;0.795970;10.024654;0
0.645816;0.114900;0.795970;10.024654;0
0.642704;0.120196;0.795970;10.024654;0
0.636486;0.139942;0.799541;10.024654;0
0.629904;0.153579;0.799541;10.024654;0
0.621887;0.151381;0.802392;10.024654;0
0.612066;0.143964;0.802392;10.024654;0
0.601207;0.140444;0.804500;10.024654;0
0.584369;0.147527;0.804500;10.024654;0
0.570382;0.152658;0.804500;10.024654;0
0.554222;0.147614;0.805870;10.024654;0
0.536855;0.145437;0.805870;10.024654;0
0.518297;0.150767;0.806527;10.024654;0
0.492063;0.168751;0.806527;10.024654;0
0.470760;0.187299;0.806527;10.024654;0
0.448740;0.191800;0.806521;10.024654;0
0.426076;0.181600;0.806521;10.024654;0
0.403499;0.168938;0.805923;10.024654;0
0.372798;0.163417;0.805923;10.024654;0
0.348939;0.161381;0.804825;10.024654;0
0.325656;0.146522;0.804825;10.024654;0
0.302280;0.134532;0.804825;10.024654;0
0.272762;0.132793;0.803337;10.024654;0
0.250113;0.132882;0.803337;10.024654;0
0.228076;0.121280;0.801586;10.024654;0
0.207046;0.111130;0.801586;10.024654;0
0.186571;0.108196;0.799716;10.024654;0
0.161635;0.121444;0.799716;10.024654;0
0.140089;0.142068;0.799716;10.024654;0
0.121938;0.144446;0.797877;10.024654;0
0.103393;0.140400;0.797877;10.024654;0
0.085371;0.138305;0.796230;10.024654;0
0.062267;0.148430;0.796230;10.024654;0
0.045687;0.161502;0.794933;10.024654;0
0.029034;0.157468;0.794933;10.024654;0
0.013228;0.140167;0.794143;10.024654;0
-0.002239;0.125794;0.794143;10.024654;0
-0.022668;0.123025;0.794004;10.024654;0
-0.037964;0.123949;0.794004;10.024654;0
-0.052726;0.113298;0.794643;10.024654;0
-0.067413;0.102714;0.794643;10.024654;0
-0.082418;0.097009;0.796159;10.024654;0
-0.102434;0.101676;0.796159;10.024654;0
-0.117890;0.103064;0.798622;10.024654;0
-0.133467;0.092032;0.798622;10.024654;0
-0.149841;0.082520;0.802059;10.024654;0
-0.167752;0.079377;0.802059;10.024654;0
-0.187510;0.081955;0.806454;10.024654;0
-0.217834;0.072337;0.806454;10.024654;0
0.766310;0.029387;0.811739;10.024654;0
0.778539;0.018803;0.811739;10.024654;0
0.792134;0.014570;0.817799;10.024654;0
0.806768;0.015635;0.817799;10.024654;0
0.828028;0.010093;0.824478;10.024654;0
0.844516;0.011172;0.824478;10.024654;0
0.861395;0.019649;0.824478;10.024654;0
0.878988;0.034695;0.831589;10.024654;0
0.896418;0.045495;0.831589;10.024654;0
0.918329;0.053864;0.838927;10.024654;0
0.934105;0.062918;0.838927;10.024654;0
0.948985;0.076576;0.838927;10.024654;0
0.962711;0.088536;0.846276;10.024654;0
0.975104;0.089874;0.846276;10.024654;0
0.989036;0.088236;0.853418;10.024654;0
0.997504;0.090983;0.853418;10.024654;0
1.000000;0.098348;0.853418;10.024654;0
1.000000;0.104109;0.860138;10.024654;0
1.000000;0.099103;0.860138;10.024654;0
1.000000;0.094647;0.860138;10.024654;0
1.000000;0.099007;0.866230;10.024654;0
1.000000;0.104532;0.866230;10.024654;0
1.000000;0.101973;0.866230;10.024654;0
1.000000;0.101031;0.866230;10.024654;0
0.991021;0.108218;0.866230;10.024654;0
0.981746;0.119625;0.866230;10.024654;0
0.971064;0.125993;0.871505;10.024654;0
0.959000;0.126690;0.871505;10.024654;0
0.945534;0.127490;0.871505;10.024654;0
0.926211;0.135603;0.875787;10.024654;0
0.910866;0.145325;0.875787;10.024654;0
0.894390;0.145602;0.875787;10.024654;0
0.876822;0.141656;0.875787;10.024654;0
0.852356;0.138244;0.878921;10.024654;0
0.833484;0.140653;0.878921;10.024654;0
0.814421;0.143329;0.878921;10.024654;0
0.794554;0.138740;0.880776;10.024654;0
0.774124;0.130810;0.880776;10.024654;0
0.747507;0.130752;0.880776;10.024654;0
0.726832;0.135734;0.880776;10.024654;0
0.706392;0.135907;0.881241;10.024654;0
0.685965;0.134827;0.881241;10.024654;0
0.665593;0.138375;0.881241;10.024654;0
0.639061;0.150333;0.880229;10.024654;0
0.618688;0.162837;0.880229;10.024654;0
0.597860;0.165911;0.880229;10.024654;0
0.577547;0.158904;0.880229;10.024654;0
0.551271;0.150410;0.877676;10.024654;0
0.531507;0.149084;0.877676;10.024654;0
0.512471;0.152818;0.877676;10.024654;0
0.493448;0.154743;0.873544;10.024654;0
0.475234;0.144444;0.873544;10.024654;0
0.452183;0.129630;0.873544;10.024654;0
0.435500;0.124686;0.873544;10.024654;0
0.419133;0.126201;0.867819;10.024654;0
0.403673;0.125559;0.867819;10.024654;0
0.389165;0.116274;0.867819;10.024654;0
0.370477;0.109817;0.860512;10.024654;0
0.357230;0.113701;0.860512;10.024654;0
0.344284;0.123335;0.860512;10.024654;0
0.332092;0.130024;0.860512;10.024654;0
0.320274;0.123119;0.851658;10.024654;0
0.305897;0.089658;0.851658;10.024654;0
0.296119;0.065762;0.851658;10.024654;0
0.287137;0.056723;0.841318;10.024654;0
0.278583;0.053059;0.841318;10.024654;0
0.270596;0.053289;0.841318;10.024654;0
0.260669;0.070941;0.841318;10.024654;0
0.253645;0.095812;0.829579;10.024654;0
0.246813;0.119161;0.829579;10.024654;0
0.238502;0.132938;0.816553;10.024654;0
0.232127;0.142431;0.816553;10.024654;0
0.226200;0.153718;0.802380;10.024654;0
0.220446;0.159221;0.802380;10.024654;0
0.215347;0.148537;0.802380;10.024654;0
0.209417;0.129889;0.802380;10.024654;0
0.205760;0.120940;0.787226;10.024654;0
0.202985;0.119897;0.787226;10.024654;0
0.201409;0.115597;0.787226;10.024654;0
0.201731;0.103408;0.771286;10.024654;0
0.204642;0.099125;0.771286;10.024654;0
0.210720;0.100377;0.771286;10.024654;0
0.234946;0.099813;0.754785;10.024654;0
0.228034;0.088210;0.754785;10.024654;0
0.222131;0.075708;0.737967;10.024654;0
0.216119;0.071722;0.737967;10.024654;0
0.212872;0.079493;0.737967;10.024654;0
0.210524;0.086128;0.721078;10.024654;0
0.209155;0.081565;0.721078;10.024654;0
0.208684;0.078750;0.721078;10.024654;0
0.208924;0.081182;0.704354;10.024654;0
0.209921;0.095754;0.704354;10.024654;0
0.210944;0.104737;0.704354;10.024654;0
0.212087;0.100067;0.688019;10.024654;0
0.213135;0.093326;0.688019;10.024654;0
0.214142;0.092752;0.672288;10.024654;0
0.214407;0.100336;0.672288;10.024654;0
0.214093;0.105694;0.672288;10.024654;0
0.213225;0.099288;0.657361;10.024654;0
0.211715;0.089587;0.657361;10.024654;0
0.209482;0.085089;0.643428;10.024654;0
0.205342;0.087840;0.643428;10.024654;0
0.201282;0.097406;0.630660;10.024654;0
0.196365;0.105497;0.630660;10.024654;0
0.190878;0.098591;0.630660;10.024654;0
0.182745;0.084330;0.619213;10.024654;0
0.175838;0.080102;0.619213;10.024654;0
0.168535;0.084296;0.609224;10.024654;0
0.160836;0.086878;0.609224;10.024654;0
0.152841;0.084328;0.600805;10.024654;0
0.141865;0.085013;0.600805;10.024654;0
0.133449;0.093542;0.594048;10.024654;0
0.124594;0.102702;0.594048;10.024654;0
0.116112;0.100248;0.589016;10.024654;0
0.105715;0.091973;0.589016;10.024654;0
0.096000;0.092658;0.585746;10.024654;0
0.087568;0.100518;0.585746;10.024654;0
0.079569;0.107012;0.584248;10.024654;0
0.071384;0.099701;0.584248;10.024654;0
0.063475;0.088268;0.584502;10.024654;0
0.053456;0.083035;0.586465;10.024654;0
0.046363;0.090268;0.586465;10.024654;0
0.039250;0.102552;0.590066;10.024654;0
0.032615;0.105165;0.590066;10.024654;0
0.024247;0.096566;0.595216;10.024654;0
0.018193;0.094748;0.595216;10.024654;0
0.012478;0.098662;0.601803;10.024654;0
0.007026;0.102174;0.601803;10.024654;0
0.001979;0.092776;0.609704;10.024654;0
-0.004538;0.077046;0.618781;10.024654;0
-0.009275;0.071457;0.618781;10.024654;0
-0.013717;0.075584;0.628884;10.024654;0
-0.018039;0.082151;0.628884;10.024654;0
-0.022292;0.079391;0.639861;10.024654;0
-0.028102;0.069994;0.639861;10.024654;0
-0.032808;0.070021;0.651550;10.024654;0
0.695958;0.062646;0.651550;10.024654;0
0.703037;0.068112;0.663787;10.024654;0
0.710268;0.063313;0.663787;10.024654;0
0.719968;0.058165;0.676411;10.024654;0
0.727143;0.063902;0.676411;10.024654;0
0.733938;0.079672;0.676411;10.024654;0
0.739978;0.092620;0.689273;10.024654;0
0.745094;0.100967;0.689273;10.024654;0
0.750182;0.118835;0.702250;10.024654;0
0.752386;0.136752;0.702250;10.024654;0
0.753020;0.153593;0.715236;10.024654;0
0.751603;0.156970;0.715236;10.024654;0
0.746641;0.155761;0.715236;10.024654;0
0.740866;0.159167;0.728140;10.024654;0
0.732848;0.170167;0.728140;10.024654;0
0.722741;0.182142;0.740891;10.024654;0
0.710276;0.181843;0.740891;10.024654;0
0.690547;0.178679;0.740891;10.024654;0
0.673760;0.180254;0.753432;10.024654;0
0.655311;0.185495;0.753432;10.024654;0
0.635210;0.181673;0.765717;10.024654;0
0.613544;0.174948;0.765717;10.024654;0
0.583590;0.174427;0.765717;10.024654;0
0.559840;0.179334;0.777713;10.024654;0
0.535410;0.175789;0.777713;10.024654;0
0.511095;0.173164;0.789400;10.024654;0
0.486613;0.175858;0.789400;10.024654;0
0.453710;0.190954;0.789400;10.024654;0
0.428679;0.201243;0.800763;10.024654;0
0.403872;0.196985;0.800763;10.024654;0
0.380065;0.184708;0.811799;10.024654;0
0.357391;0.175482;0.811799;10.024654;0
0.327247;0.174920;0.811799;10.024654;0
0.306292;0.179534;0.822510;10.024654;0
0.285825;0.174422;0.822510;10.024654;0
0.266318;0.167888;0.832901;10.024654;0
0.247375;0.169756;0.832901;10.024654;0
0.224285;0.182451;0.832901;10.024654;0
0.207415;0.191025;0.842986;10.024654;0
0.191097;0.183671;0.842986;10.024654;0
0.175930;0.171745;0.852775;10.024654;0
0.157348;0.160587;0.852775;10.024654;0
0.144350;0.160953;0.862283;10.024654;0
0.131899;0.166783;0.862283;10.024654;0
0.119555;0.169342;0.862283;10.024654;0
0.104124;0.147307;0.871522;10.024654;0
0.093686;0.132204;0.871522;10.024654;0
0.083312;0.124933;0.880501;10.024654;0
0.073288;0.129902;0.880501;10.024654;0
0.060476;0.128698;0.880501;10.024654;0
0.051394;0.115025;0.889225;10.024654;0
0.042430;0.105703;0.889225;10.024654;0
0.033793;0.106378;0.897693;10.024654;0
0.025153;0.114345;0.897693;10.024654;0
0.014185;0.112362;0.905898;10.024654;0
0.006311;0.103842;0.905898;10.024654;0
-0.001814;0.097802;0.905898;10.024654;0
-0.009815;0.100847;0.913821;10.024654;0
-0.017970;0.107289;0.913821;10.024654;0
-0.028520;0.095074;0.921436;10.024654;0
-0.036662;0.086016;0.921436;10.024654;0
-0.045080;0.082578;0.928704;10.024654;0
-0.054056;0.084786;0.928704;10.024654;0
-0.063649;0.092359;0.928704;10.024654;0
-0.077496;0.090472;0.935575;10.024654;0
0.071972;0.085644;0.935575;10.024654;0
0.071986;0.062175;0.941990;10.024654;0
0.072671;0.041522;0.941990;10.024654;0
0.074056;0.029970;0.941990;10.024654;0
0.077056;0.018142;0.947877;10.024654;0
0.080078;0.013143;0.947877;10.024654;0
0.083561;0.018896;0.947877;10.024654;0
0.087507;0.036109;0.953162;10.024654;0
0.093231;0.062711;0.953162;10.024654;0
0.097988;0.067986;0.957767;10.024654;0
0.102784;0.065407;0.957767;10.024654;0
0.107697;0.066017;0.957767;10.024654;0
0.112552;0.076111;0.961618;10.024654;0
0.118676;0.100142;0.961618;10.024654;0
0.123247;0.104533;0.961618;10.024654;0
0.127441;0.101921;0.964643;10.024654;0
0.131259;0.104098;0.964643;10.024654;0
0.134796;0.112999;0.966781;10.024654;0
0.137895;0.122921;0.966781;10.024654;0
0.141473;0.113265;0.966781;10.024654;0
0.143678;0.099350;0.967978;10.024654;0
0.145565;0.089537;0.967978;10.024654;0
0.147104;0.087555;0.967978;10.024654;0
0.148312;0.094419;0.968195;10.024654;0
0.149220;0.091942;0.968195;10.024654;0
0.150016;0.084196;0.968195;10.024654;0
0.150324;0.087853;0.967403;10.024654;0
0.150434;0.092115;0.967403;10.024654;0
0.150465;0.065966;0.967403;10.024654;0
0.150484;0.025800;0.965591;10.024654;0
0.150487;-0.000970;0.965591;10.024654;0
0.150254;0.007266;0.965591;10.024654;0
0.149919;0.039884;0.962762;10.024654;0
0.149504;0.088548;0.962762;10.024654;0
0.149073;0.137947;0.962762;10.024654;0
0.148561;0.165439;0.958939;10.024654;0
0.147932;0.180032;0.958939;10.024654;0
0.147013;0.194551;0.958939;10.024654;0
0.146297;0.205531;0.954158;10.024654;0
0.145590;0.205838;0.954158;10.024654;0
0.144874;0.188890;0.948476;10.024654;0
0.144276;0.170179;0.948476;10.024654;0
0.143698;0.157822;0.948476;10.024654;0
0.143421;0.154708;0.941966;10.024654;0
0.143265;0.140709;0.941966;10.024654;0
0.143241;0.126555;0.934717;10.024654;0
0.143417;0.120606;0.934717;10.024654;0
0.143698;0.130492;0.934717;10.024654;0
0.144066;0.146132;0.926836;10.024654;0
0.144565;0.153307;0.926836;10.024654;0
0.145207;0.143290;0.926836;10.024654;0
0.146004;0.131800;0.918442;10.024654;0
0.147321;0.122731;0.918442;10.024654;0
0.148464;0.123983;0.909667;10.024654;0
0.149888;0.113301;0.909667;10.024654;0
0.151570;0.099908;0.900652;10.024654;0
0.154088;0.094407;0.900652;10.024654;0
0.156316;0.102928;0.900652;10.024654;0
0.158775;0.118227;0.891546;10.024654;0
0.161478;0.127229;0.891546;10.024654;0
0.164655;0.115131;0.882497;10.024654;0
0.169530;0.096798;0.882497;10.024654;0
0.174121;0.091260;0.882497;10.024654;0
0.179340;0.095312;0.873651;10.024654;0
0.185399;0.093019;0.873651;10.024654;0
0.192828;0.083167;0.865144;10.024654;0
0.201879;0.076440;0.865144;10.024654;0
0.216937;0.082097;0.857099;10.024654;0
0.232047;0.086188;0.857099;10.024654;0
-0.656462;0.002831;0.857099;10.024654;0
-0.676382;-0.013310;0.849613;10.024654;0
-0.697483;-0.024092;0.849613;10.024654;0
-0.726749;-0.019114;0.842758;10.024654;0
-0.750373;-0.013904;0.842758;10.024654;0
-0.773654;-0.007563;0.842758;10.024654;0
-0.797419;0.004938;0.836575;10.024654;0
-0.821173;0.023441;0.836575;10.024654;0
-0.850942;0.035106;0.831076;10.024654;0
-0.871471;0.040125;0.831076;10.024654;0
-0.891326;0.050362;0.831076;10.024654;0
-0.910324;0.068018;0.826248;10.024654;0
-0.925404;0.083438;0.826248;10.024654;0
-0.942456;0.085760;0.826248;10.024654;0
-0.952479;0.081974;0.822053;10.024654;0
-0.959834;0.081091;0.822053;10.024654;0
-0.964589;0.088036;0.822053;10.024654;0
-0.966488;0.098547;0.818430;10.024654;0
-0.964345;0.099880;0.818430;10.024654;0
-0.959481;0.100500;0.818430;10.024654;0
-0.951725;0.104086;0.815302;10.024654;0
-0.941365;0.110822;0.815302;10.024654;0
-0.928009;0.118871;0.815302;10.024654;0
-0.909080;0.115651;0.812579;10.024654;0
-0.887699;0.112670;0.812579;10.024654;0
-0.866688;0.117577;0.812579;10.024654;0
-0.844382;0.130271;0.812579;10.024654;0
-0.810501;0.144193;0.812579;10.024654;0
-0.783112;0.144541;0.810160;10.024654;0
-0.753139;0.143117;0.810160;10.024654;0
-0.722344;0.142913;0.810160;10.024654;0
-0.689781;0.147077;0.807938;10.024654;0
-0.645841;0.150546;0.807938;10.024654;0
-0.610514;0.141802;0.807938;10.024654;0
-0.575431;0.135479;0.805802;10.024654;0
-0.540081;0.137947;0.805802;10.024654;0
-0.504520;0.143610;0.805802;10.024654;0
-0.459130;0.137602;0.805802;10.024654;0
-0.424743;0.132035;0.803644;10.024654;0
-0.390890;0.128919;0.803644;10.024654;0
-0.358230;0.130020;0.803644;10.024654;0
-0.326242;0.131232;0.801357;10.024654;0
-0.283450;0.120423;0.801357;10.024654;0
-0.253175;0.110554;0.798843;10.024654;0
-0.223480;0.106717;0.798843;10.024654;0
-0.194915;0.108976;0.796008;10.024654;0
-0.168412;0.113434;0.796008;10.024654;0
-0.134167;0.104961;0.796008;10.024654;0
-0.109608;0.098587;0.796008;10.024654;0
-0.086628;0.098443;0.792772;10.024654;0
-0.065078;0.105639;0.792772;10.024654;0
-0.043751;0.114119;0.792772;10.024654;0
-0.017383;0.104809;0.789062;10.024654;0
0.000833;0.097485;0.789062;10.024654;0
0.018499;0.095387;0.789062;10.024654;0
0.035336;0.094237;0.784823;10.024654;0
0.056318;0.078903;0.784823;10.024654;0
0.070813;0.071469;0.784823;10.024654;0
0.085424;0.070747;0.780008;10.024654;0
0.099386;0.076146;0.780008;10.024654;0
0.116414;0.084711;0.774588;10.024654;0
0.129085;0.081009;0.774588;10.024654;0
0.141055;0.077622;0.774588;10.024654;0
0.152788;0.080843;0.768549;10.024654;0
0.163886;0.090419;0.768549;10.024654;0
0.174591;0.098277;0.768549;10.024654;0
0.188510;0.087294;0.761891;10.024654;0
0.198921;0.077871;0.761891;10.024654;0
0.209125;0.074355;0.761891;10.024654;0
0.219481;0.076750;0.754634;10.024654;0
0.232334;0.079569;0.754634;10.024654;0
0.246646;0.067859;0.746813;10.024654;0
0.260736;0.058534;0.746813;10.024654;0
0.277959;0.056267;0.746813;10.024654;0
-0.284340;0.064160;0.738487;10.024654;0
-0.295457;0.073633;0.738487;10.024654;0
-0.310117;0.072920;0.738487;10.024654;0
-0.320960;0.072231;0.729730;10.024654;0
-0.331506;0.079163;0.729730;10.024654;0
-0.341098;0.093319;0.720634;10.024654;0
-0.350303;0.114385;0.720634;10.024654;0
-0.360425;0.137195;0.720634;10.024654;0
-0.366303;0.136995;0.711300;10.024654;0
-0.370517;0.137093;0.711300;10.024654;0
-0.373244;0.143826;0.701835;10.024654;0
-0.374234;0.156208;0.701835;10.024654;0
-0.372450;0.155780;0.692359;10.024654;0
-0.368946;0.152697;0.692359;10.024654;0
-0.364016;0.154541;0.692359;10.024654;0
-0.357167;0.164721;0.682996;10.024654;0
-0.345727;0.175617;0.682996;10.024654;0
-0.335106;0.167521;0.673883;10.024654;0
-0.323332;0.157696;0.673883;10.024654;0
-0.310634;0.155340;0.665158;10.024654;0
-0.297147;0.164855;0.665158;10.024654;0
-0.283167;0.179671;0.656970;10.024654;0
-0.263698;0.182242;0.656970;10.024654;0
-0.248376;0.175175;0.649469;10.024654;0
-0.233050;0.171803;0.649469;10.024654;0
-0.218107;0.173298;0.642807;10.024654;0
-0.203306;0.168138;0.642807;10.024654;0
-0.188618;0.153629;0.637133;10.024654;0
-0.169930;0.140269;0.637133;10.024654;0
-0.156871;0.140880;0.632590;10.024654;0
-0.144180;0.149731;0.629307;10.024654;0
-0.132642;0.153436;0.629307;10.024654;0
-0.119158;0.137455;0.627399;10.024654;0
-0.106903;0.121428;0.626958;10.024654;0
-0.097427;0.119165;0.626958;10.024654;0
-0.088213;0.122827;0.628045;10.024654;0
-0.079777;0.113406;0.628045;10.024654;0
-0.069586;0.101612;0.630691;10.024654;0
-0.062406;0.101166;0.634891;10.024654;0
-0.055823;0.109373;0.634891;10.024654;0
-0.049799;0.114533;0.640598;10.024654;0
-0.042066;0.102504;0.647728;10.024654;0
-0.036415;0.094063;0.647728;10.024654;0
-0.031242;0.092764;0.656157;10.024654;0
-0.026152;0.092408;0.665720;10.024654;0
-0.021261;0.082875;0.665720;10.024654;0
-0.016795;0.075666;0.676221;10.024654;0
-0.011180;0.076570;0.676221;10.024654;0
-0.007635;0.084339;0.687426;10.024654;0
-0.004932;0.078516;0.687426;10.024654;0
-0.861239;0.034098;0.699076;10.024654;0
-0.871625;-0.005279;0.699076;10.024654;0
-0.887890;-0.083069;0.710886;10.024654;0
-0.903798;-0.128969;0.710886;10.024654;0
-0.921998;-0.152839;0.722568;10.024654;0
-0.941213;-0.146320;0.722568;10.024654;0
-0.960167;-0.109614;0.733852;10.024654;0
-0.978341;-0.052376;0.733852;10.024654;0
-1.000000;0.034241;0.733852;10.024654;0
-1.000000;0.083868;0.744488;10.024654;0
-1.000000;0.115231;0.744488;10.024654;0
-1.000000;0.135739;0.744488;10.024654;0
-1.000000;0.147917;0.754251;10.024654;0
-1.000000;0.157627;0.754251;10.024654;0
-1.000000;0.156356;0.762938;10.024654;0
-1.000000;0.145567;0.762938;10.024654;0
-1.000000;0.136662;0.762938;10.024654;0
-1.000000;0.132949;0.762938;10.024654;0
-1.000000;0.136988;0.762938;10.024654;0
-1.000000;0.142428;0.770373;10.024654;0
-1.000000;0.140285;0.770373;10.024654;0
-1.000000;0.138689;0.770373;10.024654;0
-1.000000;0.147148;0.776406;10.024654;0
-1.000000;0.161679;0.776406;10.024654;0
-1.000000;0.175992;0.776406;10.024654;0
-1.000000;0.180154;0.776406;10.024654;0
-0.994360;0.175788;0.780913;10.024654;0
-0.959213;0.168034;0.780913;10.024654;0
-0.931192;0.166931;0.780913;10.024654;0
-0.901842;0.170785;0.783795;10.024654;0
-0.871202;0.173722;0.783795;10.024654;0
-0.829132;0.166636;0.783795;10.024654;0
-0.796148;0.162904;0.784978;10.024654;0
-0.763527;0.164025;0.784978;10.024654;0
-0.731425;0.170673;0.784978;10.024654;0
-0.698725;0.178128;0.784978;10.024654;0
-0.655164;0.170987;0.784413;10.024654;0
-0.622823;0.163365;0.784413;10.024654;0
-0.591944;0.162135;0.784413;10.024654;0
-0.561985;0.169325;0.782077;10.024654;0
-0.532380;0.178576;0.782077;10.024654;0
-0.494918;0.174239;0.782077;10.024654;0
-0.467910;0.168338;0.777971;10.024654;0
-0.442264;0.164031;0.777971;10.024654;0
-0.417984;0.165380;0.777971;10.024654;0
-0.394970;0.167595;0.772121;10.024654;0
-0.373608;0.156912;0.772121;10.024654;0
-0.347187;0.138998;0.772121;10.024654;0
-0.328745;0.132508;0.764576;10.024654;0
-0.311852;0.135708;0.764576;10.024654;0
-0.296294;0.140569;0.764576;10.024654;0
