457.261245;452.278441;466.962354;450.177027
455.698339;452.320340;466.886080;450.436184
456.475910;452.379904;466.228970;450.391198
457.232781;454.265975;461.119704;451.075813
452.859348;454.094980;465.714030;451.775284
451.394125;454.274843;467.528068;452.117401
454.276174;454.996420;464.672233;452.286414
453.777312;455.410887;464.839067;452.887955
454.031409;456.664700;460.192722;453.587952
452.230642;456.727039;462.256815;454.138186
453.246680;457.304134;460.949218;454.460784
453.638267;457.863218;460.149725;454.889856
449.747283;458.560191;460.268895;455.699682
450.580531;458.879308;459.346712;456.018843
451.041976;459.271006;458.822445;456.250346
451.825596;459.672392;457.827064;456.506653
462.788121;461.216262;441.961319;456.545266
448.448979;460.264485;457.805700;457.262582
448.909389;460.460588;457.709339;457.383835
448.503538;460.618259;458.587057;457.564571
448.552417;460.739753;459.330054;457.620149
464.951044;461.966559;439.821560;457.334795
450.758967;461.141412;455.197339;457.838314
448.676102;461.049439;457.905910;457.897568
448.773864;461.073471;458.524243;457.856651
448.223315;461.003621;460.105146;457.857844
461.058538;461.647275;444.732968;457.704260
446.272911;461.006599;460.652653;457.939332
447.266651;460.952608;460.827956;457.783725
449.020452;461.107540;460.055294;457.740959
452.232009;461.249136;457.432677;457.761028
469.353137;461.332042;437.963879;457.492823
454.504477;461.188396;454.070183;457.669007
453.053882;461.272327;455.890969;457.742823
451.255180;461.407081;458.022095;457.916076
449.306488;461.600785;460.421185;458.136975
458.578568;461.444084;449.771382;458.027474
452.155017;461.548359;456.617827;458.364229
449.743406;461.570505;459.288255;458.771328
448.469638;461.514701;461.047097;459.162999
451.668719;461.274312;458.491693;459.422177
474.416742;460.664015;434.775980;458.577171
454.075240;459.999431;456.840850;458.777047
454.346776;459.455086;457.773442;458.235733
452.389146;458.617095;461.597590;457.719306
455.234319;458.057203;460.996351;456.397008
454.261075;456.283727;463.571299;455.567577
458.770305;455.032101;461.963703;454.026566
456.632209;454.024024;467.925559;451.909798
460.173297;453.304260;467.822398;449.908588
465.786622;454.165645;461.732520;448.373401
462.296282;451.084261;470.869305;446.539291
462.074782;448.939051;475.135389;445.341405
465.326208;447.648858;475.197874;444.015012
468.110488;446.326516;475.354897;442.975830
479.845411;450.509724;457.429338;442.551892
469.937852;445.571374;472.658140;442.714702
469.691867;444.826666;474.545338;442.501479
469.506365;444.123437;476.298615;442.364015
469.554663;443.457476;477.838077;442.173379
468.716269;446.186844;473.567828;443.456099
467.783310;445.725596;475.159699;443.762467
465.764145;444.745475;478.672059;444.095740
467.762678;445.161919;477.176258;443.921191
475.357145;451.446927;460.198422;444.570276
464.463432;447.295450;474.356263;446.338752
464.789483;448.332671;473.155939;446.943782
464.000214;448.163671;474.753493;447.311812
464.937696;448.465066;474.269565;447.482013
469.315162;453.894593;460.912234;448.508755
462.982363;452.836429;467.486747;450.335882
460.124538;452.331612;470.656569;451.238109
461.046738;452.888119;469.535073;451.386928
462.757612;454.128196;466.586484;451.604457
460.463651;457.037513;461.809760;453.612860
459.170206;457.148092;462.366586;454.527128
457.531424;457.410735;463.602594;455.091546
456.775503;457.712852;463.960117;455.609462
457.471504;458.094812;463.063623;455.777045
455.232347;460.915639;457.770884;457.785456
452.356408;460.209761;461.052270;458.571280
451.100743;459.917126;462.783393;458.764282
451.461507;459.638201;463.732214;458.431914
453.405093;460.000944;462.078891;458.192255
461.709896;463.736914;446.243637;458.474912
452.677824;461.314193;457.012119;459.128721
451.991702;461.141156;458.640855;459.228192
452.220366;461.098952;459.223354;459.021334
452.823427;460.748191;460.154537;458.502492
464.577291;464.259074;441.417938;458.169277
452.271342;461.581074;457.013670;459.127251
451.745897;461.201605;458.665910;458.921637
449.375608;460.252655;463.341033;458.760442
452.110937;461.814472;456.072651;458.937902
450.492676;461.245877;459.054447;458.906231
450.557009;460.817097;460.321215;458.631674
451.864313;460.853073;459.690330;458.299242
470.555510;464.144950;435.047309;457.284526
453.310887;461.837019;454.957893;458.526653
449.335355;460.597182;460.907086;458.492138
450.466318;460.505481;460.685644;458.108429
452.331700;460.549801;459.474452;457.840996
463.602718;462.208795;443.541871;457.494061
451.009074;460.889693;458.334289;458.060811
451.037661;460.610316;459.019902;457.956189
451.321521;460.655252;459.057026;457.862361
449.872320;460.436810;461.598591;457.809346
452.159855;461.077054;456.169873;457.954903
451.069084;461.022607;457.647387;457.953216
450.342628;460.967405;458.905458;457.934781
450.214400;460.952719;459.594120;457.937261
458.082406;462.071419;447.343552;458.335135
445.841881;461.815259;458.972278;459.498473
438.482376;460.883096;466.888112;459.471756
436.211249;460.731281;470.345460;458.885435
442.095692;461.069811;466.343810;458.706570
446.722004;461.205381;463.356823;458.623900
458.801444;461.803795;449.723632;458.370697
454.205237;461.433899;455.674015;458.446710
455.540775;461.560125;454.836028;458.306084
455.115956;461.536288;455.660684;458.234938
476.442925;461.183517;430.257793;457.369434
457.402333;461.041879;450.521911;457.833552
452.291703;461.121337;455.655255;457.919305
448.896804;461.267586;458.972022;457.976923
449.320257;461.251416;458.743988;458.002179
448.923479;461.546378;458.746567;458.284970
447.923570;461.354954;458.362302;458.208951
447.559041;461.457303;458.675782;458.484470
448.438975;461.605297;457.971017;458.746627
465.478332;461.082342;440.212605;458.703854
451.018556;461.406867;455.247371;458.812047
449.613272;461.510894;457.197593;458.839348
449.349573;461.593650;458.152191;458.859236
452.098391;461.504471;456.449745;458.602083
459.425589;460.668103;448.136874;457.857325
449.989896;460.727886;458.657380;457.748685
452.950869;460.540024;456.781253;457.461536
454.475493;460.276868;456.362448;457.182322
451.551998;460.259366;460.596347;456.742796
454.448107;459.635306;457.903168;455.864741
451.006411;459.467226;462.245789;455.699161
449.437840;459.298092;464.811165;455.648298
453.976372;459.113477;461.318849;455.668941
471.161846;458.428573;442.888368;455.015792
452.145605;458.319468;463.381774;455.187267
453.620143;458.265209;462.442899;455.175970
453.101349;458.323676;463.537249;455.289244
453.249909;458.494960;464.040501;455.437594
458.481061;457.891922;457.252638;454.705912
453.693971;458.178202;462.481897;454.986285
454.455275;458.327967;461.821554;455.088001
453.944193;458.566030;462.636679;455.293340
455.210348;458.762146;461.519609;455.461581
458.468994;458.331014;456.304576;454.858315
453.832773;458.753446;461.158842;455.297327
452.469580;458.929838;462.545575;455.503237
451.512247;459.306203;463.917293;455.888036
454.068766;459.616808;461.690136;456.136674
462.294414;458.689042;450.458164;455.040542
450.756173;459.453451;463.138389;455.959584
451.008295;459.662125;463.033556;456.138465
473.262855;459.063619;438.264262;455.209288
453.950857;459.407244;458.435784;455.749585
452.518463;459.735265;460.425776;456.082316
450.479014;460.047203;463.091184;456.407449
453.299158;460.227892;460.700725;456.506971
454.210124;459.448981;457.394135;455.686144
450.651057;459.729337;461.568598;455.975503
447.992929;460.003269;464.767050;456.222834
448.169576;460.274536;465.435403;456.514256
454.276331;460.342553;459.838839;456.507891
468.780484;459.139486;441.022934;454.974146
457.190012;459.413344;454.141236;455.535866
451.330700;459.691380;460.808482;455.849070
450.254827;459.884570;462.476256;455.988360
448.248411;460.152885;464.913111;456.250838
451.818824;459.293058;459.206998;455.224744
448.784631;459.637123;463.195283;455.579154
450.222161;459.776651;462.422621;455.740091
450.804180;459.955515;462.615770;455.897188
458.543345;459.199008;452.189047;454.930417
452.907048;459.356474;458.684554;455.231020
450.541858;459.558608;461.913708;455.508497
448.456514;459.842369;465.079528;455.851647
474.524585;459.201303;436.882916;454.759219
457.279425;459.256372;455.129505;455.086045
455.281558;459.319068;457.644139;455.224536
453.652554;459.394420;459.755786;455.305144
454.467677;459.365645;459.311851;455.246488
453.883188;459.387203;460.360385;455.268978
467.402038;458.623166;443.697332;453.950074
451.490480;458.826680;461.189762;454.577173
449.858515;458.820961;463.069173;454.575806
448.582518;458.811409;464.958244;454.728783
463.344134;458.631599;448.627138;453.914014
455.651415;458.431050;456.629317;454.137821
448.902165;458.327723;464.596453;454.495323
451.603103;458.319034;462.704133;454.421317
453.743656;458.295375;461.425710;454.340831
452.667421;458.255355;463.228831;454.376610
457.256388;457.950220;456.452391;453.477474
454.020326;457.765771;460.512777;453.603360
447.818652;457.279297;467.874314;453.831586
453.346738;457.312621;463.337809;453.621232
467.610020;457.664221;445.903036;452.837387
456.473311;456.068622;458.778312;453.396579
452.992576;459.886827;463.011342;449.635726
451.953615;461.341792;463.632987;449.340966
446.137452;462.431288;468.067341;450.879794
451.750949;461.794805;458.421601;453.807249
449.036324;462.137617;458.949539;456.717901
444.887239;463.212887;460.411392;459.393701
446.591335;464.431506;456.190046;461.813307
462.020873;462.188013;438.559754;463.513494
439.218999;466.772438;456.656665;464.675344
441.186261;468.310182;452.459446;466.186183
437.925932;470.695154;453.339167;467.355291
437.518555;472.862516;451.419970;468.826855
449.219111;470.433445;440.099613;468.635624
440.176698;473.222420;447.374839;468.656853
437.415652;474.750584;448.614173;469.400538
437.614568;475.680928;447.736005;470.114366
468.634392;467.607783;419.964234;471.207441
442.562128;472.554765;445.426693;469.139910
439.115389;473.823855;448.593926;469.062524
438.966915;474.045861;449.182744;469.174667
438.868635;474.310445;450.451079;469.160122
465.415834;465.420666;428.756276;469.439225
444.514578;469.617740;449.562962;466.774817
441.432261;470.806306;453.255217;466.152696
439.319446;471.803955;455.654153;466.126868
443.940041;471.183299;452.864775;466.288661
459.363540;463.897552;442.272124;464.749318
449.347289;465.962656;452.914740;462.555629
445.213708;467.808052;457.265243;462.544775
444.785317;468.334767;458.446685;462.653995
444.767140;469.165715;458.991823;463.103255
471.620218;459.515081;437.637823;461.831144
454.536677;463.416200;455.000226;460.083429
452.311364;464.147237;457.736304;459.834678
450.113864;464.856247;460.446590;459.675786
452.249808;464.463413;459.300502;459.723018
481.648420;454.340131;434.122447;458.043835
461.798268;458.218574;453.991081;456.003407
451.789919;461.076292;463.935883;455.967374
451.961747;461.130243;463.870219;455.989327
452.933938;461.062180;463.290685;456.064289
470.652824;454.577939;448.552585;454.276688
457.092135;457.682519;461.632741;453.722314
452.675764;459.225076;465.166486;453.988794
450.053695;460.407847;467.018108;454.605540
454.656698;460.282211;462.123650;455.512128
476.630242;453.623822;442.477956;453.820091
452.840888;458.492101;464.702729;453.565754
452.909412;459.074875;463.811901;454.082498
452.616380;459.641414;463.579988;454.511815
453.502216;460.038606;462.285370;455.056046
484.910350;453.031502;431.719572;454.334529
460.194884;456.849527;456.089342;453.404519
453.052270;458.645716;462.199745;453.503306
450.406620;459.478416;463.793439;454.000648
449.328262;460.621177;463.427533;455.090782
468.191291;455.489399;445.970400;454.475366
452.139411;457.811266;460.075769;454.805654
449.088951;458.755040;462.302058;455.603200
447.345079;459.225666;463.624821;456.378897
450.817880;459.478234;460.298868;456.885965
482.260400;454.786612;430.339961;455.435038
463.473712;455.869135;449.996426;454.532077
459.329984;454.719468;455.851044;454.446265
453.773469;459.580440;462.695039;449.297843
451.407465;461.229122;465.367664;448.250266
451.442605;461.802156;464.932623;449.293498
454.449003;460.323515;461.485277;449.798902
451.089601;460.528784;463.091218;452.399127
449.898208;460.832609;462.433256;455.205614
450.258529;461.511276;460.101528;457.820051
472.914786;454.103222;439.787744;457.040197
443.496007;459.464524;466.008281;457.995546
436.772764;462.060855;468.743174;459.000862
433.699148;464.800656;468.862734;460.551204
437.512850;467.243145;463.016373;462.430816
447.822893;466.453428;451.952297;463.588219
447.353078;468.438948;450.935670;464.231340
447.670229;470.002112;449.918585;464.984658
446.256228;471.136432;450.972804;465.817597
450.404047;470.766184;446.868815;466.343802
456.889539;466.261821;441.769643;464.298158
449.282269;467.703741;449.791536;463.632783
440.837520;469.313304;457.761432;463.595306
439.646803;469.851446;459.009209;463.907557
473.595433;461.098674;428.910385;463.128366
451.231249;464.077381;452.312112;461.240921
442.771491;466.501270;460.602488;461.029703
445.012728;466.280193;459.306518;460.940355
445.765837;466.089710;459.628830;460.908740
450.662212;461.918272;458.162657;457.903891
449.699669;462.473505;459.991330;457.635759
445.934941;463.444963;463.993742;457.809435
450.878428;463.067750;460.129954;458.195724
452.492715;462.929786;459.494123;458.182470
461.474349;458.482811;452.849632;455.741780
453.563423;460.125437;461.212496;455.601273
452.144664;460.543271;462.766457;455.699536
450.311436;461.333919;464.571059;456.163353
482.414969;454.629082;434.361954;455.365803
458.817911;457.497379;458.237453;454.079027
451.744793;459.073246;464.816164;454.159719
449.289003;459.852595;466.661804;454.634427
451.936397;459.980554;464.089534;455.009466
473.319513;455.693347;443.886716;454.349882
456.857140;458.091181;459.479421;454.142734
447.884939;460.235741;467.121754;454.823551
450.584239;460.547436;464.173533;455.496502
480.902756;455.457797;434.255924;454.565188
469.890764;456.224734;444.727068;454.117696
452.614045;458.632065;461.245346;454.238023
452.455353;459.052038;460.938655;454.574335
449.740238;459.848352;463.335428;455.071032
451.761394;460.190997;461.225103;455.717810
449.811816;460.328648;462.737723;456.014426
455.365011;457.863297;457.090618;454.310646
453.645214;458.427977;459.025174;454.473285
450.165187;459.108129;462.467019;454.834089
481.195010;455.722230;431.668970;453.805677
461.559738;457.278738;452.148950;453.375738
449.014020;462.100786;464.395972;450.778540
447.549073;463.491960;464.170564;451.664693
470.249785;459.266846;442.593152;454.082463
446.595810;463.715476;461.428642;456.100290
445.117965;464.765398;460.208442;459.181347
445.272706;466.057242;457.461969;462.140911
446.233557;467.329172;453.948932;464.661138
455.678362;464.073828;445.509548;465.013002
442.865973;468.642210;453.188259;466.735723
437.050207;471.829341;455.385249;468.048836
438.905725;473.505920;451.876745;469.136367
441.217453;474.565335;448.087652;470.455910
449.429089;470.556409;441.832479;469.399420
443.370260;472.902645;446.812538;468.949036
438.768827;474.492139;450.781252;468.805583
439.335480;474.962447;449.827823;469.456616
439.786503;475.356535;449.421229;469.874067
438.885321;472.877040;452.914438;467.696094
442.852712;472.128925;450.124282;467.611691
439.502087;473.427968;453.388795;467.619065
442.268460;472.967386;452.247926;467.686715
444.496537;472.521675;451.375936;467.745863
470.040991;461.744286;432.426160;465.874398
454.039805;464.976631;450.394413;462.585559
448.192195;466.224664;457.290907;461.385890
445.101670;467.081662;460.802513;461.171225
477.648122;455.550160;435.577446;459.458531
453.098537;460.368062;460.331241;457.026152
451.666896;461.325022;462.321021;456.389788
451.046510;461.572016;463.612421;456.219421
452.674935;461.193478;463.127151;456.143087
459.592469;456.103148;461.103444;452.990811
455.443652;457.668892;464.878134;452.745890
452.785314;458.278058;467.559607;452.856729
449.511020;459.757742;469.965775;453.772478
455.942693;459.024881;464.306549;454.414227
466.355745;454.191009;456.049618;452.005317
461.355635;455.306579;461.419339;451.898230
455.234030;456.872813;466.491392;452.243844
453.095682;457.875150;468.053409;452.943900
458.378352;457.212377;463.069000;453.058737
477.986971;451.672226;444.320542;450.484566
457.837808;454.442178;464.788229;450.650812
454.074956;455.189215;467.652017;450.773466
451.794951;455.813982;469.704377;451.267238
452.997818;455.878886;468.891731;451.664595
459.279914;453.424342;462.912923;449.752298
457.970016;453.598602;464.711912;449.897210
456.465988;453.466118;466.748632;449.975828
454.509841;453.365207;469.610864;450.118324
484.873428;452.105495;438.847234;447.030407
463.756293;452.322196;461.579439;447.185207
457.942908;452.503456;468.369896;446.967069
459.865109;452.658763;466.569085;447.081969
461.114094;452.503095;466.139373;446.946045
479.810398;453.118291;444.648631;445.849645
461.629093;451.526333;465.141617;446.832206
461.409687;451.024585;465.361542;447.767980
458.955649;454.917486;467.816235;444.362427
457.618841;456.325707;468.137372;444.811609
458.507918;458.096624;463.427186;446.027610
455.401857;457.984849;463.246751;449.968175
451.036765;458.871901;464.571706;453.159854
449.564597;459.950037;462.686554;456.324209
458.820296;459.803245;448.789405;460.095099
447.966518;462.319948;455.900015;461.530243
444.037799;464.693171;456.393560;463.423976
441.318965;467.283254;455.752058;465.046146
464.722381;465.817414;429.968754;467.931233
450.927578;468.259809;442.500493;466.765100
441.327485;471.909078;447.724669;468.069319
437.555158;473.565280;449.992280;468.473250
440.003543;474.312564;446.332645;469.557845
464.336466;469.237026;424.205893;471.338175
441.157872;473.361435;446.050958;469.449694
436.353198;475.014285;449.088039;469.632113
436.524342;475.405620;448.488605;470.299544
460.778308;469.251728;428.528144;472.241981
441.967365;472.878962;446.112935;470.215525
436.996371;474.652290;450.079843;469.685664
438.858646;474.356337;449.525991;469.600711
439.648523;474.652744;449.030926;469.937104
459.089751;467.778217;435.859914;470.109739
446.566138;470.881572;447.379238;468.058085
444.002259;471.676254;450.223915;467.606505
440.995443;472.992006;452.421898;467.756467
442.573286;472.918942;451.235628;468.098440
454.120437;466.389904;446.395915;466.188939
449.498802;468.018736;450.833891;465.163651
445.975408;469.043037;454.443296;464.629360
446.991361;468.811816;454.090359;464.623511
447.950321;468.605494;453.855226;464.631662
456.775953;462.514613;450.422107;462.595684
448.692843;465.241432;457.637683;461.272661
446.959141;466.472115;458.411286;461.663705
468.038082;459.279545;443.065273;461.937431
462.147234;459.840966;448.741399;461.015541
448.756197;464.329479;459.478788;459.846884
451.102569;464.213416;457.646196;460.169973
449.925043;465.110898;458.630806;460.444077
452.536886;464.627719;456.792597;460.677547
472.186169;456.573014;442.558689;459.625978
456.054298;460.815128;457.687051;457.777434
453.735912;461.508252;460.007280;457.482079
452.194924;461.968344;461.559246;457.480062
453.890633;461.630570;460.415151;457.571014
477.710874;453.810252;441.318295;456.902696
460.614895;457.189659;457.836838;455.284030
456.144594;458.648171;461.907516;454.908444
453.558037;459.672112;463.578761;455.219322
454.532260;459.766333;462.581019;455.579297
452.293388;460.200874;464.304648;455.814888
454.539228;457.323944;464.332352;453.726718
453.552683;458.285387;464.568321;454.151421
453.954996;458.835367;463.763145;454.645977
454.469705;459.598922;462.326666;455.532870
475.563452;454.269835;443.690453;455.153008
458.690621;457.110192;459.342464;454.298080
469.474139;453.255460;451.489687;452.681094
452.099382;457.579655;466.252705;452.820314
449.288138;458.699122;467.329602;453.678665
461.273705;456.190470;457.421192;453.907985
449.126894;458.947370;466.904884;454.293591
447.559834;460.514697;467.045403;455.425307
451.815848;461.210277;461.979173;456.974205
452.211719;461.969681;460.795073;458.000799
455.630534;460.176360;457.479218;457.005905
453.948463;461.429830;458.388612;457.596950
453.803168;461.978205;457.964484;458.246524
477.993171;456.562214;434.394418;457.574222
455.576649;459.301866;456.684033;457.270030
454.796485;459.209981;457.574611;457.417175
450.439200;459.715545;461.853570;457.520048
449.864639;459.699964;462.892354;457.558893
463.888604;456.727021;450.710392;455.898655
453.583923;457.283274;461.928698;455.293932
454.017536;456.732612;463.098730;454.660088
454.448155;455.825923;464.734942;453.919822
455.860072;454.867939;465.781791;452.943060
462.884666;452.536221;461.145431;450.080517
458.706201;455.792445;467.355330;445.402938
455.616397;456.519783;471.214171;444.302941
458.395430;455.692398;467.842066;446.353735
459.741032;455.330929;465.835197;447.936116
464.548431;453.840843;459.179049;448.928007
457.404623;454.543409;464.322295;451.278303
453.855281;455.364471;465.555631;453.405826
453.719148;456.904224;463.174234;455.241578
453.022257;457.826821;461.641230;457.122517
456.356064;457.901968;455.490429;457.329219
450.896873;459.935226;458.566446;458.296360
446.060883;462.001770;460.973714;459.141643
449.631530;463.037711;456.031581;459.817238
449.796285;464.127990;454.425492;460.586315
461.965403;461.827388;441.274549;460.192192
445.765196;464.761897;455.140235;460.760301
446.475203;465.037698;454.325580;461.079854
445.528926;465.554406;455.014448;461.479462
445.292951;466.029058;455.205360;461.894871
470.925969;462.306579;430.327435;461.851090
452.294295;463.485664;450.047584;460.715846
448.523782;463.953548;454.155314;460.594651
446.698467;463.937941;456.891607;460.208702
445.463329;464.101329;458.846930;460.069026
467.199226;460.430876;439.307354;459.495416
452.246283;461.778799;454.894038;458.625122
451.106724;461.715909;457.257003;458.113198
448.820677;462.039126;460.240473;458.085315
452.566897;461.503448;457.765813;457.869943
466.246882;458.134000;445.131469;456.494323
450.546439;459.404780;461.339061;455.841538
451.034747;459.378828;461.707772;455.647855
453.111827;459.297787;460.445607;455.722254
454.544616;459.055754;459.887720;455.620695
462.401771;456.993009;452.879109;454.286695
454.989497;457.412945;461.317188;453.936702
449.563181;458.169868;466.563843;454.239949
453.952606;457.952570;462.838018;454.327704
455.802424;457.896668;461.542112;454.399309
472.753182;455.885303;444.238015;453.548275
455.445186;456.838558;462.203899;453.465112
454.474420;457.242562;463.108186;453.722778
454.391655;457.371112;463.600704;453.897230
455.368360;457.467742;463.140023;454.029222
462.978101;456.334261;454.964902;452.878055
456.578770;456.832942;461.851876;453.073209
453.788207;457.154091;464.801139;453.255352
453.155761;457.492797;465.659484;453.486875
476.600382;456.592298;441.475787;452.756579
467.824808;456.809838;449.614618;453.005608
454.684837;457.379463;462.500718;453.459062
454.865433;457.658748;462.178026;453.848214
455.120809;457.995885;461.783654;454.207734
457.227538;458.293571;459.407983;454.552221
466.621083;459.671004;448.152266;452.451307
453.243793;462.969126;458.917304;452.905431
447.690976;464.463390;461.346828;455.380400
446.217301;465.755037;459.296685;458.639575
465.409730;461.725708;438.910426;462.365943
443.158537;467.018780;454.396438;465.136456
441.378138;469.178755;452.140430;467.803375
440.328972;471.463171;449.690999;470.024892
440.140681;473.522938;446.655614;472.071086
449.692505;470.070194;437.970580;471.794178
439.639614;474.772462;443.068501;473.268059
434.351894;477.377478;446.968560;473.139007
433.186095;479.231732;446.316295;474.163602
459.856870;471.387464;422.600188;475.371643
440.733319;475.861745;440.830124;473.360286
440.256879;475.881544;443.271506;472.200651
438.689631;476.332290;445.584279;471.964038
437.501629;476.708849;447.788028;471.606471
449.441964;469.916295;441.566817;469.429270
442.226006;471.848788;450.597612;467.518695
439.987795;472.223431;453.971046;466.882353
440.981805;472.215098;454.845536;466.612462
449.095540;465.890515;453.228056;463.140581
449.294896;465.912296;455.484142;461.847447
446.611581;466.516496;459.768323;461.088105
449.436675;465.734218;459.148503;460.658122
453.674902;464.179281;457.274301;460.286812
466.064049;456.083724;450.110824;456.611366
457.197586;458.029568;460.462717;454.724670
454.667992;458.721771;463.890582;454.230885
451.168416;459.705846;467.815395;454.107887
454.112206;459.596902;465.549056;454.579663
471.426686;451.953084;451.398625;451.960278
453.523221;456.674535;468.058552;451.716314
456.366334;456.790428;465.388863;452.266259
456.777048;457.294669;465.012445;452.767927
455.784362;458.298825;465.910448;453.499828
465.212423;453.494319;458.469017;450.811066
460.003233;455.192406;462.901607;451.152647
454.915435;456.174202;467.814576;451.236065
455.537403;456.998542;466.021820;452.253405
457.176700;457.160202;464.022528;452.737457
457.715514;457.396420;463.123829;453.118991
456.429857;455.439502;464.189333;451.276077
454.277134;456.363957;465.502548;451.851890
450.709314;457.317191;468.149727;452.429767
452.016626;457.978396;466.273604;453.257589
474.203718;453.985424;444.065292;451.922095
461.993597;455.427610;455.977162;451.974423
452.422453;457.279238;464.724671;452.754582
452.117579;457.747313;464.750174;453.259731
453.272963;458.061447;463.656910;453.678466
471.893066;455.310626;443.994470;452.344011
455.981373;456.520256;459.968074;452.601021
452.894580;456.809000;463.433277;452.753028
450.262414;457.182489;466.400991;453.118283
452.737937;457.176688;464.661220;453.230435
455.713042;455.937881;461.491813;451.675849
456.115067;456.020621;461.706861;451.460048
454.843288;456.013275;463.811688;451.295825
455.451791;455.904886;463.997036;451.195969
458.738244;455.835518;461.108510;451.313027
484.198367;454.909821;432.965895;449.419689
463.765571;454.083825;455.352055;450.272077
465.971758;453.302923;453.716442;450.621064
454.027298;455.241698;466.678177;448.730590
451.812608;456.108383;469.282181;448.238195
463.777931;456.852230;456.267804;449.009741
451.780345;456.694320;467.670015;450.014730
450.447734;456.748153;468.533221;451.436553
453.458572;457.059091;464.981480;453.062900
455.874854;457.465715;462.007815;454.325327
469.700312;457.630182;444.869503;454.580076
455.844968;458.186017;457.581319;455.688780
449.422136;459.043965;463.054025;456.432493
447.365261;460.005228;464.318737;457.023981
448.380004;461.084614;463.061763;457.463074
461.193959;460.962288;447.440575;457.230569
453.345342;461.720984;454.909544;457.657349
446.485288;462.488383;461.439136;458.157156
450.926404;462.572057;456.975686;458.361102
451.202898;462.892994;456.496535;458.558633
463.280596;461.727599;442.573905;457.860950
451.828735;462.367738;454.242808;458.439042
448.367248;462.462227;458.194608;458.441679
445.711177;462.910223;460.918935;458.562526
448.153981;462.838309;459.353513;458.672580
457.758575;461.706916;449.138102;458.098998
448.167392;462.237250;459.330269;458.124564
448.813806;462.237092;459.458843;458.094979
449.994874;462.338522;459.018308;458.144642
454.856979;460.772587;453.067950;457.141185
454.983351;460.364391;453.478328;456.685891
436.124819;461.148207;471.607394;456.739782
438.781214;461.535032;469.670994;456.970301
442.095297;461.960593;467.577934;457.710419
447.974818;462.544836;463.238954;458.279206
453.884307;463.173037;458.665864;458.615156
460.376918;461.340258;450.943345;457.559322
457.126382;461.718264;454.973786;457.673681
453.060036;462.076891;459.590712;458.034178
455.792832;461.780906;456.972944;457.947122
454.212354;461.771222;458.478461;457.852048
456.441952;459.980542;454.459370;456.181737
451.063186;460.482446;460.207821;456.362909
448.221804;460.944554;463.190507;456.541082
447.667490;461.420588;464.099428;456.884643
455.330859;459.598900;455.189074;455.611067
450.858995;460.326075;460.016283;455.856455
446.351005;461.036056;464.679506;456.272577
448.542871;461.453473;462.823309;456.765205
452.752470;461.496902;458.906539;457.134445
452.036591;461.804927;459.479335;457.374469
455.059698;460.195471;454.997256;456.144835
452.589327;460.706224;457.590491;456.476530
449.016668;461.249117;461.125503;456.655425
448.098311;461.895068;462.185897;457.157035
458.886291;459.901566;450.418156;456.116022
450.007605;461.182270;459.344231;456.408859
445.534008;462.025557;463.529217;456.924143
446.998468;462.524030;462.001960;457.393796
450.881020;462.757080;458.255090;457.818699
481.799963;458.985919;425.236842;457.275513
454.014000;461.614868;453.927434;457.071849
449.930454;462.310504;457.515978;457.312295
447.131609;463.123425;459.614261;457.780906
446.854112;463.733825;459.285250;458.546633
464.951061;460.751986;440.821934;458.805170
452.306036;462.530415;452.848995;458.891117
446.414915;464.014994;458.007400;459.282495
446.168791;465.103474;457.500460;459.910276
476.319252;460.413785;427.241090;460.754612
457.368556;463.310717;446.321869;459.368269
452.164232;466.171166;449.827466;459.811190
445.364193;461.073062;455.277232;465.714425
443.515136;459.614447;457.850507;466.458929
464.939474;456.256480;440.903049;463.227745
452.305399;456.820365;457.191118;459.983958
452.430460;457.205174;461.760653;455.548642
455.155148;457.236125;464.122071;451.346773
468.787244;457.561011;453.530553;447.605996
458.020354;453.906491;472.132555;444.162344
459.184871;450.723036;475.621331;443.422382
464.770812;448.387225;475.159850;441.635163
469.243312;446.050375;475.438471;440.004266
478.205767;445.690498;467.989474;437.628860
473.956128;442.217455;476.046114;437.790955
471.502429;439.405662;482.227640;437.493601
470.656373;437.461089;485.751413;437.495110
492.445202;444.662152;461.181189;433.029995
475.798631;438.421478;481.406045;435.914959
476.912199;438.220531;481.322817;435.565577
476.022086;437.712922;483.507539;435.618681
475.662476;438.389102;483.324879;436.417696
476.982206;438.617768;482.690149;436.167784
476.481607;442.572531;477.126726;437.571994
472.412806;440.292059;482.488060;438.936418
469.894986;438.624116;486.694513;439.566917
473.398704;440.820389;481.994174;439.597099
473.163000;441.082481;481.555675;440.601683
472.824910;446.403553;472.739571;442.359771
470.999432;446.977508;473.230458;443.764585
467.628660;446.935378;475.812775;445.268502
466.633045;447.837836;475.382001;446.428605
479.327856;458.704930;448.796252;446.263512
462.982040;454.320702;465.893117;450.606471
458.535011;452.971982;470.854300;452.406345
456.917079;452.954115;472.430830;453.145856
472.898162;463.464853;443.201639;452.702639
456.012437;459.217074;461.448891;456.551361
455.865306;460.566297;459.312044;457.764668
452.975032;461.054804;460.826387;458.989264
453.430035;461.845058;459.405843;459.416629
467.193342;469.521151;433.680237;459.851373
458.751005;467.445185;442.327245;461.661654
446.665113;465.387866;455.194817;463.711626
447.251007;465.209319;455.632533;463.272953
446.895497;465.625388;455.778608;463.460308
462.888499;470.804324;431.591092;463.349126
448.149871;468.433122;447.971486;464.810340
444.754333;467.708723;452.347269;465.155163
444.030535;466.755008;455.315389;464.442938
445.409908;466.631244;455.092220;463.998900
466.796775;470.256924;426.089478;463.522248
448.234587;467.974433;447.646466;464.423638
446.125790;466.829385;451.897673;463.929444
445.795989;466.506598;453.111057;463.569036
445.736577;466.263647;454.313243;463.196779
444.806584;466.835868;451.934061;463.711545
443.807427;466.505672;453.828211;463.459982
445.411046;466.102766;453.748958;462.832026
444.737286;466.110307;455.146314;462.668647
445.421059;466.201354;455.125772;462.601301
448.384096;466.419375;449.679361;462.764595
445.690374;466.540131;452.628450;462.793099
443.325503;466.894798;455.031461;462.961584
446.872425;466.791203;452.020186;462.946508
447.248350;467.053280;451.208494;463.437830
447.199173;466.244370;449.241916;464.153147
445.926185;466.145245;450.200430;464.667862
443.964462;466.156753;453.020045;464.414535
445.246954;466.000671;452.270794;464.532872
444.057756;466.023325;454.217774;464.508199
450.191819;464.145098;449.004698;463.529478
447.303529;463.976270;453.514713;462.596796
444.755626;463.567629;458.122118;461.628850
450.399931;462.638362;455.571796;460.091866
454.078348;461.395916;454.672433;458.832725
464.950342;459.215659;445.003561;457.282327
452.366031;456.242956;463.052711;455.845717
454.804260;455.265000;465.180788;453.157400
456.643441;453.971072;468.163267;450.731038
460.900199;452.692233;468.565454;448.257523
486.834042;453.725474;442.953365;442.967330
469.362497;450.152708;465.619517;443.338615
463.843202;447.747811;475.164905;443.104590
465.825697;446.894887;474.805005;442.942904
467.913372;446.138871;474.876653;442.439300
478.397168;448.090482;459.567522;441.319834
466.540552;445.332667;475.789066;442.391607
465.777626;445.290492;476.758840;442.790500
465.515993;446.130497;476.613034;443.883242
468.054811;447.134431;473.150655;444.372373
467.817061;449.563840;466.457644;445.131235
463.047358;450.178214;469.971183;446.872909
457.409038;450.506306;475.066534;448.413180
457.092984;451.729377;474.470810;449.652595
461.637838;453.612358;467.769356;450.335606
472.338169;457.185986;446.654892;450.428474
457.195517;456.933365;462.245124;453.236602
455.201434;457.800033;463.057298;454.430802
452.872085;458.597699;464.489426;455.484895
469.712576;462.136420;438.185993;455.052399
452.256226;461.685451;456.464911;457.651240
448.824940;461.983316;459.529985;458.577121
447.089406;462.069359;462.283022;458.879009
448.799497;462.568771;460.742968;459.120177
472.795082;465.538380;427.180599;458.102999
450.561480;464.028076;451.955120;459.710320
446.461530;463.543879;457.708961;459.951240
442.916234;463.078299;462.818446;460.030928
472.334097;465.311869;427.522088;458.536291
448.754086;463.651977;454.163055;459.561068
447.103193;463.054060;457.616168;459.444802
447.022878;462.833063;458.914452;459.116304
448.897656;462.650024;458.473254;458.745440
471.747568;463.520108;431.184790;457.583915
452.705789;462.339837;452.400209;457.946894
450.647919;461.734961;455.927933;457.679664
448.022679;461.587025;459.720470;457.355467
469.910666;462.392163;434.685170;456.349256
449.951382;462.283788;455.884805;456.237975
448.883843;462.866706;457.228188;456.193485
447.269980;463.344767;459.069682;456.448920
451.816046;464.293328;453.520567;456.954268
470.244742;464.092614;430.354600;457.580779
456.121824;467.647791;442.948017;457.357229
471.176524;464.580025;425.652012;460.917593
454.525325;459.801617;440.883305;469.656430
434.958562;458.948689;456.877495;472.313906
429.326929;456.879495;464.289615;474.535398
426.394779;458.275869;469.592081;470.647416
431.929764;461.854026;468.740802;464.416325
442.526313;463.396794;465.345227;459.468179
452.432209;463.535049;462.836423;454.828301
475.827012;465.575962;442.390198;450.723646
468.127332;459.184243;458.229812;448.042898
469.897030;455.388233;462.063717;446.136400
469.603075;450.750566;468.388708;444.636275
472.644316;447.542721;470.084588;442.594142
472.275353;443.841119;475.194703;441.173743
476.601164;444.998479;468.735583;439.773763
471.627810;439.883328;480.151474;438.679197
473.516138;438.566818;481.685304;436.927582
473.400703;436.204988;486.047457;435.647741
477.005824;435.813150;485.153359;433.995854
480.383326;439.820021;477.124033;434.239385
474.518119;435.794523;486.526909;435.229250
473.661050;433.678456;490.330185;435.111675
477.661671;434.914944;486.977031;434.354422
479.675900;437.207887;483.212940;434.853370
485.448586;445.867348;465.020701;436.381479
475.891745;442.797609;475.836641;438.888249
471.399293;442.898916;479.051396;440.914554
469.624347;443.618505;479.541302;442.190504
469.030043;445.320228;477.901182;443.674653
467.178162;445.912870;477.988100;445.657107
463.986597;451.400887;470.364764;448.954764
462.451860;452.519469;469.636165;450.698874
460.641928;453.662441;469.489589;452.162437
460.405835;454.528983;468.672339;453.119895
460.848784;456.017446;466.293921;454.055840
457.307298;461.190757;458.021225;457.759703
453.831774;461.265401;459.983337;459.550424
449.293504;460.341800;465.281477;460.493860
452.330913;461.353217;462.252852;460.000991
453.207648;462.144626;460.769934;460.270351
453.171032;466.283811;450.820982;462.474462
450.904248;465.985776;453.099053;463.254069
449.144054;465.532505;455.551859;463.304232
447.765047;465.005516;458.140360;463.368077
466.619867;471.303915;429.025447;462.372387
450.975011;468.191314;447.299762;464.286200
447.410185;467.240255;452.003772;464.698511
444.118821;465.335758;458.739156;463.993961
446.702474;464.992190;457.891891;463.072387
449.853301;464.980721;455.827113;462.175875
455.016631;466.648137;444.799799;462.278806
