-0.289304;0.091092;0.627847;10.024654;0
-0.281437;0.094151;0.633690;10.024654;0
-0.272965;0.088932;0.633690;10.024654;0
-0.263928;0.071737;0.639025;10.024654;0
-0.254466;0.056104;0.639025;10.024654;0
-0.241216;0.050982;0.639025;10.024654;0
-0.230720;0.062607;0.643847;10.024654;0
-0.220063;0.072776;0.643847;10.024654;0
-0.208993;0.078808;0.648174;10.024654;0
-0.197806;0.085898;0.648174;10.024654;0
-0.182989;0.099136;0.652043;10.024654;0
-0.171898;0.110529;0.652043;10.024654;0
-0.160833;0.107547;0.655516;10.024654;0
-0.150122;0.098638;0.655516;10.024654;0
-0.135881;0.092966;0.658678;10.024654;0
-0.125381;0.096294;0.658678;10.024654;0
-0.115346;0.104555;0.661636;10.024654;0
-0.105572;0.102822;0.661636;10.024654;0
-0.096191;0.076119;0.661636;10.024654;0
-0.084507;0.034160;0.664519;10.024654;0
-0.076053;0.018290;0.664519;10.024654;0
-0.068151;0.016886;0.667474;10.024654;0
-0.060726;0.019364;0.667474;10.024654;0
-0.053577;0.028753;0.670663;10.024654;0
-0.044831;0.059578;0.670663;10.024654;0
-0.038489;0.092635;0.674261;10.024654;0
-0.032286;0.123947;0.674261;10.024654;0
-0.026515;0.135577;0.678445;10.024654;0
-0.019102;0.139176;0.678445;10.024654;0
-0.013835;0.140905;0.678445;10.024654;0
-0.008569;0.142669;0.683392;10.024654;0
-0.003527;0.134999;0.683392;10.024654;0
0.002742;0.114897;0.689269;10.024654;0
0.007500;0.101661;0.689269;10.024654;0
0.012003;0.096584;0.696223;10.024654;0
0.016575;0.099288;0.696223;10.024654;0
0.020780;0.100994;0.704372;10.024654;0
0.025010;0.091463;0.704372;10.024654;0
0.030320;0.075161;0.713801;10.024654;0
0.034152;0.070629;0.713801;10.024654;0
0.037837;0.072309;0.724547;10.024654;0
0.041483;0.081216;0.724547;10.024654;0
0.045159;0.090566;0.736599;10.024654;0
0.050361;0.081711;0.736599;10.024654;0
0.054643;0.074287;0.749890;10.024654;0
0.059737;0.072575;0.749890;10.024654;0
0.065719;0.071812;0.764294;10.024654;0
0.073847;0.059977;0.764294;10.024654;0
-1.000000;0.062823;0.764294;10.024654;0
-1.000000;0.073340;0.779629;10.024654;0
-1.000000;0.088364;0.779629;10.024654;0
-1.000000;0.104654;0.795675;10.024654;0
-1.000000;0.115291;0.795675;10.024654;0
-1.000000;0.114543;0.795675;10.024654;0
-1.000000;0.113015;0.812197;10.024654;0
-1.000000;0.115252;0.812197;10.024654;0
-1.000000;0.123609;0.812197;10.024654;0
-1.000000;0.126519;0.828962;10.024654;0
-1.000000;0.119956;0.828962;10.024654;0
-1.000000;0.114200;0.828962;10.024654;0
-1.000000;0.114958;0.845741;10.024654;0
-1.000000;0.119453;0.845741;10.024654;0
-1.000000;0.118005;0.845741;10.024654;0
-1.000000;0.118777;0.862316;10.024654;0
-1.000000;0.122931;0.862316;10.024654;0
-0.987983;0.131709;0.862316;10.024654;0
-0.967620;0.141924;0.878487;10.024654;0
-0.949758;0.139916;0.878487;10.024654;0
-0.931739;0.136956;0.878487;10.024654;0
-0.912866;0.138790;0.878487;10.024654;0
-0.893758;0.143442;0.894071;10.024654;0
-0.873598;0.140422;0.894071;10.024654;0
-0.846589;0.134477;0.894071;10.024654;0
-0.825936;0.135428;0.908905;10.024654;0
-0.805184;0.142756;0.908905;10.024654;0
-0.784180;0.148758;0.908905;10.024654;0
-0.762884;0.144284;0.908905;10.024654;0
-0.741668;0.137874;0.922852;10.024654;0
-0.714121;0.136152;0.922852;10.024654;0
-0.694183;0.142731;0.922852;10.024654;0
-0.674668;0.149698;0.922852;10.024654;0
-0.654771;0.148678;0.935794;10.024654;0
-0.627640;0.140200;0.935794;10.024654;0
-0.607774;0.138074;0.935794;10.024654;0
-0.588311;0.140997;0.947638;10.024654;0
-0.569153;0.144678;0.947638;10.024654;0
-0.549923;0.138605;0.947638;10.024654;0
-0.531826;0.132606;0.947638;10.024654;0
-0.508357;0.133934;0.958313;10.024654;0
-0.491014;0.142721;0.958313;10.024654;0
-0.474223;0.147755;0.958313;10.024654;0
-0.457708;0.142019;0.958313;10.024654;0
-0.441648;0.136075;0.967770;10.024654;0
-0.422247;0.132711;0.967770;10.024654;0
-0.405913;0.134776;0.967770;10.024654;0
-0.391329;0.140920;0.975981;10.024654;0
-0.377017;0.141964;0.975981;10.024654;0
-0.362788;0.129197;0.975981;10.024654;0
-0.344861;0.114050;0.975981;10.024654;0
-0.332276;0.111762;0.982938;10.024654;0
-0.320079;0.112169;0.982938;10.024654;0
-0.307839;0.103685;0.982938;10.024654;0
-0.292877;0.093093;0.988652;10.024654;0
-0.281715;0.093452;0.988652;10.024654;0
-0.270923;0.103352;0.988652;10.024654;0
-0.260978;0.117096;0.988652;10.024654;0
-0.247859;0.128456;0.993149;10.024654;0
-0.237884;0.121219;0.993149;10.024654;0
-0.228410;0.110840;0.993149;10.024654;0
-0.219106;0.103511;0.993149;10.024654;0
-0.210119;0.102503;0.996471;10.024654;0
-0.201548;0.106942;0.996471;10.024654;0
-0.190520;0.105990;0.996471;10.024654;0
-0.182457;0.097222;0.998675;10.024654;0
-0.174529;0.091667;0.998675;10.024654;0
-0.167118;0.093796;0.998675;10.024654;0
-0.159756;0.099989;0.998675;10.024654;0
-0.150188;0.093439;0.998675;10.024654;0
-0.143315;0.089764;0.998675;10.024654;0
-0.136658;0.093445;0.998675;10.024654;0
-0.130288;0.104040;0.998675;10.024654;0
-0.121784;0.111105;0.999826;10.024654;0
-0.115521;0.101489;0.999826;10.024654;0
-0.109702;0.091497;0.999826;10.024654;0
-0.103909;0.085647;1.000000;10.024654;0
-0.096814;0.088828;1.000000;10.024654;0
-0.091379;0.091475;1.000000;10.024654;0
-0.086322;0.085027;1.000000;10.024654;0
-0.081401;0.079974;0.999278;10.024654;0
-0.076698;0.081334;0.999278;10.024654;0
-0.072197;0.089333;0.999278;10.024654;0
-0.066604;0.093446;0.999278;10.024654;0
-0.062608;0.091135;0.997747;10.024654;0
-0.058880;0.091797;0.997747;10.024654;0
-0.055416;0.097143;0.997747;10.024654;0
-0.052409;0.106371;0.992609;10.024654;0
-0.049099;0.107898;0.992609;10.024654;0
-0.047332;0.099687;0.992609;10.024654;0
-0.046514;0.093849;0.992609;10.024654;0
0.042210;0.071663;0.989178;10.024654;0
0.046602;0.076887;0.989178;10.024654;0
0.050412;0.086222;0.989178;10.024654;0
0.054575;0.083368;0.985271;10.024654;0
0.056969;0.082012;0.985271;10.024654;0
0.058889;0.086913;0.985271;10.024654;0
0.060116;0.097546;0.985271;10.024654;0
0.060818;0.108452;0.980931;10.024654;0
0.060997;0.105713;0.980931;10.024654;0
0.060627;0.104170;0.980931;10.024654;0
0.059846;0.111574;0.976177;10.024654;0
0.058764;0.127115;0.976177;10.024654;0
0.056917;0.144354;0.976177;10.024654;0
0.055254;0.141432;0.976177;10.024654;0
0.053558;0.136930;0.971009;10.024654;0
0.051749;0.135635;0.971009;10.024654;0
0.049901;0.140513;0.971009;10.024654;0
0.047407;0.157268;0.965413;10.024654;0
0.045670;0.159120;0.965413;10.024654;0
0.044042;0.150877;0.965413;10.024654;0
0.042541;0.146114;0.959372;10.024654;0
0.041158;0.149466;0.959372;10.024654;0
0.039498;0.162857;0.959372;10.024654;0
0.038388;0.168562;0.952867;10.024654;0
0.037476;0.159219;0.952867;10.024654;0
0.036699;0.148181;0.952867;10.024654;0
0.036025;0.143878;0.945888;10.024654;0
0.035329;0.144833;0.945888;10.024654;0
0.034941;0.134767;0.945888;10.024654;0
0.034653;0.130095;0.938431;10.024654;0
0.034413;0.135968;0.938431;10.024654;0
0.034193;0.152289;0.938431;10.024654;0
0.034011;0.164772;0.930512;10.024654;0
0.033922;0.162143;0.930512;10.024654;0
0.033820;0.158450;0.930512;10.024654;0
0.033707;0.158362;0.922162;10.024654;0
0.033569;0.164026;0.922162;10.024654;0
0.033434;0.158977;0.922162;10.024654;0
0.033376;0.144844;0.913438;10.024654;0
0.033314;0.134424;0.913438;10.024654;0
0.033226;0.132836;0.904417;10.024654;0
0.033119;0.131105;0.904417;10.024654;0
0.033095;0.116272;0.904417;10.024654;0
0.033077;0.106743;0.895204;10.024654;0
0.033029;0.107078;0.895204;10.024654;0
0.032986;0.109881;0.895204;10.024654;0
0.033148;0.071149;0.885928;10.024654;0
0.033395;0.026992;0.885928;10.024654;0
0.033680;0.000624;0.885928;10.024654;0
0.033913;0.002629;0.876744;10.024654;0
0.034118;0.044760;0.876744;10.024654;0
0.034309;0.077593;0.876744;10.024654;0
0.034456;0.105412;0.867827;10.024654;0
0.034555;0.133646;0.867827;10.024654;0
0.034640;0.169679;0.859369;10.024654;0
0.034729;0.182767;0.859369;10.024654;0
0.034891;0.171854;0.851575;10.024654;0
0.035125;0.155562;0.851575;10.024654;0
0.035438;0.143462;0.851575;10.024654;0
0.035840;0.137310;0.844652;10.024654;0
0.036744;0.117596;0.844652;10.024654;0
0.037585;0.101142;0.838798;10.024654;0
0.038568;0.092795;0.838798;10.024654;0
0.039714;0.091883;0.834197;10.024654;0
0.041618;0.101122;0.834197;10.024654;0
0.043639;0.099902;0.830997;10.024654;0
0.046278;0.083253;0.830997;10.024654;0
0.049814;0.067729;0.829305;10.024654;0
0.517673;0.072942;0.829305;10.024654;0
0.523647;0.067426;0.829168;10.024654;0
0.532072;0.035662;0.829168;10.024654;0
0.538785;0.011801;0.830567;10.024654;0
0.545765;0.000435;0.830567;10.024654;0
0.552528;0.007137;0.833414;10.024654;0
0.558963;0.024987;0.833414;10.024654;0
0.564794;0.035270;0.837576;10.024654;0
0.571111;0.052676;0.837576;10.024654;0
0.574649;0.074038;0.842878;10.024654;0
0.576916;0.098434;0.842878;10.024654;0
0.577743;0.116503;0.849114;10.024654;0
0.576457;0.116020;0.849114;10.024654;0
0.573705;0.112197;0.856056;10.024654;0
0.569252;0.114017;0.856056;10.024654;0
0.562997;0.125577;0.863464;10.024654;0
0.555124;0.138842;0.863464;10.024654;0
0.541491;0.136544;0.863464;10.024654;0
0.529127;0.135734;0.871093;10.024654;0
0.515281;0.142119;0.871093;10.024654;0
0.499435;0.152951;0.878701;10.024654;0
0.482204;0.158604;0.878701;10.024654;0
0.457361;0.151237;0.886055;10.024654;0
0.437242;0.145423;0.886055;10.024654;0
0.415710;0.145001;0.892937;10.024654;0
0.393959;0.153351;0.892937;10.024654;0
0.370535;0.160376;0.899145;10.024654;0
0.338412;0.152028;0.899145;10.024654;0
0.313910;0.143945;0.899145;10.024654;0
0.289136;0.141713;0.904501;10.024654;0
0.264130;0.147228;0.904501;10.024654;0
0.239794;0.160290;0.908849;10.024654;0
0.206480;0.173053;0.908849;10.024654;0
0.181518;0.164689;0.908849;10.024654;0
0.155254;0.153446;0.912057;10.024654;0
0.131939;0.149818;0.912057;10.024654;0
0.108511;0.154296;0.914019;10.024654;0
0.085229;0.150451;0.914019;10.024654;0
0.059192;0.136550;0.914657;10.024654;0
0.034625;0.133714;0.914657;10.024654;0
0.013205;0.140518;0.914657;10.024654;0
-0.007686;0.146102;0.913918;10.024654;0
-0.027852;0.138701;0.913918;10.024654;0
-0.046781;0.130430;0.911777;10.024654;0
-0.071946;0.124969;0.911777;10.024654;0
-0.090731;0.132247;0.911777;10.024654;0
-0.108858;0.140678;0.908235;10.024654;0
-0.126148;0.136723;0.908235;10.024654;0
-0.149002;0.125209;0.903322;10.024654;0
-0.166543;0.120045;0.903322;10.024654;0
-0.184147;0.121949;0.897094;10.024654;0
-0.201587;0.132446;0.897094;10.024654;0
-0.219125;0.143409;0.897094;10.024654;0
-0.242684;0.134627;0.889636;10.024654;0
-0.261404;0.128556;0.889636;10.024654;0
-0.280440;0.128285;0.881061;10.024654;0
-0.299808;0.119273;0.881061;10.024654;0
-0.320256;0.103693;0.871511;10.024654;0
-0.342223;0.095520;0.871511;10.024654;0
-0.375213;0.101854;0.871511;10.024654;0
-0.402697;0.108314;0.861155;10.024654;0
-0.434286;0.103884;0.861155;10.024654;0
-0.471216;0.102343;0.850192;10.024654;0
0.545123;-0.050347;0.850192;10.024654;0
0.568982;-0.072733;0.838841;10.024654;0
0.595643;-0.103621;0.838841;10.024654;0
0.624766;-0.123853;0.838841;10.024654;0
0.657901;-0.119711;0.827310;10.024654;0
0.692791;-0.089721;0.827310;10.024654;0
0.740083;-0.028773;0.815799;10.024654;0
0.773317;0.008802;0.815799;10.024654;0
0.806709;0.044677;0.815799;10.024654;0
0.838028;0.077818;0.804494;10.024654;0
0.877274;0.119842;0.804494;10.024654;0
0.904563;0.141932;0.804494;10.024654;0
0.928151;0.147351;0.793568;10.024654;0
0.948146;0.147259;0.793568;10.024654;0
0.965353;0.147376;0.783182;10.024654;0
0.981965;0.157012;0.783182;10.024654;0
0.989645;0.163434;0.783182;10.024654;0
0.992837;0.158996;0.773478;10.024654;0
0.991892;0.154935;0.773478;10.024654;0
0.986918;0.157265;0.773478;10.024654;0
0.974432;0.171801;0.764587;10.024654;0
0.960487;0.188176;0.764587;10.024654;0
0.942165;0.196416;0.764587;10.024654;0
0.920247;0.195347;0.756619;10.024654;0
0.895399;0.194371;0.756619;10.024654;0
0.867979;0.197603;0.756619;10.024654;0
0.828473;0.210251;0.749669;10.024654;0
0.795996;0.218796;0.749669;10.024654;0
0.762453;0.214154;0.743810;10.024654;0
0.728116;0.207070;0.743810;10.024654;0
0.682816;0.203639;0.743810;10.024654;0
0.647341;0.210396;0.739098;10.024654;0
0.611828;0.216760;0.739098;10.024654;0
0.577864;0.209549;0.735564;10.024654;0
0.543619;0.202393;0.735564;10.024654;0
0.500298;0.203913;0.735564;10.024654;0
0.468750;0.207697;0.733223;10.024654;0
0.439120;0.207314;0.733223;10.024654;0
0.410569;0.196873;0.732066;10.024654;0
0.383816;0.189370;0.732066;10.024654;0
0.358773;0.189730;0.732062;10.024654;0
0.328644;0.202954;0.732062;10.024654;0
0.307164;0.207079;0.732062;10.024654;0
0.288023;0.192911;0.733161;10.024654;0
0.270527;0.174459;0.733161;10.024654;0
0.249430;0.157548;0.735294;10.024654;0
0.234711;0.146059;0.735294;10.024654;0
0.222507;0.123600;0.738372;10.024654;0
0.211284;0.101553;0.738372;10.024654;0
0.201298;0.092152;0.742290;10.024654;0
0.189296;0.104211;0.742290;10.024654;0
0.181330;0.115193;0.746928;10.024654;0
0.174273;0.111319;0.746928;10.024654;0
0.168083;0.108663;0.752149;10.024654;0
0.162371;0.112485;0.752149;10.024654;0
0.157218;0.116946;0.757806;10.024654;0
0.151591;0.100052;0.757806;10.024654;0
0.148259;0.079251;0.757806;10.024654;0
0.145631;0.064900;0.763741;10.024654;0
0.143784;0.059107;0.763741;10.024654;0
0.142762;0.056948;0.769787;10.024654;0
0.143735;0.043139;0.769787;10.024654;0
0.449714;0.093188;0.775768;10.024654;0
0.442960;0.088569;0.775768;10.024654;0
0.435795;0.085139;0.781513;10.024654;0
0.425600;0.082825;0.781513;10.024654;0
0.417396;0.072209;0.786872;10.024654;0
0.408878;0.064672;0.786872;10.024654;0
0.399638;0.066539;0.791724;10.024654;0
0.389795;0.081468;0.791724;10.024654;0
0.375982;0.111489;0.791724;10.024654;0
0.364972;0.119425;0.795970;10.024654;0
0.353494;0.116991;0.795970;10.024654;0
0.341672;0.115126;0.799541;10.024654;0
0.325697;0.120674;0.799541;10.024654;0
0.313272;0.129418;0.802392;10.024654;0
0.301329;0.127241;0.802392;10.024654;0
0.289156;0.119964;0.802392;10.024654;0
0.277694;0.118054;0.804500;10.024654;0
0.262387;0.130341;0.804500;10.024654;0
0.251587;0.134359;0.805870;10.024654;0
0.241298;0.128060;0.805870;10.024654;0
0.231469;0.101504;0.805870;10.024654;0
0.222481;0.072065;0.806527;10.024654;0
0.214312;0.050235;0.806527;10.024654;0
0.204511;0.022664;0.806521;10.024654;0
0.198203;0.026699;0.806521;10.024654;0
0.192506;0.052990;0.805923;10.024654;0
0.187587;0.093067;0.805923;10.024654;0
0.183268;0.128119;0.804825;10.024654;0
0.178088;0.156728;0.804825;10.024654;0
0.174768;0.173417;0.804825;10.024654;0
0.171766;0.188461;0.803337;10.024654;0
0.169180;0.201728;0.803337;10.024654;0
0.166803;0.198233;0.801586;10.024654;0
0.164919;0.185801;0.801586;10.024654;0
0.163008;0.172384;0.799716;10.024654;0
0.162033;0.168165;0.799716;10.024654;0
0.161398;0.170859;0.797877;10.024654;0
0.161086;0.167349;0.797877;10.024654;0
0.161212;0.148510;0.796230;10.024654;0
0.161767;0.139418;0.796230;10.024654;0
0.162661;0.139010;0.794933;10.024654;0
0.163881;0.146106;0.794933;10.024654;0
0.166022;0.144048;0.794143;10.024654;0
0.168141;0.134067;0.794143;10.024654;0
0.170665;0.128032;0.794004;10.024654;0
0.173547;0.129261;0.794004;10.024654;0
0.176911;0.133140;0.794643;10.024654;0
0.180792;0.123180;0.794643;10.024654;0
0.186909;0.108428;0.796159;10.024654;0
0.192168;0.105326;0.796159;10.024654;0
0.198134;0.113453;0.798622;10.024654;0
0.205081;0.131009;0.798622;10.024654;0
0.213105;0.143912;0.802059;10.024654;0
0.226318;0.134414;0.802059;10.024654;0
0.239202;0.121051;0.802059;10.024654;0
0.256099;0.110911;0.806454;10.024654;0
0.278184;0.102175;0.806454;10.024654;0
1.000000;0.071139;0.811739;10.024654;0
1.000000;0.037509;0.811739;10.024654;0
1.000000;0.019267;0.817799;10.024654;0
1.000000;0.013209;0.817799;10.024654;0
1.000000;0.011546;0.817799;10.024654;0
1.000000;0.015156;0.824478;10.024654;0
1.000000;0.034172;0.824478;10.024654;0
1.000000;0.057915;0.831589;10.024654;0
1.000000;0.084238;0.831589;10.024654;0
1.000000;0.106037;0.831589;10.024654;0
1.000000;0.113084;0.838927;10.024654;0
1.000000;0.113855;0.838927;10.024654;0
1.000000;0.116830;0.838927;10.024654;0
1.000000;0.122854;0.846276;10.024654;0
1.000000;0.121318;0.846276;10.024654;0
1.000000;0.117092;0.846276;10.024654;0
1.000000;0.116857;0.846276;10.024654;0
1.000000;0.122055;0.846276;10.024654;0
1.000000;0.128209;0.853418;10.024654;0
1.000000;0.128508;0.853418;10.024654;0
1.000000;0.125622;0.853418;10.024654;0
1.000000;0.128311;0.860138;10.024654;0
1.000000;0.136089;0.860138;10.024654;0
1.000000;0.146096;0.860138;10.024654;0
1.000000;0.149837;0.860138;10.024654;0
1.000000;0.145718;0.866230;10.024654;0
0.998981;0.140045;0.866230;10.024654;0
0.975491;0.140165;0.866230;10.024654;0
0.951501;0.146846;0.866230;10.024654;0
0.924707;0.155424;0.871505;10.024654;0
0.897931;0.153213;0.871505;10.024654;0
0.867715;0.147368;0.871505;10.024654;0
0.828296;0.144127;0.875787;10.024654;0
0.798005;0.147381;0.875787;10.024654;0
0.767120;0.150170;0.875787;10.024654;0
0.735886;0.144120;0.875787;10.024654;0
0.704637;0.139364;0.878921;10.024654;0
0.664681;0.143926;0.878921;10.024654;0
0.632968;0.147359;0.878921;10.024654;0
0.602627;0.141293;0.878921;10.024654;0
0.572789;0.135089;0.880776;10.024654;0
0.542988;0.132905;0.880776;10.024654;0
0.514338;0.127122;0.880776;10.024654;0
0.476836;0.113948;0.881241;10.024654;0
0.451153;0.111792;0.881241;10.024654;0
0.424849;0.115853;0.881241;10.024654;0
0.399780;0.124015;0.881241;10.024654;0
0.375530;0.124997;0.880229;10.024654;0
0.349850;0.113688;0.880229;10.024654;0
0.325398;0.104973;0.880229;10.024654;0
0.298718;0.108118;0.877676;10.024654;0
0.278632;0.112441;0.877676;10.024654;0
0.259117;0.108150;0.877676;10.024654;0
0.241121;0.103717;0.877676;10.024654;0
0.223249;0.102924;0.873544;10.024654;0
0.200542;0.107609;0.873544;10.024654;0
0.184989;0.099841;0.873544;10.024654;0
0.169912;0.088276;0.867819;10.024654;0
0.155253;0.080812;0.867819;10.024654;0
0.137098;0.082285;0.867819;10.024654;0
0.124008;0.083004;0.867819;10.024654;0
0.111372;0.070739;0.860512;10.024654;0
0.099543;0.059323;0.860512;10.024654;0
0.088181;0.056037;0.860512;10.024654;0
0.073845;0.059623;0.851658;10.024654;0
0.063238;0.053949;0.851658;10.024654;0
0.053418;0.051104;0.841318;10.024654;0
0.043927;0.055170;0.841318;10.024654;0
0.034749;0.064085;0.841318;10.024654;0
0.023054;0.066290;0.829579;10.024654;0
0.014630;0.058871;0.829579;10.024654;0
0.006807;0.054640;0.829579;10.024654;0
-0.001003;0.055952;0.816553;10.024654;0
-0.008341;0.058183;0.816553;10.024654;0
-0.017428;0.044199;0.816553;10.024654;0
-0.024031;0.034542;0.802380;10.024654;0
-0.030205;0.033849;0.802380;10.024654;0
-0.036167;0.042643;0.802380;10.024654;0
-0.041755;0.052998;0.787226;10.024654;0
-0.048427;0.049176;0.787226;10.024654;0
-0.053299;0.046459;0.787226;10.024654;0
-0.057752;0.048148;0.771286;10.024654;0
-0.062035;0.050409;0.771286;10.024654;0
-0.066151;0.040875;0.771286;10.024654;0
0.248026;0.057634;0.754785;10.024654;0
0.256057;0.053855;0.754785;10.024654;0
0.263099;0.057082;0.754785;10.024654;0
0.271031;0.065765;0.737967;10.024654;0
0.279536;0.065240;0.737967;10.024654;0
0.288290;0.059286;0.737967;10.024654;0
0.300356;0.057133;0.721078;10.024654;0
0.309285;0.066163;0.721078;10.024654;0
0.317969;0.082908;0.704354;10.024654;0
0.325743;0.100359;0.704354;10.024654;0
0.334848;0.102028;0.704354;10.024654;0
0.340935;0.095461;0.688019;10.024654;0
0.345766;0.091143;0.688019;10.024654;0
0.349238;0.092465;0.688019;10.024654;0
0.351338;0.099918;0.672288;10.024654;0
0.351934;0.102184;0.672288;10.024654;0
0.350523;0.093270;0.657361;10.024654;0
0.347682;0.092677;0.657361;10.024654;0
0.343457;0.100611;0.643428;10.024654;0
0.337787;0.113695;0.643428;10.024654;0
0.330589;0.124910;0.643428;10.024654;0
0.322126;0.120203;0.630660;10.024654;0
0.309386;0.111569;0.630660;10.024654;0
0.298575;0.112873;0.619213;10.024654;0
0.286911;0.114626;0.619213;10.024654;0
0.275090;0.107386;0.609224;10.024654;0
0.262611;0.097995;0.609224;10.024654;0
0.245272;0.094812;0.600805;10.024654;0
0.231687;0.099859;0.600805;10.024654;0
0.217841;0.110138;0.594048;10.024654;0
0.204178;0.112282;0.594048;10.024654;0
0.190847;0.105559;0.589016;10.024654;0
0.173345;0.101313;0.589016;10.024654;0
0.160302;0.106398;0.585746;10.024654;0
0.146998;0.111672;0.585746;10.024654;0
0.134554;0.106893;0.584248;10.024654;0
0.118421;0.096016;0.584248;10.024654;0
0.106608;0.095903;0.584502;10.024654;0
0.094909;0.103012;0.584502;10.024654;0
0.083655;0.103856;0.586465;10.024654;0
0.073089;0.097216;0.586465;10.024654;0
0.059569;0.093051;0.590066;10.024654;0
0.049587;0.093512;0.595216;10.024654;0
0.040349;0.098235;0.595216;10.024654;0
0.031439;0.095567;0.601803;10.024654;0
0.022996;0.084255;0.601803;10.024654;0
0.015287;0.050152;0.609704;10.024654;0
0.005691;0.007165;0.609704;10.024654;0
-0.000809;-0.020960;0.618781;10.024654;0
-0.007282;-0.033467;0.618781;10.024654;0
-0.013564;-0.024121;0.628884;10.024654;0
-0.021901;0.014867;0.628884;10.024654;0
-0.028070;0.040155;0.639861;10.024654;0
-0.034414;0.058098;0.639861;10.024654;0
-0.041092;0.073369;0.651550;10.024654;0
0.664676;0.095430;0.651550;10.024654;0
0.671940;0.102890;0.663787;10.024654;0
0.677699;0.093612;0.663787;10.024654;0
0.683496;0.086850;0.676411;10.024654;0
0.689679;0.089644;0.676411;10.024654;0
0.695649;0.101529;0.676411;10.024654;0
0.702783;0.119000;0.689273;10.024654;0
0.707336;0.121243;0.689273;10.024654;0
0.711030;0.125298;0.702250;10.024654;0
0.713849;0.134877;0.702250;10.024654;0
0.715264;0.146876;0.715236;10.024654;0
0.715031;0.152537;0.715236;10.024654;0
0.711978;0.147739;0.715236;10.024654;0
0.707678;0.144950;0.728140;10.024654;0
0.701705;0.147771;0.728140;10.024654;0
0.693900;0.156699;0.740891;10.024654;0
0.684124;0.166286;0.740891;10.024654;0
0.668358;0.161388;0.740891;10.024654;0
0.654141;0.155570;0.753432;10.024654;0
0.638754;0.157063;0.753432;10.024654;0
0.621996;0.167747;0.765717;10.024654;0
0.597694;0.183268;0.765717;10.024654;0
0.577828;0.181037;0.765717;10.024654;0
0.557155;0.176864;0.777713;10.024654;0
0.535496;0.177033;0.777713;10.024654;0
0.513714;0.182592;0.789400;10.024654;0
0.484288;0.186052;0.789400;10.024654;0
0.461092;0.176954;0.789400;10.024654;0
0.438921;0.171492;0.800763;10.024654;0
0.416644;0.173138;0.800763;10.024654;0
0.395077;0.180181;0.811799;10.024654;0
0.367609;0.174573;0.811799;10.024654;0
0.346919;0.169093;0.811799;10.024654;0
0.327282;0.168547;0.822510;10.024654;0
0.308323;0.176188;0.822510;10.024654;0
0.289689;0.187778;0.832901;10.024654;0
0.266357;0.184871;0.832901;10.024654;0
0.249625;0.175873;0.842986;10.024654;0
0.233999;0.169172;0.842986;10.024654;0
0.219136;0.167517;0.842986;10.024654;0
0.204710;0.173333;0.852775;10.024654;0
0.187306;0.165168;0.852775;10.024654;0
0.175095;0.150007;0.862283;10.024654;0
0.163330;0.142328;0.862283;10.024654;0
0.152119;0.144639;0.862283;10.024654;0
0.141190;0.153719;0.871522;10.024654;0
0.127643;0.147734;0.871522;10.024654;0
0.117911;0.140019;0.880501;10.024654;0
0.108717;0.140047;0.880501;10.024654;0
0.099773;0.150606;0.889225;10.024654;0
0.090915;0.161605;0.889225;10.024654;0
0.079787;0.153395;0.889225;10.024654;0
0.071466;0.147674;0.897693;10.024654;0
0.063574;0.147198;0.897693;10.024654;0
0.055651;0.151491;0.905898;10.024654;0
0.048089;0.143996;0.905898;10.024654;0
0.040782;0.126309;0.905898;10.024654;0
0.030942;0.106797;0.913821;10.024654;0
0.023759;0.101730;0.913821;10.024654;0
0.015731;0.109749;0.921436;10.024654;0
0.008790;0.113359;0.921436;10.024654;0
0.001934;0.100574;0.928704;10.024654;0
-0.004863;0.088313;0.928704;10.024654;0
-0.013448;0.083516;0.928704;10.024654;0
-0.021931;0.088160;0.935575;10.024654;0
0.072166;0.091469;0.935575;10.024654;0
0.069566;0.088325;0.941990;10.024654;0
0.067436;0.063409;0.941990;10.024654;0
0.065478;0.033138;0.941990;10.024654;0
0.064595;0.026556;0.947877;10.024654;0
0.064187;0.038183;0.947877;10.024654;0
0.064191;0.055748;0.953162;10.024654;0
0.064548;0.061670;0.953162;10.024654;0
0.065405;0.073564;0.953162;10.024654;0
0.066204;0.089769;0.957767;10.024654;0
0.067055;0.108247;0.957767;10.024654;0
0.067997;0.112732;0.957767;10.024654;0
0.068942;0.104167;0.961618;10.024654;0
0.070055;0.093514;0.961618;10.024654;0
0.070717;0.094717;0.964643;10.024654;0
0.071147;0.104934;0.964643;10.024654;0
0.071403;0.106219;0.964643;10.024654;0
0.071470;0.098717;0.966781;10.024654;0
0.071168;0.094699;0.966781;10.024654;0
0.070614;0.100900;0.966781;10.024654;0
0.069757;0.117116;0.967978;10.024654;0
0.068641;0.132143;0.967978;10.024654;0
0.067344;0.127469;0.968195;10.024654;0
0.065314;0.116725;0.968195;10.024654;0
0.063563;0.115945;0.968195;10.024654;0
0.061615;0.122229;0.967403;10.024654;0
0.059493;0.127352;0.967403;10.024654;0
0.057317;0.115618;0.967403;10.024654;0
0.054363;0.100572;0.965591;10.024654;0
0.052058;0.098168;0.965591;10.024654;0
0.049688;0.104195;0.965591;10.024654;0
0.047342;0.104616;0.962762;10.024654;0
0.044999;0.098356;0.962762;10.024654;0
0.041953;0.096062;0.958939;10.024654;0
0.039634;0.104520;0.958939;10.024654;0
0.037262;0.120932;0.958939;10.024654;0
0.034929;0.140022;0.954158;10.024654;0
0.032625;0.147117;0.954158;10.024654;0
0.029794;0.135164;0.954158;10.024654;0
0.027756;0.125169;0.948476;10.024654;0
0.025715;0.121150;0.948476;10.024654;0
0.023739;0.124167;0.941966;10.024654;0
0.021727;0.119783;0.941966;10.024654;0
0.019474;0.103663;0.941966;10.024654;0
0.017725;0.098608;0.934717;10.024654;0
0.015983;0.103846;0.934717;10.024654;0
0.014420;0.106971;0.926836;10.024654;0
0.012877;0.095710;0.926836;10.024654;0
0.010920;0.082865;0.926836;10.024654;0
0.009369;0.083172;0.918442;10.024654;0
0.007827;0.089406;0.918442;10.024654;0
0.006353;0.084918;0.909667;10.024654;0
0.004890;0.080578;0.909667;10.024654;0
0.002815;0.084927;0.909667;10.024654;0
0.001233;0.098135;0.900652;10.024654;0
-0.000409;0.111573;0.900652;10.024654;0
-0.001970;0.105178;0.891546;10.024654;0
-0.003555;0.093444;0.891546;10.024654;0
-0.005732;0.085024;0.882497;10.024654;0
-0.007357;0.089058;0.882497;10.024654;0
-0.009014;0.090198;0.882497;10.024654;0
-0.010649;0.074782;0.873651;10.024654;0
-0.012978;0.057540;0.873651;10.024654;0
-0.014997;0.053631;0.865144;10.024654;0
-0.017307;0.055467;0.865144;10.024654;0
-0.020216;0.047244;0.857099;10.024654;0
-0.024023;0.027158;0.857099;10.024654;0
-0.636556;0.015820;0.857099;10.024654;0
-0.647670;-0.009563;0.849613;10.024654;0
-0.659094;-0.032885;0.849613;10.024654;0
-0.671671;-0.051312;0.842758;10.024654;0
-0.685307;-0.070790;0.842758;10.024654;0
-0.700190;-0.077266;0.842758;10.024654;0
-0.720357;-0.057020;0.836575;10.024654;0
-0.735644;-0.026506;0.836575;10.024654;0
-0.750687;-0.000182;0.836575;10.024654;0
-0.765308;0.020335;0.831076;10.024654;0
-0.779112;0.038611;0.831076;10.024654;0
-0.796191;0.061713;0.826248;10.024654;0
-0.808313;0.075832;0.826248;10.024654;0
-0.818589;0.076437;0.826248;10.024654;0
-0.827490;0.073342;0.822053;10.024654;0
-0.835087;0.074380;0.822053;10.024654;0
-0.842491;0.086668;0.822053;10.024654;0
-0.846006;0.097679;0.818430;10.024654;0
-0.847242;0.099532;0.818430;10.024654;0
-0.846505;0.099578;0.818430;10.024654;0
-0.843926;0.104242;0.815302;10.024654;0
-0.839393;0.115505;0.815302;10.024654;0
-0.830390;0.129422;0.815302;10.024654;0
-0.821187;0.128786;0.812579;10.024654;0
-0.810292;0.126530;0.812579;10.024654;0
-0.797817;0.123880;0.812579;10.024654;0
-0.783521;0.103155;0.812579;10.024654;0
-0.763048;0.067724;0.812579;10.024654;0
-0.747536;0.050584;0.810160;10.024654;0
-0.731075;0.049330;0.810160;10.024654;0
-0.714201;0.064521;0.810160;10.024654;0
-0.690453;0.098724;0.810160;10.024654;0
-0.671084;0.122770;0.807938;10.024654;0
-0.651834;0.146691;0.807938;10.024654;0
-0.632047;0.171255;0.807938;10.024654;0
-0.611658;0.192325;0.805802;10.024654;0
-0.590179;0.196723;0.805802;10.024654;0
-0.561907;0.192640;0.805802;10.024654;0
-0.540940;0.191473;0.803644;10.024654;0
-0.519305;0.190145;0.803644;10.024654;0
-0.497825;0.177767;0.803644;10.024654;0
-0.476853;0.163823;0.803644;10.024654;0
-0.450223;0.156431;0.801357;10.024654;0
-0.431009;0.161927;0.801357;10.024654;0
-0.411925;0.168390;0.801357;10.024654;0
-0.393986;0.163115;0.798843;10.024654;0
-0.370596;0.155905;0.798843;10.024654;0
-0.353958;0.155210;0.798843;10.024654;0
-0.337719;0.157943;0.796008;10.024654;0
-0.322120;0.159742;0.796008;10.024654;0
-0.307183;0.150830;0.792772;10.024654;0
-0.293258;0.142372;0.792772;10.024654;0
-0.275501;0.139285;0.789062;10.024654;0
-0.263559;0.138994;0.789062;10.024654;0
-0.251577;0.131330;0.789062;10.024654;0
-0.240873;0.124361;0.784823;10.024654;0
-0.227508;0.123348;0.784823;10.024654;0
-0.217563;0.130268;0.784823;10.024654;0
-0.208247;0.136721;0.780008;10.024654;0
-0.199225;0.128775;0.780008;10.024654;0
-0.190865;0.119136;0.780008;10.024654;0
-0.180258;0.115864;0.774588;10.024654;0
-0.172905;0.122143;0.774588;10.024654;0
-0.165747;0.133266;0.774588;10.024654;0
-0.158975;0.136688;0.768549;10.024654;0
-0.152397;0.131925;0.768549;10.024654;0
-0.144259;0.125756;0.768549;10.024654;0
-0.138659;0.123794;0.761891;10.024654;0
-0.133449;0.121731;0.761891;10.024654;0
-0.128314;0.107939;0.754634;10.024654;0
-0.122365;0.091677;0.754634;10.024654;0
-0.118476;0.090737;0.754634;10.024654;0
-0.115177;0.100982;0.746813;10.024654;0
-0.112768;0.118638;0.746813;10.024654;0
-0.111413;0.132097;0.746813;10.024654;0
-0.111970;0.133412;0.738487;10.024654;0
-0.302882;0.098884;0.738487;10.024654;0
-0.298849;0.097977;0.738487;10.024654;0
-0.295416;0.097150;0.729730;10.024654;0
-0.292186;0.088575;0.729730;10.024654;0
-0.289609;0.084506;0.720634;10.024654;0
-0.286940;0.093175;0.720634;10.024654;0
-0.285209;0.113015;0.720634;10.024654;0
-0.283499;0.140117;0.711300;10.024654;0
-0.281518;0.158770;0.711300;10.024654;0
-0.278563;0.162599;0.701835;10.024654;0
-0.275949;0.164875;0.701835;10.024654;0
-0.272993;0.169746;0.701835;10.024654;0
-0.269503;0.177523;0.692359;10.024654;0
-0.265270;0.177772;0.692359;10.024654;0
-0.258665;0.163032;0.682996;10.024654;0
-0.253002;0.153555;0.682996;10.024654;0
-0.246522;0.150138;0.673883;10.024654;0
-0.239423;0.156429;0.673883;10.024654;0
-0.231656;0.167570;0.673883;10.024654;0
-0.220182;0.165326;0.665158;10.024654;0
-0.211361;0.157012;0.665158;10.024654;0
-0.201947;0.153227;0.656970;10.024654;0
-0.192669;0.154075;0.656970;10.024654;0
-0.181025;0.164062;0.649469;10.024654;0
-0.170080;0.169525;0.649469;10.024654;0
-0.160157;0.156602;0.642807;10.024654;0
-0.150602;0.142057;0.637133;10.024654;0
-0.141315;0.135964;0.637133;10.024654;0
-0.132160;0.139377;0.632590;10.024654;0
-0.120621;0.148779;0.632590;10.024654;0
-0.112373;0.141863;0.629307;10.024654;0
-0.104405;0.125525;0.629307;10.024654;0
-0.096946;0.112280;0.627399;10.024654;0
-0.090224;0.108378;0.626958;10.024654;0
-0.081739;0.111177;0.626958;10.024654;0
-0.075911;0.103018;0.628045;10.024654;0
-0.070549;0.096079;0.630691;10.024654;0
-0.065620;0.098320;0.630691;10.024654;0
-0.059611;0.115324;0.634891;10.024654;0
-0.055409;0.116757;0.634891;10.024654;0
-0.051549;0.105757;0.640598;10.024654;0
-0.048020;0.096256;0.647728;10.024654;0
-0.044795;0.094130;0.647728;10.024654;0
-0.041847;0.099309;0.656157;10.024654;0
-0.038372;0.101863;0.665720;10.024654;0
-0.036019;0.089401;0.665720;10.024654;0
-0.034007;0.079696;0.676221;10.024654;0
-0.032576;0.075992;0.676221;10.024654;0
-0.032055;0.079235;0.687426;10.024654;0
-0.033535;0.078996;0.687426;10.024654;0
-0.864604;0.017057;0.699076;10.024654;0
-0.875500;-0.026730;0.699076;10.024654;0
-0.888101;-0.074441;0.710886;10.024654;0
-0.903011;-0.104745;0.710886;10.024654;0
-0.926997;-0.109667;0.722568;10.024654;0
-0.947459;-0.097223;0.722568;10.024654;0
-0.967714;-0.071210;0.733852;10.024654;0
-0.988789;-0.032361;0.733852;10.024654;0
-1.000000;0.026735;0.733852;10.024654;0
-1.000000;0.067195;0.744488;10.024654;0
-1.000000;0.090669;0.744488;10.024654;0
-1.000000;0.103138;0.744488;10.024654;0
-1.000000;0.110701;0.754251;10.024654;0
-1.000000;0.121403;0.754251;10.024654;0
-1.000000;0.131145;0.754251;10.024654;0
-1.000000;0.135964;0.762938;10.024654;0
-1.000000;0.133697;0.762938;10.024654;0
-1.000000;0.131696;0.762938;10.024654;0
-1.000000;0.135536;0.762938;10.024654;0
-1.000000;0.134269;0.762938;10.024654;0
-1.000000;0.133135;0.770373;10.024654;0
-1.000000;0.136761;0.770373;10.024654;0
-1.000000;0.146677;0.770373;10.024654;0
-1.000000;0.167110;0.776406;10.024654;0
-1.000000;0.175895;0.776406;10.024654;0
-0.997607;0.177110;0.776406;10.024654;0
-0.968280;0.177384;0.780913;10.024654;0
-0.926377;0.181839;0.780913;10.024654;0
-0.893208;0.190563;0.780913;10.024654;0
-0.857749;0.197639;0.780913;10.024654;0
-0.821508;0.193368;0.783795;10.024654;0
-0.770982;0.185647;0.783795;10.024654;0
-0.732910;0.184985;0.783795;10.024654;0
-0.694786;0.188289;0.784978;10.024654;0
-0.657425;0.185912;0.784978;10.024654;0
-0.619225;0.178612;0.784978;10.024654;0
-0.570352;0.172261;0.784413;10.024654;0
-0.534517;0.172572;0.784413;10.024654;0
-0.500493;0.174185;0.784413;10.024654;0
-0.467240;0.167423;0.784413;10.024654;0
-0.436168;0.160591;0.782077;10.024654;0
-0.397155;0.157628;0.782077;10.024654;0
-0.369954;0.162410;0.782077;10.024654;0
