-0.288153;0.082480;0.627847;10.024654;0
-0.280208;0.089302;0.633690;10.024654;0
-0.271660;0.085185;0.633690;10.024654;0
-0.262342;0.069037;0.639025;10.024654;0
-0.252765;0.052594;0.639025;10.024654;0
-0.242647;0.047441;0.639025;10.024654;0
-0.228819;0.058776;0.643847;10.024654;0
-0.217961;0.078932;0.643847;10.024654;0
-0.206813;0.097972;0.648174;10.024654;0
-0.195624;0.103646;0.648174;10.024654;0
-0.184178;0.102651;0.652043;10.024654;0
-0.172775;0.103637;0.652043;10.024654;0
-0.157925;0.112291;0.655516;10.024654;0
-0.146777;0.117384;0.655516;10.024654;0
-0.135833;0.109666;0.658678;10.024654;0
-0.125196;0.100588;0.658678;10.024654;0
-0.115089;0.095314;0.661636;10.024654;0
-0.105123;0.097635;0.661636;10.024654;0
-0.092273;0.094975;0.661636;10.024654;0
-0.083099;0.090544;0.664519;10.024654;0
-0.074640;0.092369;0.664519;10.024654;0
-0.066421;0.099263;0.667474;10.024654;0
-0.056106;0.104823;0.667474;10.024654;0
-0.048597;0.094326;0.670663;10.024654;0
-0.041727;0.083561;0.670663;10.024654;0
-0.035095;0.078442;0.674261;10.024654;0
-0.028791;0.083305;0.674261;10.024654;0
-0.020987;0.094468;0.678445;10.024654;0
-0.015304;0.089553;0.678445;10.024654;0
-0.009894;0.082714;0.683392;10.024654;0
-0.004732;0.082042;0.683392;10.024654;0
0.001838;0.082468;0.689269;10.024654;0
0.006596;0.070867;0.689269;10.024654;0
0.011075;0.063438;0.696223;10.024654;0
0.015290;0.060448;0.696223;10.024654;0
0.019588;0.041415;0.696223;10.024654;0
0.025050;0.013885;0.704372;10.024654;0
0.029017;-0.005435;0.704372;10.024654;0
0.032764;-0.007429;0.713801;10.024654;0
0.036206;0.012604;0.713801;10.024654;0
0.039464;0.044325;0.724547;10.024654;0
0.043614;0.072228;0.724547;10.024654;0
0.046663;0.090259;0.736599;10.024654;0
0.049967;0.110250;0.736599;10.024654;0
0.053600;0.128963;0.749890;10.024654;0
0.058471;0.142313;0.749890;10.024654;0
0.065388;0.133372;0.749890;10.024654;0
0.073190;0.119497;0.764294;10.024654;0
-1.000000;0.096806;0.764294;10.024654;0
-1.000000;0.103633;0.779629;10.024654;0
-1.000000;0.113454;0.779629;10.024654;0
-1.000000;0.115168;0.779629;10.024654;0
-1.000000;0.111901;0.795675;10.024654;0
-1.000000;0.112967;0.795675;10.024654;0
-1.000000;0.114282;0.812197;10.024654;0
-1.000000;0.107514;0.812197;10.024654;0
-1.000000;0.099999;0.812197;10.024654;0
-1.000000;0.097338;0.828962;10.024654;0
-1.000000;0.104495;0.828962;10.024654;0
-1.000000;0.113360;0.828962;10.024654;0
-1.000000;0.115947;0.845741;10.024654;0
-1.000000;0.117537;0.845741;10.024654;0
-1.000000;0.121755;0.845741;10.024654;0
-1.000000;0.131281;0.862316;10.024654;0
-1.000000;0.137047;0.862316;10.024654;0
-0.998785;0.133135;0.862316;10.024654;0
-0.983842;0.129175;0.862316;10.024654;0
-0.967881;0.129541;0.878487;10.024654;0
-0.945702;0.137327;0.878487;10.024654;0
-0.928010;0.144818;0.878487;10.024654;0
-0.909406;0.144644;0.894071;10.024654;0
-0.890236;0.142025;0.894071;10.024654;0
-0.864367;0.141748;0.894071;10.024654;0
-0.845190;0.145124;0.894071;10.024654;0
-0.824681;0.151096;0.908905;10.024654;0
-0.804577;0.155685;0.908905;10.024654;0
-0.776610;0.146322;0.908905;10.024654;0
-0.755798;0.137594;0.922852;10.024654;0
-0.735232;0.135463;0.922852;10.024654;0
-0.714807;0.138306;0.922852;10.024654;0
-0.688264;0.131170;0.922852;10.024654;0
-0.668260;0.125348;0.935794;10.024654;0
-0.648640;0.125455;0.935794;10.024654;0
-0.629360;0.133774;0.935794;10.024654;0
-0.609981;0.146552;0.935794;10.024654;0
-0.584641;0.157823;0.947638;10.024654;0
-0.566149;0.152447;0.947638;10.024654;0
-0.547355;0.145187;0.947638;10.024654;0
-0.529332;0.142850;0.958313;10.024654;0
-0.511357;0.143960;0.958313;10.024654;0
-0.488449;0.133857;0.958313;10.024654;0
-0.471667;0.123685;0.958313;10.024654;0
-0.455429;0.119556;0.967770;10.024654;0
-0.439686;0.122279;0.967770;10.024654;0
-0.419795;0.135691;0.967770;10.024654;0
-0.405128;0.144745;0.967770;10.024654;0
-0.390151;0.141868;0.975981;10.024654;0
-0.375590;0.132557;0.975981;10.024654;0
-0.361525;0.124964;0.975981;10.024654;0
-0.343963;0.125123;0.982938;10.024654;0
-0.330858;0.126204;0.982938;10.024654;0
-0.318127;0.116967;0.982938;10.024654;0
-0.305876;0.107593;0.982938;10.024654;0
-0.294092;0.104163;0.988652;10.024654;0
-0.282710;0.108794;0.988652;10.024654;0
-0.268006;0.115262;0.988652;10.024654;0
-0.257531;0.106957;0.988652;10.024654;0
-0.247262;0.098048;0.993149;10.024654;0
-0.237536;0.096590;0.993149;10.024654;0
-0.227949;0.104178;0.993149;10.024654;0
-0.218759;0.112232;0.996471;10.024654;0
-0.206801;0.107950;0.996471;10.024654;0
-0.198032;0.107654;0.996471;10.024654;0
-0.189812;0.111752;0.996471;10.024654;0
-0.181636;0.116276;0.998675;10.024654;0
-0.171143;0.103309;0.998675;10.024654;0
-0.163521;0.091518;0.998675;10.024654;0
-0.156158;0.087336;0.998675;10.024654;0
-0.148992;0.090427;0.998675;10.024654;0
-0.141953;0.089784;0.998675;10.024654;0
-0.133007;0.085126;0.998675;10.024654;0
-0.126406;0.086904;0.999826;10.024654;0
-0.120252;0.092683;0.999826;10.024654;0
-0.114383;0.099397;0.999826;10.024654;0
-0.106511;0.092044;0.999826;10.024654;0
-0.100993;0.085276;1.000000;10.024654;0
-0.095491;0.085175;1.000000;10.024654;0
-0.090369;0.092157;1.000000;10.024654;0
-0.083638;0.110722;1.000000;10.024654;0
-0.078659;0.119138;0.999278;10.024654;0
-0.073839;0.112022;0.999278;10.024654;0
-0.069225;0.102703;0.999278;10.024654;0
-0.064844;0.097362;0.997747;10.024654;0
-0.060762;0.096507;0.997747;10.024654;0
-0.055748;0.084609;0.997747;10.024654;0
-0.052252;0.078844;0.997747;10.024654;0
-0.049301;0.081685;0.992609;10.024654;0
-0.047006;0.091963;0.992609;10.024654;0
-0.045453;0.103438;0.992609;10.024654;0
-0.044945;0.098673;0.989178;10.024654;0
0.051012;0.071181;0.989178;10.024654;0
0.055023;0.069892;0.989178;10.024654;0
0.058333;0.075088;0.989178;10.024654;0
0.061772;0.085120;0.985271;10.024654;0
0.063771;0.082563;0.985271;10.024654;0
0.065057;0.081249;0.985271;10.024654;0
0.065724;0.088107;0.980931;10.024654;0
0.065777;0.103763;0.980931;10.024654;0
0.065316;0.116200;0.980931;10.024654;0
0.064005;0.119054;0.980931;10.024654;0
0.062485;0.121690;0.976177;10.024654;0
0.060529;0.127972;0.976177;10.024654;0
0.058346;0.137422;0.976177;10.024654;0
0.056046;0.144541;0.971009;10.024654;0
0.052874;0.135491;0.971009;10.024654;0
0.050323;0.128719;0.971009;10.024654;0
0.047913;0.129312;0.971009;10.024654;0
0.045460;0.140301;0.965413;10.024654;0
0.043150;0.155210;0.965413;10.024654;0
0.040948;0.156298;0.965413;10.024654;0
0.038244;0.149566;0.959372;10.024654;0
0.036431;0.149225;0.959372;10.024654;0
0.034734;0.156418;0.959372;10.024654;0
0.033238;0.163722;0.952867;10.024654;0
0.031924;0.155431;0.952867;10.024654;0
0.030466;0.140434;0.952867;10.024654;0
0.029478;0.137903;0.945888;10.024654;0
0.028676;0.144177;0.945888;10.024654;0
0.028088;0.145548;0.945888;10.024654;0
0.027622;0.139439;0.938431;10.024654;0
0.027222;0.135895;0.938431;10.024654;0
0.026854;0.139095;0.938431;10.024654;0
0.026438;0.148053;0.930512;10.024654;0
0.026209;0.142405;0.930512;10.024654;0
0.025990;0.136755;0.930512;10.024654;0
0.025757;0.137649;0.922162;10.024654;0
0.025400;0.151729;0.922162;10.024654;0
0.025077;0.168861;0.913438;10.024654;0
0.024781;0.174638;0.913438;10.024654;0
0.024507;0.166481;0.913438;10.024654;0
0.024207;0.156032;0.904417;10.024654;0
0.023807;0.151289;0.904417;10.024654;0
0.023451;0.155421;0.904417;10.024654;0
0.023152;0.147284;0.895204;10.024654;0
0.022917;0.130705;0.895204;10.024654;0
0.022602;0.118012;0.948476;10.024654;0
0.022338;0.119530;0.948476;10.024654;0
0.022077;0.128734;0.885928;10.024654;0
0.021885;0.125669;0.885928;10.024654;0
0.021725;0.115991;0.876744;10.024654;0
0.021527;0.111299;0.876744;10.024654;0
0.021370;0.119407;0.867827;10.024654;0
0.021225;0.131175;0.867827;10.024654;0
0.021176;0.126262;0.867827;10.024654;0
0.021188;0.117286;0.859369;10.024654;0
0.021215;0.112849;0.859369;10.024654;0
0.021304;0.117424;0.851575;10.024654;0
0.021531;0.117051;0.851575;10.024654;0
0.021854;0.104814;0.844652;10.024654;0
0.022249;0.094313;0.844652;10.024654;0
0.022833;0.092744;0.838798;10.024654;0
0.023385;0.089417;0.838798;10.024654;0
0.024198;0.049354;0.838798;10.024654;0
0.025214;0.000766;0.834197;10.024654;0
0.026437;-0.032534;0.834197;10.024654;0
0.028392;-0.033262;0.830997;10.024654;0
0.030235;-0.008495;0.830997;10.024654;0
0.032706;0.018741;0.829305;10.024654;0
0.521633;0.034550;0.829305;10.024654;0
0.528440;0.061876;0.829168;10.024654;0
0.537602;0.092816;0.829168;10.024654;0
0.544780;0.106610;0.830567;10.024654;0
0.551690;0.105180;0.830567;10.024654;0
0.558516;0.102338;0.833414;10.024654;0
0.565285;0.106387;0.833414;10.024654;0
0.573660;0.118172;0.837576;10.024654;0
0.579353;0.115223;0.837576;10.024654;0
0.584620;0.110979;0.842878;10.024654;0
0.589102;0.111829;0.842878;10.024654;0
0.592921;0.119463;0.849114;10.024654;0
0.596306;0.134878;0.849114;10.024654;0
0.597312;0.137838;0.856056;10.024654;0
0.596908;0.126987;0.856056;10.024654;0
0.595346;0.118110;0.863464;10.024654;0
0.592632;0.118389;0.863464;10.024654;0
0.588438;0.126371;0.863464;10.024654;0
0.580582;0.134838;0.871093;10.024654;0
0.572906;0.128598;0.871093;10.024654;0
0.563996;0.125414;0.878701;10.024654;0
0.554038;0.130404;0.886055;10.024654;0
0.539869;0.136313;0.886055;10.024654;0
0.526168;0.130482;0.886055;10.024654;0
0.512693;0.127802;0.892937;10.024654;0
0.498412;0.132443;0.892937;10.024654;0
0.483340;0.146780;0.899145;10.024654;0
0.467178;0.156531;0.899145;10.024654;0
0.445001;0.155529;0.899145;10.024654;0
0.427981;0.159065;0.904501;10.024654;0
0.410297;0.167776;0.904501;10.024654;0
0.392945;0.174691;0.908849;10.024654;0
0.369437;0.164615;0.908849;10.024654;0
0.351145;0.158970;0.908849;10.024654;0
0.333292;0.160489;0.912057;10.024654;0
0.315543;0.170954;0.912057;10.024654;0
0.297933;0.176762;0.914019;10.024654;0
0.280666;0.164592;0.914019;10.024654;0
0.259003;0.150342;0.914019;10.024654;0
0.242815;0.149902;0.914657;10.024654;0
0.227001;0.158203;0.914657;10.024654;0
0.211845;0.164099;0.913918;10.024654;0
0.196992;0.152894;0.913918;10.024654;0
0.182990;0.140157;0.913918;10.024654;0
0.165243;0.135854;0.911777;10.024654;0
0.152044;0.144470;0.911777;10.024654;0
0.139506;0.149495;0.908235;10.024654;0
0.127524;0.138204;0.908235;10.024654;0
0.115844;0.126576;0.908235;10.024654;0
0.100878;0.124909;0.903322;10.024654;0
0.090180;0.135180;0.903322;10.024654;0
0.079892;0.150467;0.897094;10.024654;0
0.069918;0.153985;0.897094;10.024654;0
0.056924;0.134970;0.889636;10.024654;0
0.047534;0.120876;0.889636;10.024654;0
0.038487;0.112863;0.889636;10.024654;0
0.029245;0.113334;0.881061;10.024654;0
0.020306;0.118226;0.881061;10.024654;0
0.008969;0.105413;0.871511;10.024654;0
0.000666;0.094613;0.871511;10.024654;0
-0.008132;0.090599;0.871511;10.024654;0
-0.016852;0.095222;0.861155;10.024654;0
-0.028700;0.107863;0.861155;10.024654;0
0.537124;0.077034;0.850192;10.024654;0
0.542021;0.052275;0.850192;10.024654;0
0.548041;0.027917;0.838841;10.024654;0
0.555298;0.013794;0.838841;10.024654;0
0.567101;0.017152;0.838841;10.024654;0
0.577228;0.027617;0.827310;10.024654;0
0.587855;0.031146;0.827310;10.024654;0
0.599047;0.039513;0.815799;10.024654;0
0.613735;0.062186;0.815799;10.024654;0
0.624361;0.086643;0.815799;10.024654;0
0.634068;0.107908;0.804494;10.024654;0
0.642913;0.114073;0.804494;10.024654;0
0.650798;0.118936;0.793568;10.024654;0
0.658973;0.132541;0.793568;10.024654;0
0.663231;0.148037;0.793568;10.024654;0
0.665518;0.153473;0.783182;10.024654;0
0.665574;0.146222;0.783182;10.024654;0
0.663261;0.140879;0.773478;10.024654;0
0.659064;0.140664;0.773478;10.024654;0
0.653025;0.148983;0.764587;10.024654;0
0.644959;0.157307;0.764587;10.024654;0
0.634696;0.150696;0.764587;10.024654;0
0.618762;0.138672;0.756619;10.024654;0
0.605265;0.140280;0.756619;10.024654;0
0.590387;0.149469;0.749669;10.024654;0
0.574222;0.151711;0.749669;10.024654;0
0.556693;0.150497;0.749669;10.024654;0
0.532234;0.158259;0.743810;10.024654;0
0.512648;0.170339;0.743810;10.024654;0
0.493014;0.173896;0.739098;10.024654;0
0.472619;0.168936;0.739098;10.024654;0
0.451667;0.164916;0.735564;10.024654;0
0.424719;0.167385;0.735564;10.024654;0
0.403658;0.177355;0.735564;10.024654;0
0.383016;0.182012;0.733223;10.024654;0
0.363044;0.171254;0.733223;10.024654;0
0.336687;0.155420;0.732066;10.024654;0
0.317678;0.152197;0.732066;10.024654;0
0.298911;0.151132;0.732062;10.024654;0
0.280916;0.139258;0.732062;10.024654;0
0.264022;0.130527;0.733161;10.024654;0
0.247520;0.131475;0.733161;10.024654;0
0.226460;0.145891;0.735294;10.024654;0
0.211441;0.147448;0.735294;10.024654;0
0.197423;0.140747;0.738372;10.024654;0
0.184051;0.135331;0.738372;10.024654;0
0.171256;0.134386;0.742290;10.024654;0
0.154985;0.133444;0.742290;10.024654;0
0.143435;0.119227;0.742290;10.024654;0
0.132504;0.107427;0.746928;10.024654;0
0.122247;0.103778;0.746928;10.024654;0
0.112373;0.109946;0.752149;10.024654;0
0.099781;0.114618;0.752149;10.024654;0
0.090706;0.097482;0.757806;10.024654;0
0.082380;0.081339;0.757806;10.024654;0
0.074358;0.072376;0.763741;10.024654;0
0.066689;0.071229;0.763741;10.024654;0
0.056738;0.061117;0.769787;10.024654;0
0.520581;0.100868;0.769787;10.024654;0
0.517383;0.093583;0.775768;10.024654;0
0.514536;0.093649;0.775768;10.024654;0
0.511086;0.106023;0.781513;10.024654;0
0.508373;0.107079;0.781513;10.024654;0
0.505541;0.101336;0.786872;10.024654;0
0.502748;0.100419;0.786872;10.024654;0
0.499539;0.109424;0.791724;10.024654;0
0.494336;0.124886;0.791724;10.024654;0
0.489639;0.124903;0.795970;10.024654;0
0.484108;0.127867;0.795970;10.024654;0
0.477887;0.136415;0.795970;10.024654;0
0.468043;0.155872;0.799541;10.024654;0
0.459254;0.159612;0.799541;10.024654;0
0.449195;0.154753;0.802392;10.024654;0
0.437873;0.149446;0.802392;10.024654;0
0.425918;0.148283;0.804500;10.024654;0
0.407963;0.145769;0.804500;10.024654;0
0.393566;0.128177;0.805870;10.024654;0
0.378550;0.110646;0.805870;10.024654;0
0.362591;0.104527;0.805870;10.024654;0
0.345855;0.112482;0.806527;10.024654;0
0.322387;0.126726;0.806527;10.024654;0
0.304175;0.124997;0.806521;10.024654;0
0.285846;0.124866;0.806521;10.024654;0
0.267077;0.130861;0.805923;10.024654;0
0.248261;0.139089;0.805923;10.024654;0
0.222425;0.134032;0.804825;10.024654;0
0.203158;0.122846;0.804825;10.024654;0
0.183546;0.116384;0.804825;10.024654;0
0.163901;0.118324;0.803337;10.024654;0
0.140041;0.133546;0.803337;10.024654;0
0.119042;0.142295;0.801586;10.024654;0
0.100082;0.134450;0.801586;10.024654;0
0.081058;0.124660;0.799716;10.024654;0
0.062240;0.120343;0.799716;10.024654;0
0.044224;0.123920;0.797877;10.024654;0
0.020332;0.126888;0.797877;10.024654;0
0.002429;0.114039;0.796230;10.024654;0
-0.014517;0.099039;0.796230;10.024654;0
-0.031628;0.069887;0.796230;10.024654;0
-0.050378;0.034063;0.794933;10.024654;0
-0.068925;0.001527;0.794933;10.024654;0
-0.084662;-0.010171;0.794143;10.024654;0
-0.100549;0.005153;0.794143;10.024654;0
-0.115832;0.040565;0.794004;10.024654;0
-0.136454;0.100014;0.794004;10.024654;0
-0.152065;0.128913;0.794643;10.024654;0
-0.168120;0.148785;0.796159;10.024654;0
-0.184447;0.162140;0.796159;10.024654;0
-0.200905;0.173306;0.798622;10.024654;0
-0.223228;0.178482;0.798622;10.024654;0
-0.241700;0.159043;0.802059;10.024654;0
-0.261890;0.136042;0.802059;10.024654;0
-0.284084;0.121029;0.806454;10.024654;0
-0.309455;0.114715;0.806454;10.024654;0
-0.351424;0.115378;0.811739;10.024654;0
0.845046;0.002620;0.811739;10.024654;0
0.863967;-0.021807;0.817799;10.024654;0
0.884804;-0.045030;0.817799;10.024654;0
0.907917;-0.055528;0.817799;10.024654;0
0.940343;-0.051370;0.824478;10.024654;0
0.966801;-0.046947;0.824478;10.024654;0
0.993705;-0.035208;0.831589;10.024654;0
1.000000;-0.014476;0.831589;10.024654;0
1.000000;0.012264;0.831589;10.024654;0
1.000000;0.045829;0.838927;10.024654;0
1.000000;0.058736;0.838927;10.024654;0
1.000000;0.064003;0.838927;10.024654;0
1.000000;0.068591;0.846276;10.024654;0
1.000000;0.074442;0.846276;10.024654;0
1.000000;0.086167;0.846276;10.024654;0
1.000000;0.094266;0.853418;10.024654;0
1.000000;0.092899;0.853418;10.024654;0
1.000000;0.089103;0.853418;10.024654;0
1.000000;0.090128;0.860138;10.024654;0
1.000000;0.098763;0.860138;10.024654;0
1.000000;0.108860;0.860138;10.024654;0
1.000000;0.113450;0.860138;10.024654;0
1.000000;0.115136;0.860138;10.024654;0
1.000000;0.121908;0.860138;10.024654;0
1.000000;0.131381;0.866230;10.024654;0
1.000000;0.135790;0.866230;10.024654;0
1.000000;0.136851;0.866230;10.024654;0
1.000000;0.138845;0.866230;10.024654;0
1.000000;0.145415;0.871505;10.024654;0
1.000000;0.154117;0.871505;10.024654;0
1.000000;0.155236;0.871505;10.024654;0
1.000000;0.152451;0.871505;10.024654;0
1.000000;0.150186;0.875787;10.024654;0
1.000000;0.154204;0.875787;10.024654;0
0.980887;0.162943;0.875787;10.024654;0
0.952848;0.170307;0.875787;10.024654;0
0.924432;0.166793;0.878921;10.024654;0
0.886912;0.161581;0.878921;10.024654;0
0.857923;0.163128;0.878921;10.024654;0
0.828245;0.169970;0.878921;10.024654;0
0.798833;0.171923;0.880776;10.024654;0
0.769994;0.169734;0.880776;10.024654;0
0.731031;0.169594;0.880776;10.024654;0
0.702767;0.168505;0.881241;10.024654;0
0.674934;0.159961;0.881241;10.024654;0
0.646851;0.149450;0.881241;10.024654;0
0.619626;0.146139;0.881241;10.024654;0
0.584540;0.154677;0.880229;10.024654;0
0.559038;0.156292;0.880229;10.024654;0
0.534835;0.151151;0.880229;10.024654;0
0.511165;0.147928;0.880229;10.024654;0
0.489611;0.149517;0.877676;10.024654;0
0.460632;0.153147;0.877676;10.024654;0
0.440374;0.145163;0.877676;10.024654;0
0.420822;0.135771;0.877676;10.024654;0
0.402628;0.130869;0.873544;10.024654;0
0.385062;0.130704;0.873544;10.024654;0
0.363583;0.135217;0.873544;10.024654;0
0.347795;0.128406;0.867819;10.024654;0
0.333514;0.115526;0.867819;10.024654;0
0.320365;0.104613;0.867819;10.024654;0
0.307773;0.100947;0.867819;10.024654;0
0.291767;0.109190;0.860512;10.024654;0
0.280711;0.112596;0.860512;10.024654;0
0.270506;0.103912;0.860512;10.024654;0
0.260600;0.092428;0.851658;10.024654;0
0.251608;0.087057;0.851658;10.024654;0
0.240063;0.091475;0.851658;10.024654;0
0.232293;0.088356;0.851658;10.024654;0
0.224597;0.080518;0.841318;10.024654;0
0.217449;0.075629;0.841318;10.024654;0
0.208529;0.078489;0.841318;10.024654;0
0.201995;0.076307;0.829579;10.024654;0
0.196082;0.070470;0.829579;10.024654;0
0.190595;0.066357;0.829579;10.024654;0
0.185201;0.068104;0.816553;10.024654;0
0.178494;0.079208;0.816553;10.024654;0
0.173836;0.082935;0.802380;10.024654;0
0.169553;0.072058;0.802380;10.024654;0
0.165825;0.061456;0.802380;10.024654;0
0.162628;0.058628;0.787226;10.024654;0
0.159191;0.065196;0.787226;10.024654;0
0.157618;0.068847;0.787226;10.024654;0
0.157340;0.058488;0.771286;10.024654;0
0.158692;0.046269;0.771286;10.024654;0
0.162322;0.038389;0.771286;10.024654;0
0.172164;0.038239;0.754785;10.024654;0
0.192052;0.078912;0.754785;10.024654;0
0.188378;0.066943;0.754785;10.024654;0
0.185818;0.056110;0.737967;10.024654;0
0.184456;0.052756;0.737967;10.024654;0
0.184504;0.060939;0.737967;10.024654;0
0.185879;0.069086;0.721078;10.024654;0
0.188133;0.068943;0.721078;10.024654;0
0.191225;0.070829;0.704354;10.024654;0
0.196075;0.082365;0.704354;10.024654;0
0.200276;0.099211;0.704354;10.024654;0
0.204414;0.110110;0.688019;10.024654;0
0.208550;0.108138;0.688019;10.024654;0
0.212408;0.105231;0.688019;10.024654;0
0.215765;0.105431;0.672288;10.024654;0
0.219146;0.105944;0.672288;10.024654;0
0.220822;0.093473;0.657361;10.024654;0
0.221632;0.080675;0.657361;10.024654;0
0.221534;0.074570;0.657361;10.024654;0
0.220446;0.077389;0.643428;10.024654;0
0.217364;0.091790;0.643428;10.024654;0
0.213824;0.097921;0.630660;10.024654;0
0.209456;0.093025;0.630660;10.024654;0
0.204131;0.088473;0.619213;10.024654;0
0.197959;0.088232;0.619213;10.024654;0
0.188808;0.091455;0.609224;10.024654;0
0.180932;0.085016;0.609224;10.024654;0
0.172966;0.080474;0.600805;10.024654;0
0.164397;0.084090;0.600805;10.024654;0
0.155398;0.095945;0.594048;10.024654;0
0.143205;0.109170;0.594048;10.024654;0
0.133719;0.102962;0.589016;10.024654;0
0.124028;0.097314;0.589016;10.024654;0
0.114468;0.098788;0.585746;10.024654;0
0.104896;0.105641;0.585746;10.024654;0
0.092543;0.111994;0.584248;10.024654;0
0.083355;0.101117;0.584248;10.024654;0
0.074603;0.087278;0.584502;10.024654;0
0.065956;0.077017;0.584502;10.024654;0
0.054779;0.077607;0.586465;10.024654;0
0.046870;0.087184;0.586465;10.024654;0
0.039037;0.089463;0.590066;10.024654;0
0.031605;0.082176;0.595216;10.024654;0
0.022568;0.076163;0.595216;10.024654;0
0.015961;0.077977;0.601803;10.024654;0
0.009756;0.082599;0.601803;10.024654;0
0.003702;0.074888;0.609704;10.024654;0
-0.001935;0.061719;0.609704;10.024654;0
-0.009119;0.049676;0.618781;10.024654;0
-0.014181;0.050283;0.618781;10.024654;0
-0.019258;0.054515;0.628884;10.024654;0
-0.024209;0.050516;0.628884;10.024654;0
-0.029123;0.046701;0.639861;10.024654;0
-0.036103;0.051270;0.639861;10.024654;0
-0.041871;0.053967;0.651550;10.024654;0
0.693941;0.061849;0.651550;10.024654;0
0.700968;0.054613;0.663787;10.024654;0
0.708191;0.051572;0.663787;10.024654;0
0.717997;0.060055;0.676411;10.024654;0
0.725552;0.065706;0.676411;10.024654;0
0.732524;0.070439;0.689273;10.024654;0
0.738861;0.079789;0.689273;10.024654;0
0.744544;0.094137;0.702250;10.024654;0
0.750472;0.111931;0.702250;10.024654;0
0.753310;0.096337;0.702250;10.024654;0
0.755163;0.073607;0.715236;10.024654;0
0.755926;0.060808;0.715236;10.024654;0
0.755261;0.065623;0.715236;10.024654;0
0.751904;0.097449;0.728140;10.024654;0
0.747172;0.127998;0.728140;10.024654;0
0.740589;0.147569;0.740891;10.024654;0
0.731873;0.164861;0.740891;10.024654;0
0.721143;0.182733;0.740891;10.024654;0
0.703869;0.205733;0.753432;10.024654;0
0.688591;0.209814;0.753432;10.024654;0
0.671045;0.203175;0.765717;10.024654;0
0.652957;0.197190;0.765717;10.024654;0
0.626798;0.197466;0.765717;10.024654;0
0.606910;0.198270;0.777713;10.024654;0
0.585496;0.186432;0.777713;10.024654;0
0.564220;0.175048;0.789400;10.024654;0
0.534657;0.174378;0.789400;10.024654;0
0.512354;0.184678;0.789400;10.024654;0
0.489915;0.193123;0.800763;10.024654;0
0.467498;0.186924;0.800763;10.024654;0
0.445892;0.179842;0.800763;10.024654;0
0.418839;0.181456;0.811799;10.024654;0
0.397627;0.192428;0.811799;10.024654;0
0.377595;0.194893;0.822510;10.024654;0
0.357866;0.190130;0.822510;10.024654;0
0.339547;0.187365;0.822510;10.024654;0
0.315691;0.189166;0.832901;10.024654;0
0.298708;0.188635;0.832901;10.024654;0
0.282833;0.175108;0.842986;10.024654;0
0.267579;0.163174;0.842986;10.024654;0
0.252889;0.162800;0.842986;10.024654;0
0.234656;0.174157;0.852775;10.024654;0
0.221884;0.172896;0.852775;10.024654;0
0.209812;0.166651;0.862283;10.024654;0
0.198351;0.165571;0.862283;10.024654;0
0.184166;0.174478;0.871522;10.024654;0
0.173433;0.182123;0.871522;10.024654;0
0.163394;0.174064;0.871522;10.024654;0
0.154183;0.161926;0.880501;10.024654;0
0.145389;0.155133;0.880501;10.024654;0
0.133919;0.158487;0.889225;10.024654;0
0.125424;0.162902;0.889225;10.024654;0
0.117764;0.153779;0.889225;10.024654;0
0.110319;0.143206;0.897693;10.024654;0
0.103160;0.136337;0.897693;10.024654;0
0.094123;0.129868;0.905898;10.024654;0
0.087606;0.112634;0.905898;10.024654;0
0.081399;0.100820;0.913821;10.024654;0
0.075511;0.100322;0.913821;10.024654;0
0.069732;0.107242;0.913821;10.024654;0
0.062714;0.099009;0.921436;10.024654;0
0.057701;0.094817;0.921436;10.024654;0
0.052892;0.100244;0.928704;10.024654;0
0.048306;0.111178;0.928704;10.024654;0
0.044079;0.109766;0.928704;10.024654;0
0.038964;0.100147;0.935575;10.024654;0
0.055099;0.096295;0.935575;10.024654;0
0.049541;0.089436;0.941990;10.024654;0
0.044478;0.075789;0.941990;10.024654;0
0.039816;0.053338;0.941990;10.024654;0
0.035493;0.039215;0.947877;10.024654;0
0.030165;0.043504;0.947877;10.024654;0
0.026575;0.056300;0.953162;10.024654;0
0.023310;0.057930;0.953162;10.024654;0
0.020288;0.059949;0.953162;10.024654;0
0.017396;0.070758;0.957767;10.024654;0
0.013814;0.096638;0.957767;10.024654;0
0.011344;0.105705;0.961618;10.024654;0
0.009054;0.105513;0.961618;10.024654;0
0.006912;0.104023;0.961618;10.024654;0
0.004810;0.107025;0.964643;10.024654;0
0.002167;0.120318;0.964643;10.024654;0
0.000315;0.118689;0.964643;10.024654;0
-0.001416;0.104490;0.966781;10.024654;0
-0.003110;0.093213;0.966781;10.024654;0
-0.004777;0.093518;0.967978;10.024654;0
-0.006401;0.103796;0.967978;10.024654;0
-0.008511;0.117399;0.967978;10.024654;0
-0.009954;0.112348;0.968195;10.024654;0
-0.011345;0.106959;0.968195;10.024654;0
-0.012711;0.109738;0.968195;10.024654;0
-0.014057;0.122219;0.967403;10.024654;0
-0.015308;0.134180;0.967403;10.024654;0
-0.016792;0.119984;0.965591;10.024654;0
-0.017812;0.106839;0.965591;10.024654;0
-0.018782;0.103202;0.965591;10.024654;0
-0.019707;0.109324;0.962762;10.024654;0
-0.020555;0.112434;0.962762;10.024654;0
-0.021535;0.106543;0.962762;10.024654;0
-0.022219;0.104950;0.958939;10.024654;0
-0.022884;0.109517;0.958939;10.024654;0
-0.023508;0.118304;0.954158;10.024654;0
-0.024059;0.122182;0.954158;10.024654;0
-0.024626;0.113879;0.954158;10.024654;0
-0.025020;0.109538;0.948476;10.024654;0
-0.025388;0.113522;0.948476;10.024654;0
-0.025694;0.119354;0.948476;10.024654;0
-0.025871;0.109096;0.941966;10.024654;0
-0.026061;0.092918;0.941966;10.024654;0
-0.026217;0.089231;0.934717;10.024654;0
-0.026391;0.094425;0.934717;10.024654;0
-0.026571;0.106273;0.934717;10.024654;0
-0.026720;0.119257;0.926836;10.024654;0
-0.026789;0.112626;0.926836;10.024654;0
-0.026827;0.103210;0.918442;10.024654;0
-0.026880;0.102558;0.918442;10.024654;0
-0.026952;0.111022;0.918442;10.024654;0
-0.026958;0.107495;0.909667;10.024654;0
-0.026941;0.099367;0.909667;10.024654;0
-0.026983;0.102189;0.900652;10.024654;0
-0.027084;0.111466;0.900652;10.024654;0
-0.027158;0.110854;0.900652;10.024654;0
-0.027225;0.098829;0.891546;10.024654;0
-0.027417;0.086997;0.891546;10.024654;0
-0.027639;0.084506;0.882497;10.024654;0
-0.027900;0.068963;0.882497;10.024654;0
-0.028260;0.050431;0.873651;10.024654;0
-0.028770;0.040637;0.873651;10.024654;0
-0.029701;0.043593;0.873651;10.024654;0
-0.030758;0.045050;0.865144;10.024654;0
-0.032142;0.032343;0.865144;10.024654;0
-0.034200;0.019314;0.857099;10.024654;0
-0.581181;0.037057;0.857099;10.024654;0
-0.588622;0.033736;0.857099;10.024654;0
-0.599072;0.019740;0.849613;10.024654;0
-0.607435;0.002313;0.849613;10.024654;0
-0.616440;-0.005007;0.842758;10.024654;0
-0.626143;-0.000120;0.842758;10.024654;0
-0.635983;0.014771;0.836575;10.024654;0
-0.649166;0.025532;0.836575;10.024654;0
-0.658722;0.028983;0.836575;10.024654;0
-0.668061;0.036128;0.831076;10.024654;0
-0.677353;0.048216;0.831076;10.024654;0
-0.686048;0.061620;0.831076;10.024654;0
-0.696034;0.063955;0.826248;10.024654;0
-0.702629;0.064107;0.826248;10.024654;0
-0.708410;0.069733;0.822053;10.024654;0
-0.713037;0.080669;0.822053;10.024654;0
-0.716444;0.089837;0.822053;10.024654;0
-0.718676;0.086308;0.818430;10.024654;0
-0.718928;0.085609;0.818430;10.024654;0
-0.717922;0.088591;0.818430;10.024654;0
-0.715793;0.096522;0.815302;10.024654;0
-0.710535;0.106592;0.815302;10.024654;0
-0.705067;0.101754;0.815302;10.024654;0
-0.698366;0.097159;0.812579;10.024654;0
-0.690602;0.099063;0.812579;10.024654;0
-0.678636;0.105297;0.812579;10.024654;0
-0.668084;0.102091;0.810160;10.024654;0
-0.656849;0.099499;0.810160;10.024654;0
-0.644417;0.102909;0.810160;10.024654;0
-0.631435;0.112864;0.807938;10.024654;0
-0.617908;0.123853;0.807938;10.024654;0
-0.598373;0.119252;0.807938;10.024654;0
-0.583757;0.114453;0.805802;10.024654;0
-0.568591;0.114544;0.805802;10.024654;0
-0.553163;0.120000;0.805802;10.024654;0
-0.537182;0.128221;0.803644;10.024654;0
-0.515493;0.121721;0.803644;10.024654;0
-0.499530;0.116233;0.803644;10.024654;0
-0.483377;0.118316;0.801357;10.024654;0
-0.467277;0.124690;0.801357;10.024654;0
-0.451484;0.125486;0.801357;10.024654;0
-0.435880;0.124216;0.798843;10.024654;0
-0.415392;0.128486;0.798843;10.024654;0
-0.400350;0.132793;0.798843;10.024654;0
-0.386093;0.113304;0.796008;10.024654;0
-0.371693;0.081052;0.796008;10.024654;0
-0.354080;0.054412;0.796008;10.024654;0
-0.341369;0.058077;0.792772;10.024654;0
-0.329047;0.081225;0.792772;10.024654;0
-0.317032;0.111037;0.792772;10.024654;0
-0.304278;0.129936;0.789062;10.024654;0
-0.289895;0.146925;0.789062;10.024654;0
-0.278855;0.161534;0.789062;10.024654;0
-0.268192;0.171572;0.784823;10.024654;0
-0.257523;0.164975;0.784823;10.024654;0
-0.243960;0.151009;0.784823;10.024654;0
-0.233789;0.145613;0.780008;10.024654;0
-0.224148;0.147392;0.780008;10.024654;0
-0.214788;0.149380;0.780008;10.024654;0
-0.205761;0.139298;0.774588;10.024654;0
-0.197308;0.126891;0.774588;10.024654;0
-0.186466;0.120478;0.768549;10.024654;0
-0.178870;0.122293;0.768549;10.024654;0
-0.171624;0.113284;0.768549;10.024654;0
-0.165040;0.102804;0.761891;10.024654;0
-0.156658;0.097735;0.761891;10.024654;0
-0.150800;0.101353;0.761891;10.024654;0
-0.145370;0.112382;0.754634;10.024654;0
-0.140320;0.121593;0.754634;10.024654;0
-0.136048;0.115163;0.754634;10.024654;0
-0.131550;0.103168;0.746813;10.024654;0
-0.129519;0.099944;0.746813;10.024654;0
-0.129034;0.101601;0.738487;10.024654;0
-0.342470;0.094087;0.738487;10.024654;0
-0.335302;0.074416;0.738487;10.024654;0
-0.330581;0.060966;0.729730;10.024654;0
-0.326329;0.058089;0.729730;10.024654;0
-0.322617;0.071249;0.729730;10.024654;0
-0.319302;0.093142;0.720634;10.024654;0
-0.315005;0.108462;0.720634;10.024654;0
-0.311685;0.119704;0.711300;10.024654;0
-0.308375;0.133921;0.711300;10.024654;0
-0.304806;0.149507;0.711300;10.024654;0
-0.299252;0.168822;0.701835;10.024654;0
-0.294240;0.168867;0.701835;10.024654;0
-0.288663;0.159703;0.692359;10.024654;0
-0.282353;0.151398;0.692359;10.024654;0
-0.275597;0.149716;0.692359;10.024654;0
-0.265323;0.158827;0.682996;10.024654;0
-0.256372;0.155344;0.682996;10.024654;0
-0.246680;0.141918;0.673883;10.024654;0
-0.236561;0.133004;0.673883;10.024654;0
-0.226091;0.132932;0.665158;10.024654;0
-0.211195;0.146191;0.665158;10.024654;0
-0.199092;0.155859;0.656970;10.024654;0
-0.186795;0.151829;0.656970;10.024654;0
-0.174272;0.146231;0.649469;10.024654;0
-0.157760;0.144938;0.649469;10.024654;0
-0.144555;0.153195;0.642807;10.024654;0
-0.131519;0.160966;0.642807;10.024654;0
-0.118994;0.154176;0.637133;10.024654;0
-0.106233;0.143772;0.637133;10.024654;0
-0.090067;0.139446;0.632590;10.024654;0
-0.077950;0.144411;0.632590;10.024654;0
-0.066532;0.146169;0.629307;10.024654;0
-0.055463;0.134146;0.629307;10.024654;0
-0.044385;0.123018;0.627399;10.024654;0
-0.030417;0.119567;0.626958;10.024654;0
-0.020226;0.127812;0.626958;10.024654;0
-0.010683;0.136179;0.628045;10.024654;0
-0.001285;0.129110;0.630691;10.024654;0
0.007786;0.116056;0.630691;10.024654;0
0.019539;0.104171;0.634891;10.024654;0
0.028088;0.105361;0.634891;10.024654;0
0.036358;0.113357;0.640598;10.024654;0
0.044705;0.126277;0.647728;10.024654;0
0.053220;0.136405;0.647728;10.024654;0
0.064445;0.119422;0.656157;10.024654;0
0.073408;0.104205;0.665720;10.024654;0
0.082608;0.097444;0.665720;10.024654;0
0.092348;0.100361;0.676221;10.024654;0
0.106740;0.097362;0.676221;10.024654;0
0.119018;0.087102;0.687426;10.024654;0
0.133500;0.081010;0.699076;10.024654;0
-0.823404;0.028385;0.699076;10.024654;0
-0.837142;0.020835;0.710886;10.024654;0
-0.858267;0.008815;0.710886;10.024654;0
-0.875380;-0.005875;0.722568;10.024654;0
-0.893524;-0.012088;0.722568;10.024654;0
-0.912956;-0.003676;0.733852;10.024654;0
-0.933138;0.019730;0.733852;10.024654;0
-0.959739;0.057130;0.733852;10.024654;0
-0.978526;0.074381;0.744488;10.024654;0
-0.996830;0.090413;0.744488;10.024654;0
-1.000000;0.106032;0.754251;10.024654;0
-1.000000;0.120354;0.754251;10.024654;0
-1.000000;0.125270;0.754251;10.024654;0
-1.000000;0.121671;0.762938;10.024654;0
-1.000000;0.121006;0.762938;10.024654;0
-1.000000;0.125470;0.770373;10.024654;0
-1.000000;0.127365;0.770373;10.024654;0
-1.000000;0.125116;0.770373;10.024654;0
-1.000000;0.126732;0.776406;10.024654;0
-1.000000;0.134146;0.770373;10.024654;0
-1.000000;0.146608;0.776406;10.024654;0
-1.000000;0.161711;0.776406;10.024654;0
-1.000000;0.161922;0.776406;10.024654;0
-1.000000;0.157892;0.780913;10.024654;0
-0.997519;0.156305;0.780913;10.024654;0
-0.976666;0.158681;0.780913;10.024654;0
-0.946304;0.167544;0.783795;10.024654;0
-0.921146;0.168443;0.783795;10.024654;0
-0.893981;0.162865;0.783795;10.024654;0
-0.865696;0.158792;0.784978;10.024654;0
-0.836499;0.160161;0.784978;10.024654;0
-0.796791;0.166804;0.784978;10.024654;0
-0.765209;0.168440;0.784413;10.024654;0
-0.733720;0.164621;0.784413;10.024654;0
-0.702688;0.163171;0.784413;10.024654;0
-0.671163;0.166759;0.782077;10.024654;0
-0.639182;0.167125;0.782077;10.024654;0
-0.597908;0.159241;0.782077;10.024654;0
-0.568245;0.157847;0.782077;10.024654;0
-0.538750;0.162629;0.777971;10.024654;0
-0.510449;0.170812;0.777971;10.024654;0
-0.483328;0.168007;0.777971;10.024654;0
-0.448319;0.155658;0.772121;10.024654;0
-0.422679;0.146400;0.772121;10.024654;0
-0.398203;0.144875;0.772121;10.024654;0
-0.374780;0.144087;0.764576;10.024654;0
