-0.266119;0.112908;0.627847;10.024654;0
-0.258428;0.107290;0.627847;10.024654;0
-0.251330;0.096844;0.633690;10.024654;0
-0.244900;0.087036;0.633690;10.024654;0
-0.239067;0.080974;0.639025;10.024654;0
-0.232505;0.063107;0.639025;10.024654;0
-0.228410;0.055120;0.639025;10.024654;0
-0.225078;0.055887;0.643847;10.024654;0
-0.222570;0.066495;0.643847;10.024654;0
-0.220117;0.084437;0.648174;10.024654;0
-0.218948;0.084192;0.648174;10.024654;0
-0.218394;0.080411;0.652043;10.024654;0
-0.218496;0.081060;0.652043;10.024654;0
-0.219240;0.089038;0.655516;10.024654;0
-0.220945;0.096667;0.655516;10.024654;0
-0.222749;0.087422;0.658678;10.024654;0
-0.224967;0.078498;0.658678;10.024654;0
-0.227714;0.077514;0.661636;10.024654;0
-0.230799;0.080759;0.661636;10.024654;0
-0.235113;0.047046;0.661636;10.024654;0
-0.238940;0.014794;0.664519;10.024654;0
-0.243010;-0.000877;0.664519;10.024654;0
-0.247318;-0.000336;0.667474;10.024654;0
-0.251812;0.002029;0.667474;10.024654;0
-0.258131;0.019998;0.670663;10.024654;0
-0.263243;0.048125;0.670663;10.024654;0
-0.268463;0.081581;0.674261;10.024654;0
-0.273612;0.102514;0.674261;10.024654;0
-0.278831;0.109507;0.678445;10.024654;0
-0.284125;0.113667;0.678445;10.024654;0
-0.291167;0.122187;0.683392;10.024654;0
-0.296510;0.126213;0.683392;10.024654;0
-0.301746;0.117031;0.683392;10.024654;0
-0.307085;0.103486;0.689269;10.024654;0
-0.314339;0.094172;0.689269;10.024654;0
-0.320182;0.096494;0.696223;10.024654;0
-0.325989;0.103666;0.696223;10.024654;0
-0.331750;0.101532;0.704372;10.024654;0
-0.337714;0.092426;0.704372;10.024654;0
-0.343760;0.085089;0.713801;10.024654;0
-0.352229;0.084635;0.713801;10.024654;0
-0.358599;0.086722;0.724547;10.024654;0
-0.365094;0.078839;0.724547;10.024654;0
-0.372037;0.068811;0.724547;10.024654;0
-0.382516;0.061108;0.736599;10.024654;0
-0.391562;0.065932;0.736599;10.024654;0
-0.402011;0.073208;0.749890;10.024654;0
-0.414406;0.069278;0.749890;10.024654;0
-0.429635;0.062455;0.749890;10.024654;0
-0.457688;0.056965;0.764294;10.024654;0
-1.000000;0.107270;0.764294;10.024654;0
-1.000000;0.108980;0.779629;10.024654;0
-1.000000;0.109888;0.779629;10.024654;0
-1.000000;0.102538;0.779629;10.024654;0
-0.992982;0.093973;0.795675;10.024654;0
-0.982928;0.096155;0.795675;10.024654;0
-0.972712;0.107329;0.795675;10.024654;0
-0.962156;0.116754;0.812197;10.024654;0
-0.951409;0.120330;0.812197;10.024654;0
-0.936692;0.128248;0.812197;10.024654;0
-0.925377;0.139866;0.828962;10.024654;0
-0.913560;0.154834;0.828962;10.024654;0
-0.900608;0.165299;0.828962;10.024654;0
-0.886680;0.161623;0.845741;10.024654;0
-0.866662;0.153102;0.845741;10.024654;0
-0.850942;0.150703;0.845741;10.024654;0
-0.834546;0.152328;0.862316;10.024654;0
-0.817893;0.151776;0.862316;10.024654;0
-0.800090;0.143073;0.862316;10.024654;0
-0.775454;0.133788;0.878487;10.024654;0
-0.756188;0.132202;0.878487;10.024654;0
-0.736790;0.136618;0.878487;10.024654;0
-0.716750;0.136216;0.894071;10.024654;0
-0.696251;0.130156;0.894071;10.024654;0
-0.670294;0.125348;0.894071;10.024654;0
-0.647075;0.128524;0.894071;10.024654;0
-0.625908;0.139129;0.908905;10.024654;0
-0.604446;0.149077;0.908905;10.024654;0
-0.582294;0.146373;0.908905;10.024654;0
-0.555902;0.138965;0.922852;10.024654;0
-0.532059;0.135413;0.922852;10.024654;0
-0.510369;0.139361;0.922852;10.024654;0
-0.489192;0.144033;0.935794;10.024654;0
-0.468562;0.138120;0.935794;10.024654;0
-0.441414;0.129866;0.935794;10.024654;0
-0.421392;0.130486;0.935794;10.024654;0
-0.401752;0.132870;0.947638;10.024654;0
-0.382873;0.124405;0.947638;10.024654;0
-0.358375;0.111826;0.947638;10.024654;0
-0.340218;0.109073;0.958313;10.024654;0
-0.322614;0.114979;0.958313;10.024654;0
-0.305760;0.123762;0.958313;10.024654;0
-0.289359;0.120829;0.958313;10.024654;0
-0.273220;0.114423;0.967770;10.024654;0
-0.252835;0.110313;0.967770;10.024654;0
-0.237918;0.114073;0.967770;10.024654;0
-0.223677;0.122076;0.975981;10.024654;0
-0.209774;0.121952;0.975981;10.024654;0
-0.192306;0.110076;0.975981;10.024654;0
-0.179438;0.102222;0.975981;10.024654;0
-0.166772;0.099752;0.982938;10.024654;0
-0.154695;0.098264;0.982938;10.024654;0
-0.143211;0.087122;0.982938;10.024654;0
-0.128012;0.073722;0.988652;10.024654;0
-0.117282;0.070916;0.988652;10.024654;0
-0.106902;0.075291;0.988652;10.024654;0
-0.096632;0.082703;0.988652;10.024654;0
-0.086678;0.080856;0.993149;10.024654;0
-0.074422;0.077390;0.993149;10.024654;0
-0.065374;0.077917;0.993149;10.024654;0
-0.056608;0.082828;0.996471;10.024654;0
-0.047787;0.087827;0.996471;10.024654;0
-0.039316;0.082635;0.996471;10.024654;0
-0.028882;0.072291;0.996471;10.024654;0
-0.021206;0.071932;0.998675;10.024654;0
-0.013811;0.078448;0.998675;10.024654;0
-0.006930;0.089167;0.998675;10.024654;0
0.002250;0.089214;0.998675;10.024654;0
0.008773;0.084611;0.998675;10.024654;0
0.015001;0.081394;0.998675;10.024654;0
0.020937;0.083903;0.998675;10.024654;0
0.026599;0.087930;0.999826;10.024654;0
0.033584;0.077335;0.999826;10.024654;0
0.038606;0.069403;0.999826;10.024654;0
0.043237;0.068742;1.000000;10.024654;0
0.047656;0.071034;1.000000;10.024654;0
0.053221;0.059630;1.000000;10.024654;0
0.056971;0.055136;1.000000;10.024654;0
0.060387;0.059814;0.999278;10.024654;0
0.063547;0.068457;0.999278;10.024654;0
0.066447;0.068602;0.999278;10.024654;0
0.069873;0.061960;0.997747;10.024654;0
0.072210;0.061242;0.997747;10.024654;0
0.074347;0.066234;0.997747;10.024654;0
0.076355;0.073877;0.997747;10.024654;0
0.079308;0.075189;0.992609;10.024654;0
0.082039;0.072689;0.992609;10.024654;0
0.085378;0.072957;0.992609;10.024654;0
0.089731;0.077856;0.989178;10.024654;0
-0.061873;0.092338;0.989178;10.024654;0
-0.064954;0.080744;0.989178;10.024654;0
-0.068851;0.059965;0.989178;10.024654;0
-0.071471;0.053767;0.985271;10.024654;0
-0.073658;0.055234;0.985271;10.024654;0
-0.075366;0.055763;0.985271;10.024654;0
-0.076587;0.060200;0.985271;10.024654;0
-0.077615;0.080331;0.980931;10.024654;0
-0.077859;0.097960;0.980931;10.024654;0
-0.077559;0.105765;0.980931;10.024654;0
-0.076847;0.108432;0.976177;10.024654;0
-0.075818;0.114081;0.976177;10.024654;0
-0.074498;0.123697;0.976177;10.024654;0
-0.072384;0.138368;0.976177;10.024654;0
-0.070490;0.135625;0.971009;10.024654;0
-0.068413;0.129713;0.971009;10.024654;0
-0.066281;0.127491;0.971009;10.024654;0
-0.063548;0.134936;0.965413;10.024654;0
-0.061439;0.141819;0.965413;10.024654;0
-0.059310;0.137479;0.965413;10.024654;0
-0.057264;0.132618;0.959372;10.024654;0
-0.055383;0.133037;0.959372;10.024654;0
-0.053065;0.143369;0.959372;10.024654;0
-0.051423;0.141245;0.959372;10.024654;0
-0.049856;0.136488;0.952867;10.024654;0
-0.048474;0.137228;0.952867;10.024654;0
-0.046948;0.152584;0.952867;10.024654;0
-0.045886;0.160931;0.945888;10.024654;0
-0.044905;0.156899;0.945888;10.024654;0
-0.044093;0.154031;0.945888;10.024654;0
-0.043445;0.157109;0.938431;10.024654;0
-0.042933;0.161598;0.938431;10.024654;0
-0.042317;0.150134;0.938431;10.024654;0
-0.041988;0.141166;0.930512;10.024654;0
-0.041800;0.138169;0.930512;10.024654;0
-0.041719;0.141656;0.930512;10.024654;0
-0.041745;0.152946;0.922162;10.024654;0
-0.041776;0.158080;0.922162;10.024654;0
-0.041793;0.152970;0.922162;10.024654;0
-0.041870;0.151812;0.913438;10.024654;0
-0.042012;0.158739;0.913438;10.024654;0
-0.042172;0.168735;0.954158;10.024654;0
-0.042288;0.159691;0.954158;10.024654;0
-0.042414;0.150210;0.948476;10.024654;0
-0.042602;0.144945;0.948476;10.024654;0
-0.042841;0.144809;0.948476;10.024654;0
-0.043100;0.144433;0.948476;10.024654;0
-0.043249;0.090691;0.948476;10.024654;0
-0.043367;0.037625;0.948476;10.024654;0
-0.043580;0.005495;0.885928;10.024654;0
-0.043895;0.001641;0.885928;10.024654;0
-0.044484;0.038190;0.876744;10.024654;0
-0.044979;0.074760;0.876744;10.024654;0
-0.045496;0.098357;0.867827;10.024654;0
-0.046144;0.117937;0.867827;10.024654;0
-0.047145;0.142732;0.859369;10.024654;0
-0.048075;0.163868;0.859369;10.024654;0
-0.049001;0.173237;0.851575;10.024654;0
-0.049908;0.159371;0.851575;10.024654;0
-0.050930;0.140159;0.851575;10.024654;0
-0.052558;0.123575;0.844652;10.024654;0
-0.054015;0.121511;0.844652;10.024654;0
-0.055648;0.125915;0.838798;10.024654;0
-0.057376;0.119901;0.838798;10.024654;0
-0.059368;0.103776;0.834197;10.024654;0
-0.062411;0.087145;0.834197;10.024654;0
-0.065300;0.083911;0.830997;10.024654;0
-0.068706;0.080863;0.830997;10.024654;0
-0.073020;0.063638;0.829305;10.024654;0
0.544675;0.032690;0.829305;10.024654;0
0.556594;0.022584;0.829168;10.024654;0
0.568636;0.021328;0.829168;10.024654;0
0.580933;0.023972;0.830567;10.024654;0
0.594000;0.018719;0.830567;10.024654;0
0.609523;0.020842;0.833414;10.024654;0
0.624347;0.039764;0.833414;10.024654;0
0.636107;0.064521;0.837576;10.024654;0
0.647006;0.091833;0.837576;10.024654;0
0.656539;0.107219;0.842878;10.024654;0
0.664566;0.111089;0.842878;10.024654;0
0.672611;0.115131;0.849114;10.024654;0
0.676688;0.123965;0.849114;10.024654;0
0.678755;0.132262;0.856056;10.024654;0
0.678534;0.128210;0.856056;10.024654;0
0.676143;0.123634;0.863464;10.024654;0
0.669707;0.126582;0.863464;10.024654;0
0.662069;0.140950;0.871093;10.024654;0
0.651927;0.155688;0.871093;10.024654;0
0.639540;0.156791;0.878701;10.024654;0
0.624765;0.156562;0.878701;10.024654;0
0.608193;0.161233;0.886055;10.024654;0
0.583218;0.164414;0.886055;10.024654;0
0.562398;0.153485;0.886055;10.024654;0
0.540695;0.148194;0.892937;10.024654;0
0.516860;0.154858;0.892937;10.024654;0
0.483428;0.166868;0.899145;10.024654;0
0.456868;0.160460;0.899145;10.024654;0
0.430164;0.152165;0.899145;10.024654;0
0.402471;0.148733;0.904501;10.024654;0
0.374325;0.153068;0.904501;10.024654;0
0.346786;0.164408;0.908849;10.024654;0
0.308929;0.170233;0.908849;10.024654;0
0.280876;0.163498;0.908849;10.024654;0
0.252613;0.157782;0.912057;10.024654;0
0.225145;0.158362;0.912057;10.024654;0
0.197476;0.166537;0.914019;10.024654;0
0.161722;0.171428;0.914019;10.024654;0
0.135498;0.156409;0.914019;10.024654;0
0.110060;0.143600;0.914657;10.024654;0
0.085674;0.142001;0.914657;10.024654;0
0.061917;0.144060;0.913918;10.024654;0
0.032331;0.130125;0.913918;10.024654;0
0.010176;0.117476;0.913918;10.024654;0
-0.011021;0.115833;0.911777;10.024654;0
-0.031767;0.124941;0.911777;10.024654;0
-0.057932;0.128662;0.908235;10.024654;0
-0.077372;0.124411;0.908235;10.024654;0
-0.096146;0.122491;0.908235;10.024654;0
-0.115400;0.126793;0.903322;10.024654;0
-0.134551;0.137299;0.903322;10.024654;0
-0.159431;0.137985;0.897094;10.024654;0
-0.178187;0.126003;0.897094;10.024654;0
-0.196493;0.119147;0.889636;10.024654;0
-0.215829;0.121708;0.889636;10.024654;0
-0.234850;0.129266;0.881061;10.024654;0
-0.261819;0.118419;0.881061;10.024654;0
-0.282758;0.107898;0.881061;10.024654;0
-0.304596;0.105796;0.871511;10.024654;0
-0.328520;0.114530;0.871511;10.024654;0
-0.363177;0.125679;0.861155;10.024654;0
-0.394423;0.116891;0.861155;10.024654;0
-0.430082;0.105867;0.850192;10.024654;0
0.470910;-0.008571;0.850192;10.024654;0
0.488681;-0.026546;0.850192;10.024654;0
0.515829;-0.043843;0.838841;10.024654;0
0.539904;-0.048845;0.838841;10.024654;0
0.566012;-0.054436;0.827310;10.024654;0
0.593805;-0.047778;0.827310;10.024654;0
0.622785;-0.025902;0.827310;10.024654;0
0.660499;0.019819;0.815799;10.024654;0
0.688130;0.057925;0.815799;10.024654;0
0.713953;0.081439;0.804494;10.024654;0
0.738598;0.099760;0.804494;10.024654;0
0.761269;0.117982;0.804494;10.024654;0
0.787413;0.141568;0.793568;10.024654;0
0.802989;0.147232;0.793568;10.024654;0
0.816064;0.145585;0.783182;10.024654;0
0.825969;0.144014;0.783182;10.024654;0
0.832685;0.145875;0.783182;10.024654;0
0.836077;0.150111;0.773478;10.024654;0
0.834463;0.145392;0.773478;10.024654;0
0.829677;0.143786;0.764587;10.024654;0
0.821801;0.148843;0.764587;10.024654;0
0.810886;0.160808;0.764587;10.024654;0
0.791522;0.164889;0.756619;10.024654;0
0.774130;0.167962;0.756619;10.024654;0
0.754100;0.175711;0.749669;10.024654;0
0.732725;0.186649;0.749669;10.024654;0
0.702397;0.198734;0.749669;10.024654;0
0.674344;0.195719;0.743810;10.024654;0
0.647116;0.191839;0.743810;10.024654;0
0.619225;0.192574;0.739098;10.024654;0
0.590847;0.198071;0.739098;10.024654;0
0.554613;0.190153;0.739098;10.024654;0
0.525785;0.182921;0.735564;10.024654;0
0.498422;0.180948;0.735564;10.024654;0
0.472108;0.184608;0.733223;10.024654;0
0.445489;0.191050;0.733223;10.024654;0
0.412240;0.181133;0.732066;10.024654;0
0.388383;0.172509;0.732066;10.024654;0
0.365681;0.168440;0.732062;10.024654;0
0.343737;0.173088;0.732062;10.024654;0
0.323266;0.181164;0.732062;10.024654;0
0.303670;0.173021;0.733161;10.024654;0
0.280262;0.159742;0.733161;10.024654;0
0.263650;0.159683;0.735294;10.024654;0
0.248646;0.167811;0.735294;10.024654;0
0.234351;0.172715;0.738372;10.024654;0
0.217871;0.151372;0.738372;10.024654;0
0.204985;0.131033;0.742290;10.024654;0
0.194360;0.123781;0.742290;10.024654;0
0.184708;0.128421;0.746928;10.024654;0
0.175346;0.134373;0.746928;10.024654;0
0.164951;0.122253;0.752149;10.024654;0
0.157830;0.107215;0.752149;10.024654;0
0.151556;0.100063;0.757806;10.024654;0
0.145891;0.096796;0.757806;10.024654;0
0.141155;0.080755;0.763741;10.024654;0
0.136448;0.059157;0.763741;10.024654;0
0.133996;0.053692;0.769787;10.024654;0
0.132740;0.060013;0.769787;10.024654;0
0.500225;0.118838;0.775768;10.024654;0
0.494294;0.108442;0.775768;10.024654;0
0.486464;0.088570;0.775768;10.024654;0
0.480383;0.083097;0.781513;10.024654;0
0.474130;0.087665;0.781513;10.024654;0
0.467297;0.097777;0.786872;10.024654;0
0.460074;0.096144;0.786872;10.024654;0
0.449773;0.092372;0.791724;10.024654;0
0.441199;0.099075;0.791724;10.024654;0
0.431795;0.112577;0.795970;10.024654;0
0.421891;0.121344;0.795970;10.024654;0
0.410604;0.116045;0.795970;10.024654;0
0.394523;0.112629;0.799541;10.024654;0
0.381497;0.119642;0.799541;10.024654;0
0.367826;0.129531;0.802392;10.024654;0
0.349104;0.124618;0.802392;10.024654;0
0.333332;0.119249;0.804500;10.024654;0
0.317502;0.119163;0.804500;10.024654;0
0.300785;0.125920;0.805870;10.024654;0
0.283484;0.137343;0.805870;10.024654;0
0.260366;0.134770;0.805870;10.024654;0
0.242017;0.129823;0.806527;10.024654;0
0.223827;0.123590;0.806527;10.024654;0
0.205614;0.093444;0.806527;10.024654;0
0.188085;0.063998;0.806521;10.024654;0
0.164920;0.024516;0.806521;10.024654;0
0.148115;0.019352;0.805923;10.024654;0
0.131060;0.042721;0.805923;10.024654;0
0.113993;0.088813;0.804825;10.024654;0
0.097923;0.127349;0.804825;10.024654;0
0.075472;0.163028;0.803337;10.024654;0
0.058918;0.184451;0.803337;10.024654;0
0.042335;0.202775;0.801586;10.024654;0
0.025515;0.212616;0.801586;10.024654;0
0.009099;0.198048;0.801586;10.024654;0
-0.012014;0.171587;0.799716;10.024654;0
-0.027613;0.160645;0.799716;10.024654;0
-0.043011;0.151143;0.797877;10.024654;0
-0.057734;0.128602;0.797877;10.024654;0
-0.074292;0.103938;0.796230;10.024654;0
-0.091462;0.093407;0.796230;10.024654;0
-0.105680;0.097498;0.796230;10.024654;0
-0.120356;0.111231;0.794933;10.024654;0
-0.134999;0.130677;0.794143;10.024654;0
-0.153698;0.137784;0.794143;10.024654;0
-0.167673;0.127750;0.794004;10.024654;0
-0.181760;0.117046;0.794004;10.024654;0
-0.195813;0.112551;0.794643;10.024654;0
-0.214880;0.117178;0.794643;10.024654;0
-0.229771;0.113693;0.796159;10.024654;0
-0.245113;0.096950;0.796159;10.024654;0
-0.261581;0.082068;0.798622;10.024654;0
-0.279157;0.078695;0.802059;10.024654;0
-0.304127;0.091599;0.802059;10.024654;0
-0.325280;0.099230;0.806454;10.024654;0
-0.349962;0.092834;0.806454;10.024654;0
-0.379498;0.089895;0.811739;10.024654;0
0.897939;-0.043887;0.811739;10.024654;0
0.929440;-0.063935;0.817799;10.024654;0
0.956427;-0.086767;0.817799;10.024654;0
0.985167;-0.100179;0.824478;10.024654;0
1.000000;-0.096783;0.824478;10.024654;0
1.000000;-0.076477;0.824478;10.024654;0
1.000000;-0.044006;0.831589;10.024654;0
1.000000;-0.021700;0.831589;10.024654;0
1.000000;0.002407;0.831589;10.024654;0
1.000000;0.027624;0.838927;10.024654;0
1.000000;0.049862;0.838927;10.024654;0
1.000000;0.062932;0.838927;10.024654;0
1.000000;0.067294;0.846276;10.024654;0
1.000000;0.073616;0.846276;10.024654;0
1.000000;0.083467;0.846276;10.024654;0
1.000000;0.092337;0.853418;10.024654;0
1.000000;0.094535;0.853418;10.024654;0
1.000000;0.096731;0.853418;10.024654;0
1.000000;0.103064;0.853418;10.024654;0
1.000000;0.109835;0.853418;10.024654;0
1.000000;0.110859;0.853418;10.024654;0
1.000000;0.111553;0.860138;10.024654;0
1.000000;0.116696;0.860138;10.024654;0
1.000000;0.126375;0.860138;10.024654;0
1.000000;0.136779;0.860138;10.024654;0
1.000000;0.140472;0.860138;10.024654;0
1.000000;0.143117;0.866230;10.024654;0
1.000000;0.149006;0.866230;10.024654;0
1.000000;0.156754;0.866230;10.024654;0
1.000000;0.159197;0.866230;10.024654;0
1.000000;0.161040;0.871505;10.024654;0
1.000000;0.168257;0.871505;10.024654;0
1.000000;0.178071;0.871505;10.024654;0
1.000000;0.182590;0.871505;10.024654;0
1.000000;0.181648;0.875787;10.024654;0
1.000000;0.180367;0.875787;10.024654;0
1.000000;0.181537;0.875787;10.024654;0
0.982847;0.186276;0.875787;10.024654;0
0.947684;0.186254;0.878921;10.024654;0
0.912210;0.178784;0.878921;10.024654;0
0.870725;0.172337;0.878921;10.024654;0
0.831464;0.173292;0.878921;10.024654;0
0.797373;0.175359;0.878921;10.024654;0
0.763665;0.169568;0.880776;10.024654;0
0.730134;0.162602;0.880776;10.024654;0
0.697518;0.158734;0.880776;10.024654;0
0.656624;0.161892;0.880776;10.024654;0
0.626219;0.170676;0.881241;10.024654;0
0.597201;0.176008;0.881241;10.024654;0
0.568685;0.167128;0.881241;10.024654;0
0.534184;0.152026;0.881241;10.024654;0
0.508435;0.147141;0.880229;10.024654;0
0.484874;0.144174;0.880229;10.024654;0
0.462658;0.133149;0.880229;10.024654;0
0.441843;0.124960;0.877676;10.024654;0
0.421637;0.126073;0.877676;10.024654;0
0.397001;0.132057;0.877676;10.024654;0
0.380470;0.127111;0.877676;10.024654;0
0.364726;0.122434;0.873544;10.024654;0
0.349978;0.122379;0.873544;10.024654;0
0.331844;0.125964;0.873544;10.024654;0
0.318927;0.114756;0.873544;10.024654;0
0.307442;0.085497;0.867819;10.024654;0
0.296642;0.051970;0.867819;10.024654;0
0.286760;0.032525;0.867819;10.024654;0
0.274968;0.028219;0.867819;10.024654;0
0.266618;0.029496;0.860512;10.024654;0
0.258989;0.040395;0.860512;10.024654;0
0.251410;0.061033;0.860512;10.024654;0
0.244328;0.087797;0.851658;10.024654;0
0.235020;0.128591;0.851658;10.024654;0
0.228080;0.149485;0.851658;10.024654;0
0.221244;0.148765;0.851658;10.024654;0
0.214449;0.138448;0.841318;10.024654;0
0.207960;0.128643;0.841318;10.024654;0
0.199532;0.120492;0.841318;10.024654;0
0.193549;0.102690;0.829579;10.024654;0
0.187912;0.081452;0.829579;10.024654;0
0.182593;0.065538;0.829579;10.024654;0
0.177457;0.060416;0.816553;10.024654;0
0.170984;0.069267;0.816553;10.024654;0
0.166487;0.074136;0.802380;10.024654;0
0.162499;0.066336;0.802380;10.024654;0
0.158948;0.058155;0.802380;10.024654;0
0.155852;0.053618;0.787226;10.024654;0
0.152589;0.054268;0.787226;10.024654;0
0.151117;0.049486;0.787226;10.024654;0
0.150739;0.039220;0.771286;10.024654;0
0.151727;0.030910;0.771286;10.024654;0
0.154658;0.030522;0.771286;10.024654;0
0.162559;0.041668;0.754785;10.024654;0
0.175831;0.095779;0.754785;10.024654;0
0.172337;0.092249;0.754785;10.024654;0
0.169888;0.083150;0.737967;10.024654;0
0.168417;0.076049;0.737967;10.024654;0
0.168749;0.077806;0.737967;10.024654;0
0.170343;0.083896;0.721078;10.024654;0
0.173155;0.082724;0.721078;10.024654;0
0.178562;0.073138;0.721078;10.024654;0
0.183941;0.069162;0.704354;10.024654;0
0.190373;0.071623;0.704354;10.024654;0
0.197625;0.076003;0.688019;10.024654;0
0.205373;0.070333;0.688019;10.024654;0
0.213770;0.065661;0.688019;10.024654;0
0.225522;0.072966;0.672288;10.024654;0
0.234426;0.087728;0.672288;10.024654;0
0.243382;0.093478;0.657361;10.024654;0
0.252385;0.089010;0.657361;10.024654;0
0.260921;0.084932;0.657361;10.024654;0
0.272226;0.087820;0.643428;10.024654;0
0.280342;0.092075;0.643428;10.024654;0
0.288091;0.088401;0.630660;10.024654;0
0.295602;0.086544;0.630660;10.024654;0
0.302709;0.089755;0.619213;10.024654;0
0.311358;0.106201;0.619213;10.024654;0
0.317442;0.114711;0.609224;10.024654;0
0.323167;0.110572;0.609224;10.024654;0
0.328430;0.105028;0.600805;10.024654;0
0.333378;0.103535;0.600805;10.024654;0
0.339635;0.113155;0.594048;10.024654;0
0.343969;0.119350;0.594048;10.024654;0
0.347917;0.112899;0.589016;10.024654;0
0.351699;0.106824;0.589016;10.024654;0
0.355411;0.108424;0.585746;10.024654;0
0.359975;0.111409;0.585746;10.024654;0
0.363282;0.103635;0.584248;10.024654;0
0.366612;0.098903;0.584248;10.024654;0
0.369830;0.103085;0.584502;10.024654;0
0.373019;0.113780;0.584502;10.024654;0
0.377083;0.114474;0.586465;10.024654;0
0.380137;0.113945;0.586465;10.024654;0
0.383160;0.117063;0.590066;10.024654;0
0.386142;0.119667;0.590066;10.024654;0
0.389273;0.098383;0.595216;10.024654;0
0.392791;0.064130;0.595216;10.024654;0
0.398159;0.033646;0.601803;10.024654;0
0.402211;0.033273;0.601803;10.024654;0
0.406180;0.054992;0.609704;10.024654;0
0.410040;0.090715;0.609704;10.024654;0
0.413922;0.120286;0.618781;10.024654;0
0.419174;0.148590;0.618781;10.024654;0
0.423792;0.167633;0.628884;10.024654;0
0.429459;0.184648;0.628884;10.024654;0
0.436975;0.194443;0.639861;10.024654;0
0.447154;0.184693;0.639861;10.024654;0
0.467640;0.162128;0.651550;10.024654;0
0.490416;0.146885;0.651550;10.024654;0
0.722321;0.109595;0.651550;10.024654;0
0.710725;0.093500;0.663787;10.024654;0
0.696317;0.061915;0.663787;10.024654;0
0.686383;0.048248;0.676411;10.024654;0
0.677658;0.050612;0.676411;10.024654;0
0.670074;0.063628;0.689273;10.024654;0
0.663394;0.073639;0.689273;10.024654;0
0.655350;0.092722;0.689273;10.024654;0
0.649684;0.113155;0.702250;10.024654;0
0.644017;0.138506;0.702250;10.024654;0
0.638188;0.154013;0.715236;10.024654;0
0.631942;0.158323;0.715236;10.024654;0
0.622746;0.159987;0.728140;10.024654;0
0.615032;0.165185;0.728140;10.024654;0
0.606296;0.170421;0.728140;10.024654;0
0.596557;0.166417;0.740891;10.024654;0
0.585113;0.158326;0.740891;10.024654;0
0.569031;0.158223;0.740891;10.024654;0
0.555556;0.167283;0.753432;10.024654;0
0.540824;0.180538;0.753432;10.024654;0
0.524162;0.192807;0.765717;10.024654;0
0.500919;0.190019;0.765717;10.024654;0
0.482405;0.185306;0.765717;10.024654;0
0.462861;0.185257;0.777713;10.024654;0
0.442689;0.192845;0.777713;10.024654;0
0.414378;0.192394;0.789400;10.024654;0
0.392885;0.180477;0.789400;10.024654;0
0.371469;0.170890;0.789400;10.024654;0
0.350590;0.169309;0.800763;10.024654;0
0.329550;0.174977;0.800763;10.024654;0
0.303444;0.171648;0.811799;10.024654;0
0.283138;0.159371;0.811799;10.024654;0
0.264231;0.152877;0.811799;10.024654;0
0.245675;0.156060;0.822510;10.024654;0
0.228101;0.166339;0.822510;10.024654;0
0.210922;0.175017;0.832901;10.024654;0
0.189866;0.164687;0.832901;10.024654;0
0.174644;0.157808;0.842986;10.024654;0
0.160191;0.160417;0.842986;10.024654;0
0.146689;0.167221;0.842986;10.024654;0
0.133761;0.158896;0.852775;10.024654;0
0.117711;0.144733;0.852775;10.024654;0
0.106622;0.141145;0.862283;10.024654;0
0.095863;0.147036;0.862283;10.024654;0
0.085658;0.149265;0.862283;10.024654;0
0.076176;0.142961;0.871522;10.024654;0
0.064449;0.135812;0.871522;10.024654;0
0.055541;0.135149;0.880501;10.024654;0
0.047057;0.139704;0.880501;10.024654;0
0.038846;0.141782;0.889225;10.024654;0
0.031012;0.125674;0.889225;10.024654;0
0.023583;0.109547;0.889225;10.024654;0
0.013967;0.104607;0.897693;10.024654;0
0.006778;0.111377;0.897693;10.024654;0
-0.000253;0.110998;0.905898;10.024654;0
-0.007149;0.100905;0.905898;10.024654;0
-0.016117;0.092451;0.913821;10.024654;0
-0.023050;0.096242;0.913821;10.024654;0
-0.030114;0.099687;0.913821;10.024654;0
-0.037048;0.086029;0.921436;10.024654;0
-0.044141;0.070002;0.921436;10.024654;0
-0.054117;0.061138;0.928704;10.024654;0
-0.062093;0.065113;0.928704;10.024654;0
-0.070703;0.070011;0.928704;10.024654;0
-0.080245;0.063019;0.935575;10.024654;0
0.076097;0.073393;0.935575;10.024654;0
0.077902;0.059431;0.941990;10.024654;0
0.080012;0.049705;0.941990;10.024654;0
0.082866;0.045491;0.941990;10.024654;0
0.086378;0.034546;0.947877;10.024654;0
0.090474;0.028499;0.947877;10.024654;0
0.096372;0.036774;0.953162;10.024654;0
0.101323;0.050381;0.953162;10.024654;0
0.106445;0.054230;0.953162;10.024654;0
0.111418;0.056482;0.957767;10.024654;0
0.116482;0.060916;0.957767;10.024654;0
0.122738;0.074842;0.957767;10.024654;0
0.127108;0.090317;0.961618;10.024654;0
0.130960;0.105285;0.961618;10.024654;0
0.134589;0.110940;0.964643;10.024654;0
0.137784;0.099862;0.964643;10.024654;0
0.141141;0.085771;0.964643;10.024654;0
0.142957;0.089039;0.966781;10.024654;0
0.144173;0.098378;0.966781;10.024654;0
0.144775;0.095484;0.966781;10.024654;0
0.144624;0.095861;0.967978;10.024654;0
0.143761;0.105475;0.967978;10.024654;0
0.142261;0.121147;0.967978;10.024654;0
0.140248;0.125386;0.968195;10.024654;0
0.137778;0.122308;0.968195;10.024654;0
0.133830;0.123535;0.968195;10.024654;0
0.130361;0.131178;0.967403;10.024654;0
0.126530;0.142170;0.967403;10.024654;0
0.122518;0.138302;0.965591;10.024654;0
0.116931;0.129539;0.965591;10.024654;0
0.112450;0.131931;0.965591;10.024654;0
0.107813;0.142904;0.962762;10.024654;0
0.103005;0.149418;0.962762;10.024654;0
0.098333;0.145511;0.962762;10.024654;0
0.091932;0.140138;0.958939;10.024654;0
0.087140;0.142864;0.958939;10.024654;0
0.082508;0.152903;0.954158;10.024654;0
0.077738;0.162362;0.954158;10.024654;0
0.072206;0.148929;0.954158;10.024654;0
0.067031;0.132114;0.948476;10.024654;0
0.062752;0.126546;0.948476;10.024654;0
0.058458;0.130604;0.948476;10.024654;0
0.054300;0.132450;0.941966;10.024654;0
0.049016;0.113745;0.941966;10.024654;0
0.045067;0.104082;0.934717;10.024654;0
0.041296;0.105804;0.934717;10.024654;0
0.037480;0.116677;0.934717;10.024654;0
0.033776;0.118693;0.926836;10.024654;0
0.030206;0.106775;0.926836;10.024654;0
0.025600;0.093457;0.918442;10.024654;0
0.022112;0.095394;0.918442;10.024654;0
0.018670;0.106674;0.918442;10.024654;0
0.015323;0.115309;0.909667;10.024654;0
0.011956;0.104478;0.909667;10.024654;0
0.007659;0.088122;0.900652;10.024654;0
0.004386;0.084863;0.900652;10.024654;0
0.001024;0.091298;0.900652;10.024654;0
-0.002253;0.103355;0.891546;10.024654;0
-0.005646;0.114171;0.891546;10.024654;0
-0.009894;0.102910;0.882497;10.024654;0
-0.013235;0.091134;0.882497;10.024654;0
-0.016545;0.083758;0.873651;10.024654;0
-0.020114;0.084002;0.873651;10.024654;0
-0.025035;0.083323;0.873651;10.024654;0
-0.029155;0.063112;0.865144;10.024654;0
-0.033886;0.042402;0.865144;10.024654;0
-0.039592;0.029296;0.857099;10.024654;0
-0.673577;0.022809;0.857099;10.024654;0
-0.688304;-0.005144;0.849613;10.024654;0
-0.700621;-0.037095;0.849613;10.024654;0
-0.713881;-0.055820;0.849613;10.024654;0
-0.727706;-0.056899;0.842758;10.024654;0
-0.742760;-0.044160;0.842758;10.024654;0
-0.762829;-0.027868;0.842758;10.024654;0
-0.778090;-0.010650;0.836575;10.024654;0
-0.792481;0.010362;0.836575;10.024654;0
-0.805763;0.035211;0.831076;10.024654;0
-0.818168;0.057969;0.831076;10.024654;0
-0.832498;0.068846;0.831076;10.024654;0
-0.841278;0.070088;0.826248;10.024654;0
-0.848443;0.072846;0.826248;10.024654;0
-0.853936;0.079425;0.826248;10.024654;0
-0.857622;0.084309;0.822053;10.024654;0
-0.857692;0.083520;0.822053;10.024654;0
-0.855378;0.085876;0.822053;10.024654;0
-0.850683;0.092441;0.818430;10.024654;0
-0.843303;0.100745;0.818430;10.024654;0
-0.829307;0.093880;0.818430;10.024654;0
-0.816498;0.071852;0.818430;10.024654;0
-0.801696;0.048139;0.815302;10.024654;0
-0.785065;0.037440;0.815302;10.024654;0
-0.760388;0.044464;0.815302;10.024654;0
-0.738530;0.055939;0.812579;10.024654;0
-0.715186;0.076000;0.812579;10.024654;0
-0.690491;0.102514;0.812579;10.024654;0
-0.663576;0.133972;0.810160;10.024654;0
-0.635338;0.161853;0.810160;10.024654;0
-0.594950;0.171379;0.810160;10.024654;0
-0.563981;0.169816;0.810160;10.024654;0
-0.531011;0.168589;0.807938;10.024654;0
-0.497962;0.168797;0.807938;10.024654;0
-0.464430;0.170801;0.807938;10.024654;0
-0.419102;0.162741;0.805802;10.024654;0
-0.386017;0.149223;0.805802;10.024654;0
-0.353305;0.137523;0.805802;10.024654;0
-0.320501;0.130168;0.803644;10.024654;0
-0.277466;0.130939;0.803644;10.024654;0
-0.247287;0.126115;0.803644;10.024654;0
-0.216950;0.114887;0.801357;10.024654;0
-0.188189;0.104978;0.801357;10.024654;0
-0.151099;0.102234;0.801357;10.024654;0
-0.124676;0.110244;0.798843;10.024654;0
-0.098760;0.120409;0.798843;10.024654;0
-0.073558;0.119166;0.798843;10.024654;0
-0.049141;0.114040;0.796008;10.024654;0
-0.019360;0.107587;0.796008;10.024654;0
0.002012;0.102854;0.796008;10.024654;0
0.021924;0.091980;0.792772;10.024654;0
0.040836;0.084731;0.792772;10.024654;0
0.058808;0.082720;0.792772;10.024654;0
0.081540;0.090271;0.789062;10.024654;0
0.097576;0.090358;0.789062;10.024654;0
0.113090;0.083444;0.789062;10.024654;0
0.127858;0.077348;0.784823;10.024654;0
0.141476;0.076254;0.784823;10.024654;0
0.159161;0.086343;0.784823;10.024654;0
0.172186;0.090639;0.780008;10.024654;0
0.184472;0.081593;0.780008;10.024654;0
0.196327;0.073648;0.780008;10.024654;0
0.207557;0.070544;0.774588;10.024654;0
0.221777;0.073157;0.774588;10.024654;0
0.232099;0.072707;0.768549;10.024654;0
0.242319;0.061203;0.768549;10.024654;0
0.252294;0.050611;0.768549;10.024654;0
0.261833;0.048537;0.761891;10.024654;0
0.271282;0.055042;0.761891;10.024654;0
0.283436;0.065085;0.761891;10.024654;0
0.293135;0.060794;0.754634;10.024654;0
0.303357;0.055585;0.754634;10.024654;0
0.315015;0.053589;0.746813;10.024654;0
0.328519;0.057817;0.746813;10.024654;0
0.351973;0.065983;0.746813;10.024654;0
0.376752;0.059221;0.738487;10.024654;0
-0.379046;0.073789;0.738487;10.024654;0
-0.394074;0.073615;0.738487;10.024654;0
-0.409163;0.076314;0.729730;10.024654;0
-0.427632;0.088548;0.729730;10.024654;0
-0.439676;0.091246;0.720634;10.024654;0
-0.450462;0.094194;0.720634;10.024654;0
-0.459543;0.102212;0.720634;10.024654;0
-0.468412;0.124547;0.711300;10.024654;0
-0.472660;0.141832;0.711300;10.024654;0
-0.474203;0.145383;0.701835;10.024654;0
-0.473369;0.146719;0.701835;10.024654;0
-0.470189;0.151652;0.692359;10.024654;0
-0.462254;0.167019;0.692359;10.024654;0
-0.453514;0.173786;0.692359;10.024654;0
-0.442531;0.166685;0.682996;10.024654;0
-0.429491;0.159670;0.682996;10.024654;0
-0.415077;0.158449;0.673883;10.024654;0
-0.393530;0.167894;0.673883;10.024654;0
-0.376567;0.164919;0.665158;10.024654;0
-0.358091;0.156892;0.665158;10.024654;0
-0.339002;0.151754;0.656970;10.024654;0
-0.313121;0.159713;0.656970;10.024654;0
-0.292451;0.175696;0.649469;10.024654;0
-0.272270;0.184519;0.649469;10.024654;0
-0.252136;0.176961;0.642807;10.024654;0
-0.232677;0.169037;0.642807;10.024654;0
-0.213295;0.166107;0.637133;10.024654;0
-0.188777;0.156620;0.637133;10.024654;0
-0.171422;0.147612;0.632590;10.024654;0
-0.154204;0.144530;0.632590;10.024654;0
-0.132657;0.151124;0.629307;10.024654;0
-0.116945;0.162078;0.627399;10.024654;0
-0.102241;0.161654;0.627399;10.024654;0
-0.088556;0.153706;0.626958;10.024654;0
-0.075115;0.151221;0.626958;10.024654;0
-0.058220;0.160591;0.628045;10.024654;0
-0.046651;0.160675;0.630691;10.024654;0
-0.035461;0.144240;0.630691;10.024654;0
-0.024614;0.128274;0.634891;10.024654;0
-0.014231;0.118785;0.640598;10.024654;0
-0.001242;0.119603;0.640598;10.024654;0
0.008479;0.110574;0.647728;10.024654;0
0.017862;0.101248;0.647728;10.024654;0
0.027497;0.096809;0.656157;10.024654;0
0.036837;0.101129;0.665720;10.024654;0
0.049649;0.109179;0.665720;10.024654;0
0.059848;0.103282;0.676221;10.024654;0
0.070481;0.097968;0.687426;10.024654;0
0.082012;0.099614;0.687426;10.024654;0
-0.809324;0.067428;0.699076;10.024654;0
-0.822645;0.045883;0.699076;10.024654;0
-0.833718;0.027394;0.710886;10.024654;0
-0.846537;0.018514;0.710886;10.024654;0
-0.860846;0.023134;0.722568;10.024654;0
-0.880929;0.039687;0.722568;10.024654;0
-0.896543;0.045757;0.733852;10.024654;0
-0.911714;0.052949;0.733852;10.024654;0
-0.927031;0.067889;0.744488;10.024654;0
-0.941826;0.085981;0.744488;10.024654;0
-0.960027;0.094816;0.744488;10.024654;0
-0.972406;0.099333;0.754251;10.024654;0
-0.983745;0.107326;0.754251;10.024654;0
-0.993343;0.117716;0.762938;10.024654;0
-1.000000;0.121886;0.762938;10.024654;0
-1.000000;0.120031;0.762938;10.024654;0
-1.000000;0.122655;0.770373;10.024654;0
-1.000000;0.129289;0.770373;10.024654;0
-1.000000;0.130937;0.770373;10.024654;0
-1.000000;0.127713;0.776406;10.024654;0
-0.995761;0.128765;0.776406;10.024654;0
-0.986725;0.136119;0.776406;10.024654;0
-0.975309;0.144115;0.776406;10.024654;0
-0.961594;0.143942;0.780913;10.024654;0
-0.945990;0.143069;0.780913;10.024654;0
-0.923224;0.147166;0.780913;10.024654;0
-0.903856;0.155031;0.783795;10.024654;0
-0.883613;0.160692;0.783795;10.024654;0
-0.861512;0.155618;0.783795;10.024654;0
-0.831666;0.149189;0.784978;10.024654;0
-0.807145;0.149499;0.784978;10.024654;0
-0.782376;0.154949;0.784978;10.024654;0
-0.756926;0.161496;0.784413;10.024654;0
-0.730867;0.158983;0.784413;10.024654;0
-0.704095;0.155259;0.784413;10.024654;0
-0.668315;0.154039;0.782077;10.024654;0
-0.642013;0.158138;0.782077;10.024654;0
-0.615310;0.161477;0.782077;10.024654;0
-0.588801;0.153921;0.777971;10.024654;0
