-0.291713;0.081393;0.627847;10.024654;0
-0.283707;0.091940;0.633690;10.024654;0
-0.272325;0.089064;0.633690;10.024654;0
-0.263247;0.074367;0.639025;10.024654;0
-0.253560;0.063227;0.639025;10.024654;0
-0.243659;0.060471;0.639025;10.024654;0
-0.233577;0.069468;0.643847;10.024654;0
-0.219472;0.082872;0.643847;10.024654;0
-0.208534;0.085876;0.648174;10.024654;0
-0.197489;0.089048;0.648174;10.024654;0
-0.186191;0.094879;0.652043;10.024654;0
-0.174876;0.107007;0.652043;10.024654;0
-0.160378;0.116208;0.655516;10.024654;0
-0.149385;0.113551;0.655516;10.024654;0
-0.138807;0.109165;0.658678;10.024654;0
-0.128489;0.105264;0.658678;10.024654;0
-0.114687;0.108182;0.661636;10.024654;0
-0.104671;0.109076;0.661636;10.024654;0
-0.095169;0.097891;0.661636;10.024654;0
-0.086062;0.087203;0.664519;10.024654;0
-0.077357;0.082592;0.664519;10.024654;0
-0.066284;0.090960;0.667474;10.024654;0
-0.058376;0.095297;0.667474;10.024654;0
-0.050955;0.089005;0.670663;10.024654;0
-0.043641;0.084375;0.670663;10.024654;0
-0.036701;0.086481;0.674261;10.024654;0
-0.028051;0.091666;0.674261;10.024654;0
-0.021881;0.084705;0.678445;10.024654;0
-0.015918;0.074787;0.678445;10.024654;0
-0.010360;0.072067;0.683392;10.024654;0
-0.005090;0.076679;0.683392;10.024654;0
0.001580;0.088002;0.689269;10.024654;0
0.006328;0.084208;0.689269;10.024654;0
0.010868;0.077610;0.696223;10.024654;0
0.015196;0.074714;0.696223;10.024654;0
0.019396;0.080412;0.704372;10.024654;0
0.024664;0.092473;0.704372;10.024654;0
0.028506;0.087697;0.713801;10.024654;0
0.032065;0.080229;0.713801;10.024654;0
0.035484;0.074781;0.724547;10.024654;0
0.039922;0.077797;0.724547;10.024654;0
0.043178;0.086613;0.724547;10.024654;0
0.046608;0.092983;0.736599;10.024654;0
0.050328;0.085217;0.736599;10.024654;0
0.055938;0.075581;0.749890;10.024654;0
0.061379;0.076143;0.749890;10.024654;0
0.068275;0.083072;0.764294;10.024654;0
-1.000000;0.081947;0.764294;10.024654;0
-1.000000;0.085010;0.779629;10.024654;0
-1.000000;0.088025;0.779629;10.024654;0
-1.000000;0.093597;0.779629;10.024654;0
-1.000000;0.102268;0.795675;10.024654;0
-1.000000;0.106192;0.795675;10.024654;0
-1.000000;0.105462;0.795675;10.024654;0
-1.000000;0.106038;0.812197;10.024654;0
-1.000000;0.111338;0.812197;10.024654;0
-1.000000;0.119782;0.828962;10.024654;0
-1.000000;0.122338;0.828962;10.024654;0
-1.000000;0.124402;0.828962;10.024654;0
-1.000000;0.130694;0.845741;10.024654;0
-1.000000;0.139828;0.845741;10.024654;0
-1.000000;0.147251;0.845741;10.024654;0
-1.000000;0.145309;0.845741;10.024654;0
-1.000000;0.142699;0.862316;10.024654;0
-0.982646;0.145048;0.862316;10.024654;0
-0.964584;0.146904;0.862316;10.024654;0
-0.944773;0.141702;0.878487;10.024654;0
-0.923567;0.134666;0.878487;10.024654;0
-0.899643;0.133670;0.878487;10.024654;0
-0.872011;0.140371;0.894071;10.024654;0
-0.848771;0.148408;0.894071;10.024654;0
-0.824744;0.148766;0.894071;10.024654;0
-0.799833;0.147687;0.894071;10.024654;0
-0.774198;0.148564;0.908905;10.024654;0
-0.742552;0.154736;0.908905;10.024654;0
-0.716901;0.159269;0.908905;10.024654;0
-0.691056;0.152828;0.922852;10.024654;0
-0.666299;0.144640;0.922852;10.024654;0
-0.633517;0.140188;0.922852;10.024654;0
-0.609557;0.145757;0.922852;10.024654;0
-0.584956;0.152567;0.935794;10.024654;0
-0.561448;0.149448;0.935794;10.024654;0
-0.530127;0.146245;0.935794;10.024654;0
-0.506533;0.149213;0.947638;10.024654;0
-0.484581;0.150345;0.947638;10.024654;0
-0.462711;0.141073;0.947638;10.024654;0
-0.441149;0.132289;0.947638;10.024654;0
-0.420304;0.128287;0.958313;10.024654;0
-0.393534;0.131649;0.958313;10.024654;0
-0.374790;0.133623;0.958313;10.024654;0
-0.356286;0.124766;0.958313;10.024654;0
-0.338788;0.114568;0.967770;10.024654;0
-0.316570;0.108005;0.967770;10.024654;0
-0.299931;0.111309;0.967770;10.024654;0
-0.283820;0.115708;0.975981;10.024654;0
-0.268250;0.110028;0.975981;10.024654;0
-0.253523;0.104264;0.975981;10.024654;0
-0.237088;0.103512;0.975981;10.024654;0
-0.220794;0.109452;0.982938;10.024654;0
-0.207354;0.115001;0.982938;10.024654;0
-0.194312;0.109560;0.982938;10.024654;0
-0.181714;0.102620;0.988652;10.024654;0
-0.169541;0.099502;0.988652;10.024654;0
-0.154065;0.097975;0.988652;10.024654;0
-0.142745;0.086275;0.988652;10.024654;0
-0.132205;0.077232;0.993149;10.024654;0
-0.121644;0.075956;0.993149;10.024654;0
-0.111758;0.082344;0.993149;10.024654;0
-0.098680;0.092592;0.996471;10.024654;0
-0.089011;0.088894;0.996471;10.024654;0
-0.079986;0.081249;0.996471;10.024654;0
-0.071107;0.077924;0.996471;10.024654;0
-0.062529;0.079713;0.998675;10.024654;0
-0.051591;0.084303;0.998675;10.024654;0
-0.043493;0.075410;0.998675;10.024654;0
-0.035843;0.065897;0.998675;10.024654;0
-0.028483;0.062777;0.998675;10.024654;0
-0.021407;0.068555;0.998675;10.024654;0
-0.012209;0.074659;0.998675;10.024654;0
-0.005735;0.067080;0.999826;10.024654;0
0.000461;0.062235;0.999826;10.024654;0
0.006362;0.063393;0.999826;10.024654;0
0.013622;0.071559;0.999826;10.024654;0
0.019091;0.069808;1.000000;10.024654;0
0.024023;0.062730;1.000000;10.024654;0
0.028845;0.058225;1.000000;10.024654;0
0.033364;0.059878;0.999278;10.024654;0
0.038830;0.066734;0.999278;10.024654;0
0.042756;0.062834;0.999278;10.024654;0
0.046295;0.058135;0.999278;10.024654;0
0.049724;0.057541;0.997747;10.024654;0
0.052942;0.064351;0.997747;10.024654;0
0.055987;0.073235;0.997747;10.024654;0
0.060120;0.066465;0.992609;10.024654;0
0.063422;0.059919;0.992609;10.024654;0
0.067052;0.057374;0.992609;10.024654;0
0.071207;0.060180;0.992609;10.024654;0
-0.027563;0.079425;0.989178;10.024654;0
-0.029451;0.065633;0.989178;10.024654;0
-0.031371;0.051800;0.989178;10.024654;0
-0.033346;0.047436;0.985271;10.024654;0
-0.035305;0.052009;0.985271;10.024654;0
-0.037636;0.053704;0.985271;10.024654;0
-0.039325;0.056537;0.985271;10.024654;0
-0.040964;0.067268;0.980931;10.024654;0
-0.042483;0.084780;0.980931;10.024654;0
-0.043912;0.106637;0.980931;10.024654;0
-0.045495;0.130826;0.976177;10.024654;0
-0.046420;0.132161;0.976177;10.024654;0
-0.047193;0.128534;0.976177;10.024654;0
-0.047797;0.128794;0.976177;10.024654;0
-0.048439;0.140294;0.971009;10.024654;0
-0.048801;0.152886;0.971009;10.024654;0
-0.048932;0.150012;0.971009;10.024654;0
-0.048898;0.139335;0.965413;10.024654;0
-0.048803;0.134328;0.965413;10.024654;0
-0.048696;0.138572;0.965413;10.024654;0
-0.048431;0.141964;0.959372;10.024654;0
-0.048130;0.134423;0.959372;10.024654;0
-0.047746;0.109916;0.959372;10.024654;0
-0.047356;0.085900;0.959372;10.024654;0
-0.046995;0.071492;0.952867;10.024654;0
-0.046530;0.054885;0.952867;10.024654;0
-0.046262;0.063391;0.952867;10.024654;0
-0.046110;0.090438;0.945888;10.024654;0
-0.046034;0.124823;0.945888;10.024654;0
-0.045899;0.149386;0.945888;10.024654;0
-0.045813;0.163914;0.938431;10.024654;0
-0.045847;0.177139;0.938431;10.024654;0
-0.045994;0.190003;0.938431;10.024654;0
-0.046247;0.206688;0.930512;10.024654;0
-0.046541;0.221389;0.930512;10.024654;0
-0.046809;0.208717;0.930512;10.024654;0
-0.047040;0.193161;0.922162;10.024654;0
-0.047352;0.182479;0.922162;10.024654;0
-0.047752;0.177124;0.922162;10.024654;0
-0.048351;0.171388;0.913438;10.024654;0
-0.048757;0.154125;0.913438;10.024654;0
-0.049205;0.139153;0.913438;10.024654;0
-0.049738;0.131363;0.904417;10.024654;0
-0.050338;0.135395;0.954158;10.024654;0
-0.051142;0.144775;0.948476;10.024654;0
-0.051718;0.136989;0.948476;10.024654;0
-0.052327;0.126583;0.948476;10.024654;0
-0.052979;0.123412;0.948476;10.024654;0
-0.053729;0.129708;0.948476;10.024654;0
-0.054518;0.138585;0.885928;10.024654;0
-0.055441;0.132336;0.885928;10.024654;0
-0.056161;0.118594;0.876744;10.024654;0
-0.057011;0.110350;0.876744;10.024654;0
-0.057969;0.111341;0.867827;10.024654;0
-0.059263;0.116805;0.867827;10.024654;0
-0.060516;0.107802;0.859369;10.024654;0
-0.061767;0.101597;0.859369;10.024654;0
-0.063201;0.104740;0.851575;10.024654;0
-0.064769;0.119116;0.851575;10.024654;0
-0.066471;0.135722;0.851575;10.024654;0
-0.068359;0.133126;0.844652;10.024654;0
-0.070980;0.124792;0.844652;10.024654;0
-0.073293;0.120807;0.838798;10.024654;0
-0.075860;0.118287;0.838798;10.024654;0
-0.078682;0.102104;0.834197;10.024654;0
-0.082040;0.083763;0.834197;10.024654;0
-0.087611;0.072201;0.830997;10.024654;0
-0.092740;0.078673;0.830997;10.024654;0
-0.099336;0.084172;0.829305;10.024654;0
0.539871;0.038623;0.829305;10.024654;0
0.551751;0.024758;0.829168;10.024654;0
0.568811;0.013343;0.829168;10.024654;0
0.582191;0.019053;0.830567;10.024654;0
0.596215;0.036351;0.833414;10.024654;0
0.610134;0.049368;0.833414;10.024654;0
0.623697;0.054837;0.837576;10.024654;0
0.642000;0.065320;0.837576;10.024654;0
0.655141;0.080788;0.842878;10.024654;0
0.667534;0.101535;0.842878;10.024654;0
0.678775;0.110058;0.842878;10.024654;0
0.688783;0.107735;0.849114;10.024654;0
0.700011;0.109932;0.849114;10.024654;0
0.706981;0.119756;0.856056;10.024654;0
0.712318;0.132988;0.856056;10.024654;0
0.715973;0.143158;0.863464;10.024654;0
0.717623;0.137650;0.863464;10.024654;0
0.717208;0.126200;0.871093;10.024654;0
0.715095;0.121968;0.871093;10.024654;0
0.711378;0.126758;0.878701;10.024654;0
0.706079;0.135376;0.878701;10.024654;0
0.699059;0.132089;0.886055;10.024654;0
0.687543;0.128992;0.886055;10.024654;0
0.677474;0.136524;0.886055;10.024654;0
0.666346;0.151184;0.892937;10.024654;0
0.653737;0.169286;0.892937;10.024654;0
0.634956;0.177397;0.899145;10.024654;0
0.619269;0.171722;0.899145;10.024654;0
0.603471;0.165561;0.899145;10.024654;0
0.586902;0.165662;0.904501;10.024654;0
0.569837;0.170867;0.904501;10.024654;0
0.546632;0.159765;0.908849;10.024654;0
0.529003;0.149126;0.908849;10.024654;0
0.511128;0.146092;0.908849;10.024654;0
0.493293;0.152862;0.912057;10.024654;0
0.475777;0.166240;0.912057;10.024654;0
0.452617;0.173556;0.912057;10.024654;0
0.435038;0.170042;0.914019;10.024654;0
0.418398;0.169161;0.914019;10.024654;0
0.401790;0.172328;0.914657;10.024654;0
0.385235;0.176962;0.914657;10.024654;0
0.363896;0.162512;0.914657;10.024654;0
0.348923;0.153087;0.913918;10.024654;0
0.334537;0.153168;0.913918;10.024654;0
0.320648;0.161945;0.911777;10.024654;0
0.307015;0.164593;0.911777;10.024654;0
0.290498;0.155540;0.911777;10.024654;0
0.278324;0.150552;0.908235;10.024654;0
0.266751;0.150585;0.908235;10.024654;0
0.255934;0.154531;0.903322;10.024654;0
0.242590;0.144028;0.903322;10.024654;0
0.233238;0.124996;0.903322;10.024654;0
0.224942;0.112247;0.897094;10.024654;0
0.216986;0.112086;0.897094;10.024654;0
0.209752;0.120371;0.889636;10.024654;0
0.201260;0.115269;0.889636;10.024654;0
0.195547;0.110460;0.889636;10.024654;0
0.190596;0.112919;0.881061;10.024654;0
0.186251;0.121251;0.881061;10.024654;0
0.182835;0.124552;0.871511;10.024654;0
0.180617;0.105154;0.871511;10.024654;0
0.180181;0.075943;0.871511;10.024654;0
0.182178;0.063161;0.861155;10.024654;0
0.186812;0.051368;0.861155;10.024654;0
0.482848;0.080251;0.850192;10.024654;0
0.476265;0.046478;0.850192;10.024654;0
0.472105;0.030952;0.838841;10.024654;0
0.468875;0.026788;0.838841;10.024654;0
0.466467;0.022950;0.838841;10.024654;0
0.464359;0.025894;0.827310;10.024654;0
0.463246;0.042662;0.827310;10.024654;0
0.462305;0.071620;0.815799;10.024654;0
0.461358;0.109369;0.815799;10.024654;0
0.460206;0.135078;0.815799;10.024654;0
0.458689;0.141919;0.804494;10.024654;0
0.456151;0.144639;0.804494;10.024654;0
0.453770;0.152116;0.793568;10.024654;0
0.450770;0.158439;0.793568;10.024654;0
0.447194;0.152782;0.783182;10.024654;0
0.442874;0.138771;0.783182;10.024654;0
0.435998;0.126716;0.783182;10.024654;0
0.429955;0.127780;0.773478;10.024654;0
0.423326;0.137207;0.773478;10.024654;0
0.415704;0.146514;0.764587;10.024654;0
0.407098;0.140377;0.764587;10.024654;0
0.397174;0.132836;0.756619;10.024654;0
0.384939;0.132034;0.756619;10.024654;0
0.374327;0.139970;0.749669;10.024654;0
0.363388;0.136158;0.749669;10.024654;0
0.351942;0.126888;0.749669;10.024654;0
0.336735;0.124662;0.743810;10.024654;0
0.324537;0.135743;0.743810;10.024654;0
0.312773;0.147728;0.739098;10.024654;0
0.300958;0.147117;0.739098;10.024654;0
0.288979;0.139271;0.735564;10.024654;0
0.273130;0.133272;0.735564;10.024654;0
0.261454;0.137322;0.733223;10.024654;0
0.250124;0.146461;0.733223;10.024654;0
0.238556;0.154443;0.732066;10.024654;0
0.227511;0.145558;0.732066;10.024654;0
0.213737;0.132821;0.732062;10.024654;0
0.203418;0.132951;0.732062;10.024654;0
0.193645;0.136134;0.733161;10.024654;0
0.184195;0.125652;0.733161;10.024654;0
0.172834;0.111522;0.735294;10.024654;0
0.164460;0.110514;0.735294;10.024654;0
0.156586;0.119992;0.738372;10.024654;0
0.149028;0.135568;0.738372;10.024654;0
0.141722;0.142668;0.742290;10.024654;0
0.132786;0.136587;0.742290;10.024654;0
0.126545;0.133119;0.746928;10.024654;0
0.120538;0.134219;0.746928;10.024654;0
0.115088;0.136870;0.752149;10.024654;0
0.109952;0.126629;0.752149;10.024654;0
0.104606;0.101538;0.757806;10.024654;0
0.100380;0.084012;0.757806;10.024654;0
0.097218;0.081721;0.763741;10.024654;0
0.094657;0.091420;0.763741;10.024654;0
0.093088;0.098303;0.769787;10.024654;0
0.093047;0.077514;0.769787;10.024654;0
0.645388;0.064721;0.769787;10.024654;0
0.646625;0.030256;0.775768;10.024654;0
0.648510;0.007933;0.775768;10.024654;0
0.650828;0.002585;0.781513;10.024654;0
0.654342;0.008279;0.781513;10.024654;0
0.656707;0.030136;0.786872;10.024654;0
0.658654;0.063018;0.786872;10.024654;0
0.660039;0.104600;0.791724;10.024654;0
0.660398;0.143602;0.791724;10.024654;0
0.659289;0.155493;0.795970;10.024654;0
0.657064;0.161709;0.795970;10.024654;0
0.653540;0.168183;0.795970;10.024654;0
0.646678;0.181325;0.799541;10.024654;0
0.639624;0.184443;0.799541;10.024654;0
0.630897;0.171689;0.802392;10.024654;0
0.620709;0.158625;0.802392;10.024654;0
0.609200;0.153595;0.804500;10.024654;0
0.596242;0.154721;0.804500;10.024654;0
0.577282;0.146155;0.804500;10.024654;0
0.561239;0.144862;0.805870;10.024654;0
0.543907;0.149695;0.805870;10.024654;0
0.525289;0.160163;0.806527;10.024654;0
0.505749;0.170688;0.806527;10.024654;0
0.477603;0.164433;0.806521;10.024654;0
0.456054;0.158513;0.806521;10.024654;0
0.433913;0.158079;0.806521;10.024654;0
0.410812;0.164121;0.805923;10.024654;0
0.388141;0.158928;0.805923;10.024654;0
0.357581;0.143482;0.804825;10.024654;0
0.334082;0.139299;0.804825;10.024654;0
0.310996;0.145236;0.804825;10.024654;0
0.287953;0.152898;0.803337;10.024654;0
0.265666;0.143260;0.803337;10.024654;0
0.235680;0.127130;0.801586;10.024654;0
0.214490;0.125075;0.801586;10.024654;0
0.193293;0.132791;0.799716;10.024654;0
0.172515;0.142273;0.799716;10.024654;0
0.145690;0.134658;0.797877;10.024654;0
0.126015;0.129598;0.797877;10.024654;0
0.107523;0.129433;0.797877;10.024654;0
0.089117;0.136677;0.796230;10.024654;0
0.071248;0.137647;0.796230;10.024654;0
0.053696;0.128438;0.794933;10.024654;0
0.031357;0.116982;0.794933;10.024654;0
0.014816;0.115572;0.794143;10.024654;0
-0.001430;0.120765;0.794143;10.024654;0
-0.017341;0.122171;0.794004;10.024654;0
-0.032781;0.103317;0.794004;10.024654;0
-0.052728;0.072900;0.794643;10.024654;0
-0.068088;0.061287;0.794643;10.024654;0
-0.083248;0.064757;0.796159;10.024654;0
-0.098432;0.068755;0.796159;10.024654;0
-0.113494;0.058935;0.798622;10.024654;0
-0.129281;0.050353;0.798622;10.024654;0
-0.151269;0.052312;0.802059;10.024654;0
-0.168738;0.064467;0.802059;10.024654;0
-0.187914;0.075593;0.806454;10.024654;0
-0.210132;0.067869;0.806454;10.024654;0
0.761058;0.038134;0.811739;10.024654;0
0.772805;0.029343;0.811739;10.024654;0
0.786068;0.025595;0.817799;10.024654;0
0.800306;0.030220;0.817799;10.024654;0
0.815803;0.034166;0.824478;10.024654;0
0.836699;0.032745;0.824478;10.024654;0
0.853243;0.035381;0.824478;10.024654;0
0.870210;0.044146;0.831589;10.024654;0
0.887012;0.056560;0.831589;10.024654;0
0.902430;0.059794;0.838927;10.024654;0
0.922821;0.061199;0.838927;10.024654;0
0.937289;0.064550;0.838927;10.024654;0
0.950223;0.072730;0.846276;10.024654;0
0.962196;0.086181;0.846276;10.024654;0
0.972879;0.098462;0.853418;10.024654;0
0.984205;0.097039;0.853418;10.024654;0
0.990741;0.095198;0.853418;10.024654;0
0.995649;0.099047;0.860138;10.024654;0
0.998801;0.108270;0.860138;10.024654;0
1.000000;0.112014;0.860138;10.024654;0
0.999382;0.109486;0.866230;10.024654;0
0.996064;0.111102;0.866230;10.024654;0
0.991847;0.116577;0.866230;10.024654;0
0.985849;0.122668;0.866230;10.024654;0
0.978195;0.121934;0.871505;10.024654;0
0.969301;0.117769;0.871505;10.024654;0
0.955405;0.119204;0.871505;10.024654;0
0.944037;0.125868;0.871505;10.024654;0
0.931289;0.133542;0.871505;10.024654;0
0.917343;0.133179;0.875787;10.024654;0
0.897567;0.128687;0.875787;10.024654;0
0.882082;0.131892;0.875787;10.024654;0
0.865600;0.141299;0.878921;10.024654;0
0.848286;0.149746;0.878921;10.024654;0
0.830150;0.147882;0.878921;10.024654;0
0.805177;0.146927;0.878921;10.024654;0
0.785396;0.152225;0.880776;10.024654;0
0.765894;0.163230;0.880776;10.024654;0
0.745465;0.167715;0.880776;10.024654;0
0.724693;0.164122;0.881241;10.024654;0
0.704191;0.161769;0.881241;10.024654;0
0.676281;0.164807;0.881241;10.024654;0
0.655651;0.171299;0.881241;10.024654;0
0.634914;0.176081;0.880229;10.024654;0
0.614144;0.169719;0.880229;10.024654;0
0.587145;0.158369;0.880229;10.024654;0
0.567150;0.154493;0.877676;10.024654;0
0.547172;0.155657;0.877676;10.024654;0
0.528246;0.151274;0.877676;10.024654;0
0.509495;0.143656;0.877676;10.024654;0
0.485567;0.141473;0.873544;10.024654;0
0.467724;0.147270;0.873544;10.024654;0
0.450334;0.153015;0.873544;10.024654;0
0.433752;0.149216;0.867819;10.024654;0
0.418047;0.144553;0.867819;10.024654;0
0.397542;0.142730;0.867819;10.024654;0
0.382872;0.148577;0.867819;10.024654;0
0.368697;0.154628;0.860512;10.024654;0
0.355078;0.147903;0.860512;10.024654;0
0.341893;0.138305;0.860512;10.024654;0
0.325729;0.135859;0.851658;10.024654;0
0.313929;0.137864;0.851658;10.024654;0
0.302950;0.130178;0.851658;10.024654;0
0.292772;0.123283;0.841318;10.024654;0
0.282781;0.123083;0.841318;10.024654;0
0.270197;0.135446;0.841318;10.024654;0
0.261589;0.142707;0.841318;10.024654;0
0.253333;0.136305;0.829579;10.024654;0
0.245488;0.127748;0.829579;10.024654;0
0.236069;0.123377;0.816553;10.024654;0
0.229384;0.124338;0.816553;10.024654;0
0.223424;0.124680;0.802380;10.024654;0
0.217943;0.115734;0.802380;10.024654;0
0.212989;0.108599;0.802380;10.024654;0
0.207521;0.108149;0.787226;10.024654;0
0.204215;0.116293;0.787226;10.024654;0
0.201818;0.123557;0.787226;10.024654;0
0.200750;0.116505;0.787226;10.024654;0
0.201312;0.105851;0.771286;10.024654;0
0.205540;0.099865;0.771286;10.024654;0
0.212519;0.106331;0.754785;10.024654;0
0.234328;0.099017;0.754785;10.024654;0
0.227779;0.093195;0.754785;10.024654;0
0.222432;0.085266;0.737967;10.024654;0
0.216899;0.081484;0.737967;10.024654;0
0.213716;0.085418;0.737967;10.024654;0
0.211795;0.093893;0.721078;10.024654;0
0.210822;0.093188;0.721078;10.024654;0
0.210744;0.083199;0.721078;10.024654;0
0.211872;0.074275;0.704354;10.024654;0
0.213355;0.076401;0.704354;10.024654;0
0.215169;0.084920;0.704354;10.024654;0
0.217096;0.091410;0.688019;10.024654;0
0.219022;0.086344;0.688019;10.024654;0
0.221320;0.080692;0.672288;10.024654;0
0.222598;0.084135;0.672288;10.024654;0
0.223389;0.089750;0.672288;10.024654;0
0.223664;0.087090;0.657361;10.024654;0
0.223316;0.080536;0.657361;10.024654;0
0.221746;0.081130;0.643428;10.024654;0
0.219632;0.089197;0.643428;10.024654;0
0.216719;0.099306;0.630660;10.024654;0
0.213221;0.097733;0.630660;10.024654;0
0.209023;0.092684;0.630660;10.024654;0
0.204103;0.091660;0.619213;10.024654;0
0.196774;0.101547;0.619213;10.024654;0
0.190604;0.107878;0.609224;10.024654;0
0.184041;0.101140;0.609224;10.024654;0
0.177168;0.091702;0.600805;10.024654;0
0.167549;0.089632;0.600805;10.024654;0
0.160079;0.098716;0.594048;10.024654;0
0.152631;0.100836;0.594048;10.024654;0
0.144898;0.094525;0.589016;10.024654;0
0.137171;0.090032;0.589016;10.024654;0
0.127057;0.090021;0.585746;10.024654;0
0.119446;0.097310;0.585746;10.024654;0
0.111974;0.103004;0.584248;10.024654;0
0.104879;0.096863;0.584248;10.024654;0
0.098016;0.088668;0.584502;10.024654;0
0.089987;0.084275;0.586465;10.024654;0
0.082662;0.084391;0.586465;10.024654;0
0.076716;0.075460;0.590066;10.024654;0
0.071258;0.067761;0.590066;10.024654;0
0.065848;0.065673;0.595216;10.024654;0
0.059055;0.072058;0.595216;10.024654;0
0.054222;0.076693;0.601803;10.024654;0
0.049644;0.069932;0.601803;10.024654;0
0.045353;0.063359;0.609704;10.024654;0
0.040261;0.065420;0.618781;10.024654;0
0.036461;0.075354;0.618781;10.024654;0
0.032870;0.089254;0.628884;10.024654;0
0.029650;0.091435;0.628884;10.024654;0
0.026702;0.085364;0.639861;10.024654;0
0.023458;0.077653;0.639861;10.024654;0
0.020650;0.073338;0.651550;10.024654;0
0.697067;0.072256;0.651550;10.024654;0
0.701765;0.060789;0.663787;10.024654;0
0.706732;0.052175;0.663787;10.024654;0
0.713598;0.059242;0.676411;10.024654;0
0.718847;0.075045;0.676411;10.024654;0
0.723798;0.086117;0.676411;10.024654;0
0.728132;0.095096;0.689273;10.024654;0
0.731665;0.108435;0.689273;10.024654;0
0.734571;0.131730;0.702250;10.024654;0
0.735291;0.151494;0.702250;10.024654;0
0.734277;0.164042;0.715236;10.024654;0
0.731298;0.162525;0.715236;10.024654;0
0.726651;0.157792;0.715236;10.024654;0
0.718007;0.157136;0.728140;10.024654;0
0.709073;0.163738;0.728140;10.024654;0
0.698024;0.169825;0.740891;10.024654;0
0.685324;0.163102;0.740891;10.024654;0
0.670471;0.155366;0.740891;10.024654;0
0.648816;0.157387;0.753432;10.024654;0
0.630320;0.169984;0.753432;10.024654;0
0.610578;0.184057;0.765717;10.024654;0
0.589759;0.185734;0.765717;10.024654;0
0.567535;0.184829;0.765717;10.024654;0
0.537352;0.190321;0.777713;10.024654;0
0.513400;0.200487;0.777713;10.024654;0
0.488839;0.209228;0.789400;10.024654;0
0.463915;0.205852;0.789400;10.024654;0
0.430676;0.191915;0.789400;10.024654;0
0.406237;0.187608;0.800763;10.024654;0
0.381742;0.191404;0.800763;10.024654;0
0.358070;0.199202;0.811799;10.024654;0
0.335313;0.194872;0.811799;10.024654;0
0.305520;0.182408;0.811799;10.024654;0
0.283904;0.179651;0.822510;10.024654;0
0.263126;0.186746;0.822510;10.024654;0
0.243500;0.194244;0.832901;10.024654;0
0.224794;0.186813;0.832901;10.024654;0
0.200954;0.177751;0.842986;10.024654;0
0.184118;0.177842;0.842986;10.024654;0
0.168419;0.177233;0.842986;10.024654;0
0.153931;0.162402;0.852775;10.024654;0
0.138182;0.143736;0.852775;10.024654;0
0.123212;0.136372;0.862283;10.024654;0
0.110770;0.143245;0.862283;10.024654;0
0.098936;0.151249;0.862283;10.024654;0
0.087784;0.144306;0.871522;10.024654;0
0.077195;0.135093;0.871522;10.024654;0
0.063891;0.134240;0.880501;10.024654;0
0.054109;0.145707;0.880501;10.024654;0
0.044942;0.157138;0.889225;10.024654;0
0.035851;0.153515;0.889225;10.024654;0
0.027040;0.142333;0.889225;10.024654;0
0.015628;0.138397;0.897693;10.024654;0
0.007160;0.143434;0.897693;10.024654;0
-0.001194;0.142479;0.905898;10.024654;0
-0.009383;0.125759;0.905898;10.024654;0
-0.017530;0.109527;0.913821;10.024654;0
-0.028508;0.101726;0.913821;10.024654;0
-0.037105;0.110477;0.913821;10.024654;0
-0.045457;0.119798;0.921436;10.024654;0
-0.054032;0.113584;0.921436;10.024654;0
-0.062911;0.106171;0.928704;10.024654;0
-0.072139;0.105938;0.928704;10.024654;0
-0.085955;0.117306;0.928704;10.024654;0
-0.097602;0.111828;0.935575;10.024654;0
0.078579;0.056497;0.935575;10.024654;0
0.079789;0.007094;0.941990;10.024654;0
0.081798;-0.038149;0.941990;10.024654;0
0.085769;-0.057651;0.941990;10.024654;0
0.089745;-0.056060;0.947877;10.024654;0
0.094393;-0.041337;0.947877;10.024654;0
0.099403;-0.009445;0.947877;10.024654;0
0.104738;0.034342;0.953162;10.024654;0
0.112058;0.098581;0.953162;10.024654;0
0.117985;0.135642;0.957767;10.024654;0
0.123924;0.145943;0.957767;10.024654;0
0.129709;0.144885;0.957767;10.024654;0
0.136966;0.142609;0.961618;10.024654;0
0.142359;0.143460;0.961618;10.024654;0
0.147423;0.131117;0.961618;10.024654;0
0.152076;0.114275;0.964643;10.024654;0
0.156425;0.103971;0.964643;10.024654;0
0.161537;0.104684;0.966781;10.024654;0
0.164793;0.111788;0.966781;10.024654;0
0.167537;0.106174;0.966781;10.024654;0
0.169761;0.099112;0.967978;10.024654;0
0.172005;0.099720;0.967978;10.024654;0
0.173136;0.109671;0.967978;10.024654;0
0.173795;0.120720;0.968195;10.024654;0
0.174027;0.116959;0.968195;10.024654;0
0.173765;0.109712;0.968195;10.024654;0
0.173177;0.110581;0.967403;10.024654;0
0.172277;0.115842;0.967403;10.024654;0
0.171096;0.124107;0.967403;10.024654;0
0.169684;0.122698;0.965591;10.024654;0
0.167575;0.107507;0.965591;10.024654;0
0.165858;0.103553;0.962762;10.024654;0
0.164047;0.112262;0.962762;10.024654;0
0.162160;0.121073;0.962762;10.024654;0
0.160262;0.114791;0.958939;10.024654;0
0.158020;0.105221;0.958939;10.024654;0
0.155785;0.105784;0.958939;10.024654;0
0.153921;0.108699;0.954158;10.024654;0
0.152189;0.104095;0.954158;10.024654;0
0.150527;0.096553;0.948476;10.024654;0
0.148386;0.097399;0.948476;10.024654;0
0.146743;0.108529;0.948476;10.024654;0
0.145203;0.110159;0.941966;10.024654;0
0.143736;0.104037;0.941966;10.024654;0
0.142320;0.100297;0.941966;10.024654;0
0.140952;0.103061;0.934717;10.024654;0
0.139324;0.121453;0.934717;10.024654;0
0.137989;0.133804;0.926836;10.024654;0
0.136805;0.126087;0.926836;10.024654;0
0.135768;0.113356;0.926836;10.024654;0
0.134826;0.104371;0.918442;10.024654;0
0.133707;0.104329;0.918442;10.024654;0
0.133003;0.105848;0.909667;10.024654;0
0.132505;0.095758;0.909667;10.024654;0
0.132191;0.085747;0.909667;10.024654;0
0.132038;0.083079;0.900652;10.024654;0
0.132042;0.093443;0.900652;10.024654;0
0.132261;0.098391;0.891546;10.024654;0
0.132776;0.085514;0.891546;10.024654;0
0.133657;0.071210;0.882497;10.024654;0
0.135309;0.063481;0.882497;10.024654;0
0.136966;0.070786;0.882497;10.024654;0
0.139137;0.069634;0.873651;10.024654;0
0.141913;0.060053;0.873651;10.024654;0
0.145468;0.055141;0.865144;10.024654;0
0.149889;0.059215;0.865144;10.024654;0
0.157628;0.061751;0.865144;10.024654;0
0.165692;0.044365;0.857099;10.024654;0
-0.681888;-0.006966;0.857099;10.024654;0
-0.700979;-0.021546;0.849613;10.024654;0
-0.723788;-0.031468;0.849613;10.024654;0
-0.750153;-0.039116;0.842758;10.024654;0
-0.773501;-0.040151;0.842758;10.024654;0
-0.796735;-0.031705;0.842758;10.024654;0
-0.820577;-0.013409;0.836575;10.024654;0
-0.844526;0.004570;0.836575;10.024654;0
-0.875392;0.023446;0.836575;10.024654;0
-0.897423;0.039645;0.831076;10.024654;0
-0.917515;0.056687;0.831076;10.024654;0
-0.936530;0.073491;0.826248;10.024654;0
-0.953363;0.078653;0.826248;10.024654;0
-0.973129;0.081120;0.826248;10.024654;0
-0.985996;0.088002;0.822053;10.024654;0
-0.996579;0.100836;0.822053;10.024654;0
-1.000000;0.106477;0.822053;10.024654;0
-1.000000;0.109049;0.818430;10.024654;0
-1.000000;0.115054;0.818430;10.024654;0
-1.000000;0.122778;0.818430;10.024654;0
-1.000000;0.123647;0.815302;10.024654;0
-1.000000;0.117512;0.815302;10.024654;0
-0.989527;0.114539;0.815302;10.024654;0
-0.978654;0.120713;0.815302;10.024654;0
-0.965502;0.132717;0.815302;10.024654;0
-0.949483;0.140425;0.812579;10.024654;0
-0.925437;0.142414;0.812579;10.024654;0
-0.904801;0.146657;0.812579;10.024654;0
-0.883261;0.153726;0.812579;10.024654;0
-0.859731;0.161500;0.810160;10.024654;0
-0.834646;0.160220;0.810160;10.024654;0
-0.799816;0.155944;0.810160;10.024654;0
-0.772972;0.156093;0.807938;10.024654;0
-0.744932;0.161908;0.807938;10.024654;0
-0.715677;0.170346;0.807938;10.024654;0
-0.676789;0.167771;0.805802;10.024654;0
-0.648171;0.165259;0.805802;10.024654;0
-0.617920;0.167168;0.805802;10.024654;0
-0.587679;0.173028;0.805802;10.024654;0
-0.558032;0.170881;0.803644;10.024654;0
-0.518909;0.163936;0.803644;10.024654;0
-0.489804;0.164853;0.803644;10.024654;0
-0.462238;0.167903;0.801357;10.024654;0
-0.435290;0.161968;0.801357;10.024654;0
-0.408234;0.153770;0.801357;10.024654;0
-0.373648;0.149469;0.798843;10.024654;0
-0.349216;0.155826;0.798843;10.024654;0
-0.326006;0.167971;0.798843;10.024654;0
-0.303148;0.172698;0.796008;10.024654;0
-0.280830;0.164732;0.796008;10.024654;0
-0.253071;0.152538;0.796008;10.024654;0
-0.233180;0.146535;0.792772;10.024654;0
-0.214578;0.148004;0.792772;10.024654;0
-0.196501;0.148730;0.792772;10.024654;0
-0.179363;0.137969;0.789062;10.024654;0
-0.158792;0.127921;0.789062;10.024654;0
-0.144472;0.128071;0.784823;10.024654;0
-0.130111;0.131909;0.784823;10.024654;0
-0.116931;0.129302;0.784823;10.024654;0
-0.104018;0.117462;0.780008;10.024654;0
-0.087934;0.103439;0.780008;10.024654;0
-0.076818;0.101349;0.780008;10.024654;0
-0.066421;0.107785;0.774588;10.024654;0
-0.056133;0.109703;0.774588;10.024654;0
-0.046355;0.102661;0.768549;10.024654;0
-0.034512;0.098528;0.768549;10.024654;0
-0.025738;0.104018;0.768549;10.024654;0
-0.017464;0.108177;0.761891;10.024654;0
-0.009388;0.098635;0.761891;10.024654;0
0.000630;0.088097;0.761891;10.024654;0
0.008022;0.089545;0.754634;10.024654;0
0.015177;0.098957;0.754634;10.024654;0
0.021943;0.110197;0.754634;10.024654;0
0.028776;0.109354;0.746813;10.024654;0
0.037999;0.103337;0.746813;10.024654;0
0.045274;0.102901;0.746813;10.024654;0
-0.240544;0.091994;0.738487;10.024654;0
-0.241771;0.099826;0.738487;10.024654;0
-0.243432;0.098562;0.729730;10.024654;0
-0.246195;0.090291;0.729730;10.024654;0
-0.248611;0.091235;0.729730;10.024654;0
-0.251292;0.100386;0.720634;10.024654;0
-0.253809;0.113986;0.720634;10.024654;0
-0.256725;0.119291;0.720634;10.024654;0
-0.258620;0.122306;0.711300;10.024654;0
-0.259985;0.127779;0.711300;10.024654;0
-0.260754;0.139021;0.701835;10.024654;0
-0.260728;0.155360;0.701835;10.024654;0
-0.259696;0.170106;0.692359;10.024654;0
-0.256507;0.165914;0.692359;10.024654;0
-0.252983;0.160600;0.692359;10.024654;0
-0.248508;0.158178;0.682996;10.024654;0
-0.242986;0.159918;0.682996;10.024654;0
-0.235760;0.154622;0.673883;10.024654;0
-0.226802;0.141665;0.673883;10.024654;0
-0.218530;0.136665;0.665158;10.024654;0
-0.209851;0.138811;0.665158;10.024654;0
-0.200860;0.148968;0.656970;10.024654;0
-0.188050;0.159735;0.656970;10.024654;0
-0.177952;0.127541;0.656970;10.024654;0
-0.167741;0.081709;0.649469;10.024654;0
-0.157749;0.047417;0.649469;10.024654;0
-0.148137;0.038943;0.642807;10.024654;0
-0.138542;0.058668;0.637133;10.024654;0
-0.126362;0.095451;0.637133;10.024654;0
-0.117453;0.118304;0.632590;10.024654;0
-0.108713;0.140972;0.632590;10.024654;0
-0.100451;0.163879;0.629307;10.024654;0
-0.092297;0.178629;0.629307;10.024654;0
-0.082172;0.167750;0.627399;10.024654;0
-0.074843;0.156595;0.626958;10.024654;0
-0.067936;0.151712;0.626958;10.024654;0
-0.061429;0.150803;0.628045;10.024654;0
-0.055271;0.151469;0.630691;10.024654;0
-0.047775;0.132464;0.630691;10.024654;0
-0.042423;0.116108;0.634891;10.024654;0
-0.037408;0.108649;0.640598;10.024654;0
-0.032684;0.109939;0.640598;10.024654;0
-0.028177;0.100346;0.647728;10.024654;0
-0.023920;0.083535;0.656157;10.024654;0
-0.018585;0.070775;0.656157;10.024654;0
-0.014952;0.074989;0.665720;10.024654;0
-0.011371;0.081669;0.665720;10.024654;0
-0.008108;0.073921;0.676221;10.024654;0
-0.005111;0.063500;0.676221;10.024654;0
-0.001991;0.056410;0.687426;10.024654;0
-0.869543;0.038334;0.699076;10.024654;0
-0.880738;0.017118;0.699076;10.024654;0
-0.893208;-0.016776;0.710886;10.024654;0
-0.912333;-0.046079;0.710886;10.024654;0
-0.928731;-0.046272;0.722568;10.024654;0
-0.946232;-0.027380;0.722568;10.024654;0
-0.964279;0.000491;0.722568;10.024654;0
-0.982755;0.023004;0.733852;10.024654;0
-1.000000;0.050599;0.733852;10.024654;0
-1.000000;0.071267;0.744488;10.024654;0
-1.000000;0.091394;0.744488;10.024654;0
-1.000000;0.109783;0.744488;10.024654;0
-1.000000;0.119534;0.754251;10.024654;0
-1.000000;0.121760;0.754251;10.024654;0
-1.000000;0.124342;0.762938;10.024654;0
-1.000000;0.130955;0.762938;10.024654;0
-1.000000;0.137667;0.762938;10.024654;0
-1.000000;0.136128;0.770373;10.024654;0
-1.000000;0.135543;0.770373;10.024654;0
-1.000000;0.140177;0.770373;10.024654;0
-1.000000;0.147116;0.770373;10.024654;0
-1.000000;0.148165;0.770373;10.024654;0
-1.000000;0.145644;0.776406;10.024654;0
-1.000000;0.147826;0.776406;10.024654;0
-1.000000;0.154947;0.776406;10.024654;0
-1.000000;0.167338;0.780913;10.024654;0
-0.983236;0.178309;0.780913;10.024654;0
-0.950668;0.176907;0.780913;10.024654;0
-0.923451;0.172967;0.780913;10.024654;0
-0.895590;0.173706;0.783795;10.024654;0
-0.866167;0.177703;0.783795;10.024654;0
-0.836260;0.176040;0.783795;10.024654;0
-0.795306;0.169116;0.784978;10.024654;0
-0.763939;0.169089;0.784978;10.024654;0
-0.732517;0.177318;0.784978;10.024654;0
-0.701545;0.187665;0.784413;10.024654;0
-0.669948;0.186665;0.784413;10.024654;0
-0.638181;0.180186;0.784413;10.024654;0
-0.599719;0.174568;0.782077;10.024654;0
-0.570176;0.176722;0.782077;10.024654;0
-0.541897;0.181052;0.782077;10.024654;0
-0.514369;0.175962;0.777971;10.024654;0
-0.479597;0.164752;0.777971;10.024654;0
-0.454624;0.161334;0.777971;10.024654;0
-0.430379;0.162612;0.772121;10.024654;0
-0.407277;0.165675;0.772121;10.024654;0
-0.385299;0.157859;0.772121;10.024654;0
-0.358660;0.144884;0.764576;10.024654;0
-0.339260;0.139633;0.764576;10.024654;0
-0.321668;0.140010;0.764576;10.024654;0
-0.305374;0.145522;0.755412;10.024654;0
