-0.289819;0.095535;0.627847;10.024654;0
-0.279189;0.101930;0.633690;10.024654;0
-0.270483;0.097296;0.633690;10.024654;0
-0.261211;0.079722;0.639025;10.024654;0
-0.251692;0.065643;0.639025;10.024654;0
-0.238892;0.060644;0.643847;10.024654;0
-0.227851;0.068944;0.643847;10.024654;0
-0.216858;0.074874;0.643847;10.024654;0
-0.205687;0.075814;0.648174;10.024654;0
-0.195024;0.078991;0.648174;10.024654;0
-0.180183;0.089179;0.652043;10.024654;0
-0.168924;0.100927;0.652043;10.024654;0
-0.158290;0.103690;0.655516;10.024654;0
-0.147415;0.097217;0.655516;10.024654;0
-0.133610;0.090343;0.658678;10.024654;0
-0.123164;0.092008;0.658678;10.024654;0
-0.113195;0.100977;0.661636;10.024654;0
-0.103316;0.110810;0.661636;10.024654;0
-0.093911;0.105704;0.664519;10.024654;0
-0.084723;0.097010;0.664519;10.024654;0
-0.073258;0.090876;0.664519;10.024654;0
-0.065148;0.092522;0.667474;10.024654;0
-0.057373;0.089108;0.667474;10.024654;0
-0.050092;0.078823;0.670663;10.024654;0
-0.040992;0.070006;0.670663;10.024654;0
-0.034415;0.072606;0.674261;10.024654;0
-0.028028;0.079353;0.674261;10.024654;0
-0.022036;0.076199;0.678445;10.024654;0
-0.014683;0.070992;0.678445;10.024654;0
-0.009366;0.072817;0.683392;10.024654;0
-0.004387;0.081971;0.683392;10.024654;0
0.000478;0.092089;0.689269;10.024654;0
0.006642;0.086505;0.689269;10.024654;0
0.011022;0.083279;0.696223;10.024654;0
0.015409;0.083245;0.696223;10.024654;0
0.019667;0.063707;0.696223;10.024654;0
0.023845;0.034607;0.704372;10.024654;0
0.029204;0.006227;0.704372;10.024654;0
0.032954;0.007628;0.713801;10.024654;0
0.036397;0.027007;0.713801;10.024654;0
0.039788;0.054630;0.724547;10.024654;0
0.043493;0.071797;0.724547;10.024654;0
0.047419;0.086564;0.736599;10.024654;0
0.050837;0.101299;0.736599;10.024654;0
0.054694;0.117828;0.749890;10.024654;0
0.059359;0.134706;0.749890;10.024654;0
0.067547;0.138296;0.764294;10.024654;0
0.076221;0.125382;0.764294;10.024654;0
-1.000000;0.101491;0.764294;10.024654;0
-1.000000;0.104459;0.779629;10.024654;0
-1.000000;0.110885;0.779629;10.024654;0
-1.000000;0.120034;0.795675;10.024654;0
-1.000000;0.117784;0.795675;10.024654;0
-1.000000;0.113508;0.795675;10.024654;0
-1.000000;0.112706;0.812197;10.024654;0
-1.000000;0.114378;0.812197;10.024654;0
-1.000000;0.109721;0.812197;10.024654;0
-1.000000;0.103214;0.828962;10.024654;0
-1.000000;0.103706;0.828962;10.024654;0
-1.000000;0.111000;0.828962;10.024654;0
-1.000000;0.123590;0.845741;10.024654;0
-1.000000;0.137120;0.845741;10.024654;0
-1.000000;0.134461;0.845741;10.024654;0
-1.000000;0.130138;0.862316;10.024654;0
-1.000000;0.129884;0.862316;10.024654;0
-0.986427;0.133012;0.862316;10.024654;0
-0.970297;0.130031;0.878487;10.024654;0
-0.953350;0.125687;0.878487;10.024654;0
-0.935834;0.125785;0.878487;10.024654;0
-0.912211;0.132885;0.878487;10.024654;0
-0.893481;0.141808;0.894071;10.024654;0
-0.874145;0.149698;0.894071;10.024654;0
-0.854502;0.148635;0.894071;10.024654;0
-0.827270;0.144462;0.908905;10.024654;0
-0.806454;0.144584;0.908905;10.024654;0
-0.785575;0.148337;0.908905;10.024654;0
-0.765358;0.154185;0.908905;10.024654;0
-0.744196;0.154708;0.922852;10.024654;0
-0.717411;0.145004;0.922852;10.024654;0
-0.696493;0.139179;0.922852;10.024654;0
-0.676612;0.138730;0.935794;10.024654;0
-0.656278;0.143892;0.935794;10.024654;0
-0.636061;0.144875;0.935794;10.024654;0
-0.610173;0.138057;0.935794;10.024654;0
-0.590702;0.135585;0.947638;10.024654;0
-0.571970;0.137229;0.947638;10.024654;0
-0.553232;0.139526;0.947638;10.024654;0
-0.535426;0.132445;0.947638;10.024654;0
-0.511593;0.122308;0.958313;10.024654;0
-0.494339;0.120695;0.958313;10.024654;0
-0.477563;0.127173;0.958313;10.024654;0
-0.461427;0.137633;0.967770;10.024654;0
-0.445223;0.141681;0.967770;10.024654;0
-0.424968;0.133691;0.967770;10.024654;0
-0.409954;0.129221;0.967770;10.024654;0
-0.395634;0.133342;0.975981;10.024654;0
-0.381652;0.142699;0.975981;10.024654;0
-0.363232;0.149078;0.975981;10.024654;0
-0.349138;0.136991;0.975981;10.024654;0
-0.335761;0.124599;0.982938;10.024654;0
-0.323315;0.117444;0.982938;10.024654;0
-0.311287;0.115460;0.982938;10.024654;0
-0.295440;0.106964;0.988652;10.024654;0
-0.284098;0.096420;0.988652;10.024654;0
-0.273196;0.092409;0.988652;10.024654;0
-0.262676;0.095592;0.988652;10.024654;0
-0.252486;0.105160;0.993149;10.024654;0
-0.239240;0.114627;0.993149;10.024654;0
-0.229658;0.105955;0.993149;10.024654;0
-0.220578;0.096971;0.993149;10.024654;0
-0.211661;0.093602;0.996471;10.024654;0
-0.200320;0.098526;0.996471;10.024654;0
-0.191871;0.107197;0.996471;10.024654;0
-0.183753;0.113561;0.998675;10.024654;0
-0.175684;0.108572;0.998675;10.024654;0
-0.168000;0.102714;0.998675;10.024654;0
-0.160424;0.099801;0.998675;10.024654;0
-0.150785;0.105353;0.998675;10.024654;0
-0.143764;0.109355;0.998675;10.024654;0
-0.136800;0.099822;0.998675;10.024654;0
-0.130315;0.087866;0.998675;10.024654;0
-0.121840;0.079718;0.999826;10.024654;0
-0.115662;0.081681;0.999826;10.024654;0
-0.109760;0.088125;0.999826;10.024654;0
-0.103985;0.089358;1.000000;10.024654;0
-0.098497;0.085896;1.000000;10.024654;0
-0.091350;0.085837;1.000000;10.024654;0
-0.086151;0.093674;1.000000;10.024654;0
-0.081273;0.100654;0.999278;10.024654;0
-0.076473;0.094615;0.999278;10.024654;0
-0.071893;0.085542;0.999278;10.024654;0
-0.066107;0.081959;0.997747;10.024654;0
-0.061987;0.089697;0.997747;10.024654;0
-0.058203;0.103698;0.997747;10.024654;0
-0.054616;0.110550;0.997747;10.024654;0
-0.051509;0.106914;0.992609;10.024654;0
-0.048040;0.099467;0.992609;10.024654;0
-0.046281;0.100954;0.992609;10.024654;0
-0.045527;0.108844;0.992609;10.024654;0
0.046741;0.092469;0.989178;10.024654;0
0.051060;0.083159;0.989178;10.024654;0
0.054834;0.072518;0.989178;10.024654;0
0.058996;0.068441;0.985271;10.024654;0
0.061312;0.079073;0.985271;10.024654;0
0.063033;0.092670;0.985271;10.024654;0
0.064196;0.094028;0.985271;10.024654;0
0.064802;0.095082;0.980931;10.024654;0
0.064762;0.105281;0.980931;10.024654;0
0.064171;0.122810;0.980931;10.024654;0
0.063220;0.141750;0.976177;10.024654;0
0.061966;0.148856;0.976177;10.024654;0
0.059888;0.143711;0.976177;10.024654;0
0.058060;0.142457;0.976177;10.024654;0
0.056074;0.146818;0.971009;10.024654;0
0.054064;0.155207;0.971009;10.024654;0
0.052014;0.157015;0.971009;10.024654;0
0.049360;0.147477;0.965413;10.024654;0
0.047450;0.143218;0.965413;10.024654;0
0.045659;0.144490;0.965413;10.024654;0
0.043927;0.146526;0.959372;10.024654;0
0.042432;0.136447;0.959372;10.024654;0
0.040639;0.124477;0.959372;10.024654;0
0.039483;0.127674;0.952867;10.024654;0
0.038424;0.141826;0.952867;10.024654;0
0.037534;0.156991;0.952867;10.024654;0
0.036523;0.150744;0.945888;10.024654;0
0.035929;0.141635;0.945888;10.024654;0
0.035452;0.142512;0.945888;10.024654;0
0.035039;0.152945;0.938431;10.024654;0
0.034645;0.160444;0.938431;10.024654;0
0.034432;0.155879;0.938431;10.024654;0
0.034250;0.152948;0.930512;10.024654;0
0.034075;0.157227;0.930512;10.024654;0
0.033933;0.165633;0.930512;10.024654;0
0.033878;0.159575;0.922162;10.024654;0
0.033838;0.143308;0.922162;10.024654;0
0.033790;0.137511;0.913438;10.024654;0
0.033709;0.141643;0.913438;10.024654;0
0.033589;0.153063;0.913438;10.024654;0
0.033492;0.155408;0.904417;10.024654;0
0.033403;0.139375;0.904417;10.024654;0
0.033326;0.129332;0.904417;10.024654;0
0.033218;0.125016;0.895204;10.024654;0
0.033081;0.128882;0.895204;10.024654;0
0.032933;0.137748;0.885928;10.024654;0
0.032778;0.143334;0.885928;10.024654;0
0.032753;0.127454;0.885928;10.024654;0
0.032775;0.113510;0.885928;10.024654;0
0.032810;0.107811;0.876744;10.024654;0
0.032846;0.111494;0.876744;10.024654;0
0.032961;0.115280;0.867827;10.024654;0
0.033151;0.101190;0.867827;10.024654;0
0.033398;0.086175;0.867827;10.024654;0
0.033691;0.075629;0.859369;10.024654;0
0.034137;0.079071;0.859369;10.024654;0
0.034524;0.092820;0.851575;10.024654;0
0.034991;0.102619;0.851575;10.024654;0
0.035603;0.092794;0.844652;10.024654;0
0.036575;0.075144;0.844652;10.024654;0
0.037463;0.068476;0.838798;10.024654;0
0.038429;0.071932;0.838798;10.024654;0
0.039642;0.073892;0.838798;10.024654;0
0.041247;0.044583;0.834197;10.024654;0
0.043196;0.006334;0.834197;10.024654;0
0.046488;-0.022014;0.830997;10.024654;0
0.049603;-0.016660;0.830997;10.024654;0
0.053697;-0.001608;0.829305;10.024654;0
0.520995;0.025120;0.829305;10.024654;0
0.526915;0.034581;0.829168;10.024654;0
0.533548;0.043077;0.829168;10.024654;0
0.541355;0.059820;0.830567;10.024654;0
0.547629;0.064589;0.833414;10.024654;0
0.553604;0.068532;0.833414;10.024654;0
0.559326;0.077325;0.833414;10.024654;0
0.565780;0.097184;0.837576;10.024654;0
0.569837;0.111849;0.837576;10.024654;0
0.572840;0.113319;0.842878;10.024654;0
0.574771;0.114440;0.842878;10.024654;0
0.575511;0.119038;0.849114;10.024654;0
0.574843;0.131271;0.849114;10.024654;0
0.571278;0.143603;0.856056;10.024654;0
0.566668;0.141158;0.856056;10.024654;0
0.560133;0.137968;0.863464;10.024654;0
0.552104;0.140605;0.863464;10.024654;0
0.538254;0.144153;0.863464;10.024654;0
0.526118;0.132566;0.871093;10.024654;0
0.512049;0.120674;0.871093;10.024654;0
0.496761;0.117515;0.878701;10.024654;0
0.479959;0.125695;0.878701;10.024654;0
0.455467;0.141531;0.886055;10.024654;0
0.435465;0.141308;0.886055;10.024654;0
0.414466;0.135721;0.892937;10.024654;0
0.392562;0.134536;0.892937;10.024654;0
0.369788;0.140804;0.899145;10.024654;0
0.338890;0.157769;0.899145;10.024654;0
0.314400;0.168267;0.899145;10.024654;0
0.289164;0.161639;0.904501;10.024654;0
0.263850;0.153205;0.904501;10.024654;0
0.238938;0.150157;0.908849;10.024654;0
0.205990;0.158990;0.908849;10.024654;0
0.181122;0.168351;0.912057;10.024654;0
0.156652;0.164038;0.912057;10.024654;0
0.132202;0.158874;0.912057;10.024654;0
0.100278;0.157478;0.914019;10.024654;0
0.077218;0.163628;0.914019;10.024654;0
0.054662;0.166725;0.914657;10.024654;0
0.032918;0.153200;0.914657;10.024654;0
0.011894;0.137299;0.914657;10.024654;0
-0.015760;0.130380;0.913918;10.024654;0
-0.035662;0.140196;0.913918;10.024654;0
-0.055441;0.151080;0.911777;10.024654;0
-0.074168;0.145441;0.911777;10.024654;0
-0.092093;0.138327;0.911777;10.024654;0
-0.116414;0.136545;0.908235;10.024654;0
-0.133778;0.140446;0.908235;10.024654;0
-0.150881;0.140781;0.903322;10.024654;0
-0.168235;0.125772;0.903322;10.024654;0
-0.190417;0.112178;0.897094;10.024654;0
-0.207615;0.115526;0.897094;10.024654;0
-0.224601;0.120270;0.897094;10.024654;0
-0.242293;0.111182;0.889636;10.024654;0
-0.260095;0.103708;0.889636;10.024654;0
-0.284841;0.106309;0.881061;10.024654;0
-0.304138;0.115440;0.881061;10.024654;0
-0.324348;0.131040;0.871511;10.024654;0
-0.345716;0.142947;0.871511;10.024654;0
-0.369246;0.134414;0.861155;10.024654;0
-0.404319;0.117671;0.861155;10.024654;0
-0.436459;0.114408;0.861155;10.024654;0
-0.475085;0.123146;0.850192;10.024654;0
0.545137;-0.034814;0.850192;10.024654;0
0.567550;-0.065061;0.838841;10.024654;0
0.602490;-0.110276;0.838841;10.024654;0
0.632776;-0.123092;0.838841;10.024654;0
0.664833;-0.115599;0.827310;10.024654;0
0.701573;-0.097438;0.827310;10.024654;0
0.749528;-0.062075;0.815799;10.024654;0
0.785608;-0.021762;0.815799;10.024654;0
0.819587;0.024772;0.815799;10.024654;0
0.851839;0.073874;0.804494;10.024654;0
0.882073;0.116073;0.804494;10.024654;0
0.917719;0.138742;0.804494;10.024654;0
0.941535;0.142868;0.793568;10.024654;0
0.961983;0.144903;0.793568;10.024654;0
0.978287;0.151140;0.783182;10.024654;0
0.991220;0.161031;0.783182;10.024654;0
1.000000;0.164658;0.783182;10.024654;0
1.000000;0.163961;0.773478;10.024654;0
1.000000;0.169088;0.773478;10.024654;0
0.996395;0.177939;0.773478;10.024654;0
0.986042;0.182846;0.764587;10.024654;0
0.966598;0.183538;0.764587;10.024654;0
0.947923;0.190509;0.764587;10.024654;0
0.925965;0.204381;0.756619;10.024654;0
0.901162;0.216550;0.756619;10.024654;0
0.872302;0.214322;0.749669;10.024654;0
0.830545;0.210953;0.749669;10.024654;0
0.797858;0.216332;0.749669;10.024654;0
0.763635;0.221110;0.743810;10.024654;0
0.728899;0.212775;0.743810;10.024654;0
0.685003;0.202989;0.743810;10.024654;0
0.646279;0.203153;0.739098;10.024654;0
0.611597;0.210489;0.739098;10.024654;0
0.575984;0.212176;0.735564;10.024654;0
0.541225;0.204664;0.735564;10.024654;0
0.497386;0.199636;0.735564;10.024654;0
0.466712;0.202143;0.733223;10.024654;0
0.436826;0.209236;0.733223;10.024654;0
0.408333;0.212267;0.732066;10.024654;0
0.381026;0.197100;0.732066;10.024654;0
0.348584;0.175076;0.732062;10.024654;0
0.325836;0.166406;0.732062;10.024654;0
0.305241;0.166764;0.732062;10.024654;0
0.286595;0.173496;0.733161;10.024654;0
0.263852;0.176892;0.733161;10.024654;0
0.247986;0.161629;0.735294;10.024654;0
0.234465;0.146540;0.735294;10.024654;0
0.222056;0.135994;0.738372;10.024654;0
0.210676;0.133446;0.738372;10.024654;0
0.197611;0.131142;0.742290;10.024654;0
0.188887;0.115292;0.742290;10.024654;0
0.181172;0.100832;0.746928;10.024654;0
0.174498;0.096904;0.746928;10.024654;0
0.168412;0.104774;0.752149;10.024654;0
0.161094;0.115867;0.752149;10.024654;0
0.156371;0.104335;0.757806;10.024654;0
0.152305;0.090633;0.757806;10.024654;0
0.148890;0.083206;0.757806;10.024654;0
0.145945;0.083653;0.763741;10.024654;0
0.143246;0.084605;0.763741;10.024654;0
0.142490;0.070475;0.769787;10.024654;0
0.453665;0.113901;0.769787;10.024654;0
0.446916;0.109353;0.775768;10.024654;0
0.437614;0.106994;0.775768;10.024654;0
0.430436;0.099595;0.781513;10.024654;0
0.422818;0.088925;0.781513;10.024654;0
0.415083;0.083913;0.786872;10.024654;0
0.407021;0.088186;0.786872;10.024654;0
0.395854;0.104273;0.791724;10.024654;0
0.387040;0.109005;0.791724;10.024654;0
0.378098;0.105607;0.791724;10.024654;0
0.368585;0.102344;0.795970;10.024654;0
0.355791;0.108034;0.795970;10.024654;0
0.346081;0.121119;0.799541;10.024654;0
0.336106;0.130953;0.799541;10.024654;0
0.326163;0.125684;0.802392;10.024654;0
0.316552;0.115052;0.802392;10.024654;0
0.307034;0.113268;0.804500;10.024654;0
0.294879;0.128067;0.804500;10.024654;0
0.285918;0.136674;0.804500;10.024654;0
0.277269;0.128756;0.805870;10.024654;0
0.269060;0.121368;0.805870;10.024654;0
0.261277;0.121064;0.806527;10.024654;0
0.254047;0.124897;0.806527;10.024654;0
0.245154;0.118101;0.806521;10.024654;0
0.238981;0.109503;0.806521;10.024654;0
0.233392;0.111756;0.805923;10.024654;0
0.228220;0.126309;0.805923;10.024654;0
0.221961;0.144457;0.804825;10.024654;0
0.217564;0.139099;0.804825;10.024654;0
0.213576;0.128978;0.804825;10.024654;0
0.210080;0.125791;0.803337;10.024654;0
0.206899;0.134880;0.803337;10.024654;0
0.203337;0.154083;0.801586;10.024654;0
0.200913;0.160414;0.801586;10.024654;0
0.198819;0.149231;0.799716;10.024654;0
0.197056;0.138519;0.799716;10.024654;0
0.195623;0.134748;0.797877;10.024654;0
0.194276;0.127036;0.797877;10.024654;0
0.193720;0.082122;0.796230;10.024654;0
0.193839;0.032962;0.796230;10.024654;0
0.194462;0.005037;0.794933;10.024654;0
0.195334;0.008995;0.794933;10.024654;0
0.196361;0.039432;0.794933;10.024654;0
0.198148;0.088341;0.794143;10.024654;0
0.199763;0.116200;0.794143;10.024654;0
0.201549;0.140601;0.794004;10.024654;0
0.203482;0.161923;0.794004;10.024654;0
0.206459;0.188758;0.794643;10.024654;0
0.209014;0.192173;0.794643;10.024654;0
0.212057;0.183088;0.796159;10.024654;0
0.215696;0.171121;0.796159;10.024654;0
0.220379;0.161965;0.798622;10.024654;0
0.228565;0.151094;0.798622;10.024654;0
0.236772;0.130983;0.802059;10.024654;0
0.247038;0.114487;0.802059;10.024654;0
0.260974;0.104770;0.806454;10.024654;0
0.279354;0.102925;0.806454;10.024654;0
1.000000;0.096136;0.811739;10.024654;0
1.000000;0.072128;0.811739;10.024654;0
1.000000;0.049041;0.817799;10.024654;0
1.000000;0.038708;0.817799;10.024654;0
1.000000;0.034345;0.817799;10.024654;0
1.000000;0.035738;0.824478;10.024654;0
1.000000;0.047607;0.824478;10.024654;0
1.000000;0.066744;0.831589;10.024654;0
1.000000;0.090564;0.831589;10.024654;0
1.000000;0.108263;0.831589;10.024654;0
1.000000;0.116137;0.838927;10.024654;0
1.000000;0.119820;0.838927;10.024654;0
1.000000;0.124844;0.838927;10.024654;0
1.000000;0.131053;0.846276;10.024654;0
1.000000;0.133039;0.846276;10.024654;0
1.000000;0.127259;0.846276;10.024654;0
1.000000;0.125496;0.853418;10.024654;0
1.000000;0.128718;0.853418;10.024654;0
1.000000;0.135962;0.853418;10.024654;0
1.000000;0.142489;0.853418;10.024654;0
1.000000;0.134932;0.853418;10.024654;0
0.985615;0.127018;0.860138;10.024654;0
0.967863;0.122949;0.860138;10.024654;0
0.948426;0.127491;0.860138;10.024654;0
0.927570;0.137275;0.866230;10.024654;0
0.896318;0.137445;0.866230;10.024654;0
0.871247;0.135554;0.866230;10.024654;0
0.844842;0.138017;0.866230;10.024654;0
0.817636;0.146257;0.871505;10.024654;0
0.788096;0.155311;0.871505;10.024654;0
0.748063;0.148215;0.871505;10.024654;0
0.717619;0.141179;0.875787;10.024654;0
0.685579;0.139082;0.875787;10.024654;0
0.653107;0.139994;0.875787;10.024654;0
0.610741;0.129505;0.875787;10.024654;0
0.578817;0.125700;0.878921;10.024654;0
0.547011;0.129581;0.878921;10.024654;0
0.514808;0.134717;0.878921;10.024654;0
0.483611;0.129351;0.880776;10.024654;0
0.442783;0.123879;0.880776;10.024654;0
0.412994;0.127337;0.880776;10.024654;0
0.383324;0.131774;0.880776;10.024654;0
0.354552;0.125812;0.881241;10.024654;0
0.327266;0.116425;0.881241;10.024654;0
0.292167;0.112588;0.881241;10.024654;0
0.267406;0.116822;0.880229;10.024654;0
0.242674;0.117912;0.880229;10.024654;0
0.219513;0.105485;0.880229;10.024654;0
0.197445;0.093787;0.880229;10.024654;0
0.169740;0.090868;0.877676;10.024654;0
0.150122;0.097058;0.877676;10.024654;0
0.131326;0.104251;0.877676;10.024654;0
0.112851;0.098174;0.873544;10.024654;0
0.089954;0.089597;0.873544;10.024654;0
0.073759;0.088655;0.867819;10.024654;0
0.058001;0.091473;0.867819;10.024654;0
0.043047;0.087693;0.867819;10.024654;0
0.029393;0.077474;0.860512;10.024654;0
0.015908;0.070341;0.860512;10.024654;0
-0.001174;0.074826;0.860512;10.024654;0
-0.013291;0.079999;0.851658;10.024654;0
-0.024534;0.073461;0.851658;10.024654;0
-0.035409;0.065539;0.851658;10.024654;0
-0.045778;0.065685;0.851658;10.024654;0
-0.058656;0.075503;0.841318;10.024654;0
-0.067765;0.078667;0.841318;10.024654;0
-0.076030;0.070972;0.841318;10.024654;0
-0.084005;0.064332;0.829579;10.024654;0
-0.091561;0.064542;0.829579;10.024654;0
-0.100938;0.067840;0.829579;10.024654;0
-0.107468;0.062118;0.816553;10.024654;0
-0.113339;0.059484;0.816553;10.024654;0
-0.118875;0.063191;0.816553;10.024654;0
-0.124027;0.073582;0.802380;10.024654;0
-0.130034;0.091507;0.802380;10.024654;0
-0.134037;0.093887;0.802380;10.024654;0
-0.137699;0.088065;0.787226;10.024654;0
-0.141347;0.082870;0.787226;10.024654;0
-0.145066;0.084654;0.787226;10.024654;0
-0.150648;0.087559;0.771286;10.024654;0
-0.155939;0.077576;0.771286;10.024654;0
0.334119;0.060300;0.754785;10.024654;0
0.346208;0.059051;0.754785;10.024654;0
0.359130;0.060111;0.754785;10.024654;0
0.376424;0.049698;0.737967;10.024654;0
0.389369;0.042824;0.737967;10.024654;0
0.402366;0.043034;0.737967;10.024654;0
0.414544;0.051498;0.721078;10.024654;0
0.426408;0.067505;0.721078;10.024654;0
0.441181;0.083604;0.721078;10.024654;0
0.451190;0.086007;0.704354;10.024654;0
0.460402;0.087368;0.704354;10.024654;0
0.468306;0.091511;0.688019;10.024654;0
0.475391;0.092377;0.688019;10.024654;0
0.482958;0.083458;0.688019;10.024654;0
0.487417;0.081583;0.672288;10.024654;0
0.490689;0.086642;0.672288;10.024654;0
0.492891;0.099419;0.657361;10.024654;0
0.493948;0.113750;0.657361;10.024654;0
0.493611;0.115393;0.657361;10.024654;0
0.492260;0.113143;0.643428;10.024654;0
0.490036;0.112748;0.643428;10.024654;0
0.487043;0.117549;0.630660;10.024654;0
0.483316;0.122979;0.630660;10.024654;0
0.477562;0.116331;0.619213;10.024654;0
0.472902;0.108474;0.619213;10.024654;0
0.467773;0.107451;0.619213;10.024654;0
0.462456;0.116373;0.609224;10.024654;0
0.454728;0.123039;0.609224;10.024654;0
0.448639;0.120724;0.600805;10.024654;0
0.442576;0.122158;0.600805;10.024654;0
0.436448;0.128955;0.594048;10.024654;0
0.430267;0.141070;0.594048;10.024654;0
0.421878;0.145682;0.589016;10.024654;0
0.415479;0.137229;0.589016;10.024654;0
0.409396;0.128295;0.585746;10.024654;0
0.403660;0.123608;0.585746;10.024654;0
0.397949;0.125309;0.584248;10.024654;0
0.392622;0.127083;0.584248;10.024654;0
0.386023;0.111483;0.584502;10.024654;0
0.381484;0.100880;0.584502;10.024654;0
0.377194;0.098431;0.586465;10.024654;0
0.373223;0.103838;0.586465;10.024654;0
0.369443;0.114080;0.590066;10.024654;0
0.364580;0.124254;0.590066;10.024654;0
0.361386;0.118034;0.595216;10.024654;0
0.358414;0.111145;0.595216;10.024654;0
0.355798;0.107885;0.601803;10.024654;0
0.352750;0.113656;0.601803;10.024654;0
0.350674;0.117839;0.609704;10.024654;0
0.349136;0.110261;0.609704;10.024654;0
0.348237;0.101234;0.618781;10.024654;0
0.348151;0.096487;0.618781;10.024654;0
0.349662;0.100134;0.628884;10.024654;0
0.352711;0.096349;0.628884;10.024654;0
0.358198;0.088322;0.639861;10.024654;0
0.367270;0.082893;0.639861;10.024654;0
0.381349;0.080266;0.651550;10.024654;0
0.643890;0.090390;0.651550;10.024654;0
0.633857;0.077791;0.663787;10.024654;0
0.624465;0.053804;0.663787;10.024654;0
0.616330;0.038071;0.676411;10.024654;0
0.609477;0.040254;0.676411;10.024654;0
0.603557;0.060325;0.689273;10.024654;0
0.598441;0.090500;0.689273;10.024654;0
0.592143;0.121646;0.689273;10.024654;0
0.587735;0.133703;0.702250;10.024654;0
0.583301;0.141602;0.702250;10.024654;0
0.578924;0.126858;0.715236;10.024654;0
0.574486;0.106349;0.715236;10.024654;0
0.568442;0.073534;0.715236;10.024654;0
0.563305;0.064698;0.728140;10.024654;0
0.557222;0.077659;0.728140;10.024654;0
0.550109;0.108598;0.740891;10.024654;0
0.541720;0.140190;0.740891;10.024654;0
0.528141;0.168745;0.740891;10.024654;0
0.516153;0.187801;0.753432;10.024654;0
0.502295;0.205404;0.753432;10.024654;0
0.487354;0.218170;0.765717;10.024654;0
0.470646;0.214267;0.765717;10.024654;0
0.446403;0.201148;0.765717;10.024654;0
0.427361;0.197382;0.777713;10.024654;0
0.407673;0.202872;0.777713;10.024654;0
0.387712;0.208535;0.789400;10.024654;0
0.367336;0.200455;0.789400;10.024654;0
0.340337;0.187158;0.789400;10.024654;0
0.319659;0.182116;0.800763;10.024654;0
0.299529;0.185491;0.800763;10.024654;0
0.279280;0.189336;0.811799;10.024654;0
0.259500;0.177263;0.811799;10.024654;0
0.240429;0.165029;0.811799;10.024654;0
0.216709;0.161244;0.822510;10.024654;0
0.199560;0.161584;0.822510;10.024654;0
0.183251;0.150808;0.832901;10.024654;0
0.167796;0.141247;0.832901;10.024654;0
0.148547;0.141619;0.842986;10.024654;0
0.134530;0.152765;0.842986;10.024654;0
0.121428;0.163279;0.842986;10.024654;0
0.109078;0.159871;0.852775;10.024654;0
0.097198;0.153687;0.852775;10.024654;0
0.082832;0.153891;0.862283;10.024654;0
0.072320;0.164011;0.862283;10.024654;0
0.062076;0.172005;0.871522;10.024654;0
0.052574;0.161556;0.871522;10.024654;0
0.043514;0.148023;0.871522;10.024654;0
0.032025;0.138470;0.880501;10.024654;0
0.023620;0.137517;0.880501;10.024654;0
0.015259;0.142833;0.889225;10.024654;0
0.007252;0.146407;0.889225;10.024654;0
-0.000573;0.129205;0.897693;10.024654;0
-0.010693;0.100299;0.897693;10.024654;0
-0.018185;0.089141;0.897693;10.024654;0
-0.025513;0.089816;0.905898;10.024654;0
-0.032729;0.088093;0.905898;10.024654;0
-0.039875;0.081073;0.913821;10.024654;0
-0.049536;0.081900;0.913821;10.024654;0
-0.057007;0.095423;0.921436;10.024654;0
-0.064606;0.115626;0.921436;10.024654;0
-0.072057;0.118361;0.921436;10.024654;0
-0.082230;0.106782;0.928704;10.024654;0
-0.091352;0.098851;0.928704;10.024654;0
-0.101226;0.097347;0.935575;10.024654;0
-0.112650;0.092288;0.935575;10.024654;0
0.103886;0.070265;0.935575;10.024654;0
0.107620;0.038287;0.941990;10.024654;0
0.113813;-0.012051;0.941990;10.024654;0
0.119635;-0.037108;0.947877;10.024654;0
0.126629;-0.048285;0.947877;10.024654;0
0.134648;-0.056890;0.947877;10.024654;0
0.146159;-0.050574;0.953162;10.024654;0
0.155685;-0.026749;0.953162;10.024654;0
0.165063;0.009815;0.953162;10.024654;0
0.174175;0.045913;0.957767;10.024654;0
0.183100;0.066795;0.957767;10.024654;0
0.191844;0.083551;0.957767;10.024654;0
0.202698;0.103134;0.961618;10.024654;0
0.209943;0.119523;0.961618;10.024654;0
0.216295;0.130609;0.964643;10.024654;0
0.221753;0.126480;0.964643;10.024654;0
0.227649;0.120361;0.964643;10.024654;0
0.230967;0.121480;0.966781;10.024654;0
0.233210;0.111812;0.966781;10.024654;0
0.234344;0.097968;0.966781;10.024654;0
0.234506;0.091750;0.967978;10.024654;0
0.233142;0.097855;0.967978;10.024654;0
0.230873;0.111477;0.967978;10.024654;0
0.227682;0.118011;0.968195;10.024654;0
0.223718;0.118113;0.968195;10.024654;0
0.218886;0.120659;0.968195;10.024654;0
0.211150;0.134339;0.967403;10.024654;0
0.204561;0.142409;0.967403;10.024654;0
0.197601;0.135064;0.967403;10.024654;0
0.190291;0.127618;0.965591;10.024654;0
0.182528;0.128315;0.965591;10.024654;0
0.171859;0.143923;0.965591;10.024654;0
0.163654;0.152381;0.962762;10.024654;0
0.155392;0.144163;0.962762;10.024654;0
0.147171;0.134803;0.962762;10.024654;0
0.136668;0.135102;0.958939;10.024654;0
0.128320;0.142447;0.958939;10.024654;0
0.120316;0.140451;0.954158;10.024654;0
0.112757;0.138078;0.954158;10.024654;0
0.105067;0.140805;0.954158;10.024654;0
0.097500;0.152395;0.948476;10.024654;0
0.088236;0.154667;0.948476;10.024654;0
0.081349;0.143749;0.948476;10.024654;0
0.074670;0.139227;0.941966;10.024654;0
0.068014;0.144637;0.941966;10.024654;0
0.059616;0.152801;0.934717;10.024654;0
0.053444;0.141868;0.934717;10.024654;0
0.047683;0.132079;0.934717;10.024654;0
0.042037;0.132041;0.926836;10.024654;0
0.036266;0.142980;0.926836;10.024654;0
0.028956;0.151793;0.918442;10.024654;0
0.023576;0.140023;0.918442;10.024654;0
0.018309;0.127945;0.918442;10.024654;0
0.013098;0.120858;0.909667;10.024654;0
0.007917;0.122204;0.909667;10.024654;0
0.001300;0.122145;0.900652;10.024654;0
-0.003620;0.103328;0.900652;10.024654;0
-0.008392;0.087025;0.900652;10.024654;0
-0.013260;0.080953;0.891546;10.024654;0
-0.018158;0.087075;0.891546;10.024654;0
-0.024525;0.092726;0.882497;10.024654;0
-0.029426;0.089794;0.882497;10.024654;0
-0.034254;0.088846;0.873651;10.024654;0
-0.039268;0.093498;0.873651;10.024654;0
-0.044550;0.100180;0.873651;10.024654;0
-0.050180;0.098008;0.865144;10.024654;0
-0.059207;0.084227;0.865144;10.024654;0
-0.067769;0.078584;0.857099;10.024654;0
-0.722233;0.030798;0.857099;10.024654;0
-0.733775;0.008122;0.857099;10.024654;0
-0.746085;-0.033250;0.849613;10.024654;0
-0.764421;-0.075288;0.849613;10.024654;0
-0.779822;-0.084366;0.842758;10.024654;0
-0.796281;-0.073236;0.842758;10.024654;0
-0.813654;-0.044269;0.842758;10.024654;0
-0.831012;-0.009422;0.836575;10.024654;0
-0.854542;0.020381;0.836575;10.024654;0
-0.871539;0.035386;0.831076;10.024654;0
-0.887749;0.049892;0.831076;10.024654;0
-0.903757;0.063793;0.831076;10.024654;0
-0.918525;0.066076;0.826248;10.024654;0
-0.936011;0.061725;0.826248;10.024654;0
-0.947851;0.063913;0.826248;10.024654;0
-0.957772;0.072729;0.822053;10.024654;0
-0.965743;0.086319;0.822053;10.024654;0
-0.971210;0.095070;0.822053;10.024654;0
-0.974528;0.097022;0.822053;10.024654;0
-0.975183;0.099446;0.818430;10.024654;0
-0.973060;0.104965;0.818430;10.024654;0
-0.968591;0.114602;0.818430;10.024654;0
-0.961814;0.125293;0.818430;10.024654;0
-0.952335;0.126531;0.818430;10.024654;0
-0.936504;0.123308;0.815302;10.024654;0
-0.922231;0.124399;0.815302;10.024654;0
-0.907003;0.130038;0.815302;10.024654;0
-0.889716;0.132595;0.812579;10.024654;0
-0.864057;0.129449;0.812579;10.024654;0
-0.843191;0.131025;0.812579;10.024654;0
-0.820810;0.138937;0.810160;10.024654;0
-0.797263;0.146336;0.810160;10.024654;0
-0.772665;0.142474;0.810160;10.024654;0
-0.747486;0.136325;0.810160;10.024654;0
-0.713868;0.136799;0.807938;10.024654;0
-0.688506;0.145768;0.807938;10.024654;0
-0.662887;0.154204;0.807938;10.024654;0
-0.636650;0.149922;0.805802;10.024654;0
-0.611113;0.143516;0.805802;10.024654;0
-0.577999;0.143215;0.805802;10.024654;0
-0.553451;0.149747;0.805802;10.024654;0
-0.529769;0.157571;0.803644;10.024654;0
-0.506099;0.154004;0.803644;10.024654;0
-0.482733;0.142161;0.803644;10.024654;0
-0.453124;0.105015;0.801357;10.024654;0
-0.432407;0.078323;0.801357;10.024654;0
-0.413212;0.064549;0.801357;10.024654;0
-0.395090;0.054109;0.798843;10.024654;0
-0.377720;0.053990;0.798843;10.024654;0
-0.356289;0.077609;0.798843;10.024654;0
-0.341178;0.107780;0.798843;10.024654;0
-0.326945;0.134391;0.796008;10.024654;0
-0.312767;0.143792;0.796008;10.024654;0
-0.299207;0.144791;0.796008;10.024654;0
-0.286244;0.145566;0.792772;10.024654;0
-0.269994;0.151461;0.792772;10.024654;0
-0.258345;0.146587;0.792772;10.024654;0
-0.247577;0.134036;0.789062;10.024654;0
-0.236931;0.122777;0.789062;10.024654;0
-0.223250;0.117932;0.789062;10.024654;0
-0.213639;0.122180;0.784823;10.024654;0
-0.204529;0.129932;0.784823;10.024654;0
-0.195530;0.129315;0.780008;10.024654;0
-0.184035;0.113864;0.780008;10.024654;0
-0.175910;0.103871;0.774588;10.024654;0
-0.168154;0.098903;0.774588;10.024654;0
-0.160570;0.097651;0.774588;10.024654;0
-0.153308;0.085635;0.768549;10.024654;0
-0.146459;0.070139;0.768549;10.024654;0
-0.138159;0.061108;0.768549;10.024654;0
-0.132360;0.066937;0.761891;10.024654;0
-0.126838;0.075126;0.761891;10.024654;0
-0.120038;0.070132;0.761891;10.024654;0
-0.115237;0.067207;0.754634;10.024654;0
-0.111025;0.069470;0.754634;10.024654;0
-0.107364;0.079750;0.746813;10.024654;0
-0.104526;0.091301;0.746813;10.024654;0
-0.102672;0.089377;0.746813;10.024654;0
-0.102478;0.083963;0.738487;10.024654;0
-0.257499;0.089477;0.738487;10.024654;0
-0.253576;0.092086;0.738487;10.024654;0
-0.250082;0.085099;0.729730;10.024654;0
-0.247218;0.074666;0.729730;10.024654;0
-0.244509;0.072471;0.729730;10.024654;0
-0.243125;0.082959;0.720634;10.024654;0
-0.242121;0.104162;0.720634;10.024654;0
-0.241254;0.127036;0.711300;10.024654;0
-0.240346;0.136924;0.711300;10.024654;0
-0.239391;0.141379;0.711300;10.024654;0
-0.237919;0.150282;0.701835;10.024654;0
-0.236470;0.161643;0.701835;10.024654;0
-0.234492;0.170803;0.692359;10.024654;0
-0.231849;0.167135;0.692359;10.024654;0
-0.228538;0.163010;0.692359;10.024654;0
-0.223344;0.163746;0.682996;10.024654;0
-0.218506;0.173044;0.682996;10.024654;0
-0.213102;0.182928;0.673883;10.024654;0
-0.206839;0.178110;0.673883;10.024654;0
-0.197578;0.166585;0.665158;10.024654;0
-0.190288;0.165189;0.665158;10.024654;0
-0.182498;0.172078;0.656970;10.024654;0
-0.174321;0.177983;0.656970;10.024654;0
-0.165670;0.166007;0.649469;10.024654;0
-0.154150;0.146803;0.649469;10.024654;0
-0.145590;0.142249;0.642807;10.024654;0
-0.136961;0.148668;0.642807;10.024654;0
-0.128680;0.150039;0.637133;10.024654;0
-0.117817;0.138908;0.637133;10.024654;0
-0.109936;0.132202;0.632590;10.024654;0
-0.102520;0.133977;0.629307;10.024654;0
-0.095144;0.139548;0.629307;10.024654;0
-0.088106;0.129575;0.627399;10.024654;0
-0.079609;0.115651;0.627399;10.024654;0
-0.073669;0.116031;0.626958;10.024654;0
-0.068231;0.123107;0.628045;10.024654;0
-0.063038;0.123344;0.628045;10.024654;0
-0.056669;0.107342;0.630691;10.024654;0
-0.052386;0.097736;0.634891;10.024654;0
-0.048407;0.096294;0.634891;10.024654;0
-0.044701;0.096639;0.640598;10.024654;0
-0.041277;0.087458;0.647728;10.024654;0
-0.038164;0.079700;0.647728;10.024654;0
-0.034553;0.080777;0.656157;10.024654;0
-0.032076;0.090569;0.656157;10.024654;0
-0.029939;0.105250;0.665720;10.024654;0
-0.028097;0.109891;0.676221;10.024654;0
-0.026378;0.097262;0.676221;10.024654;0
-0.025962;0.085309;0.687426;10.024654;0
-0.026919;0.075869;0.687426;10.024654;0
-0.874303;0.025705;0.699076;10.024654;0
-0.885993;-0.014809;0.699076;10.024654;0
-0.898845;-0.064369;0.710886;10.024654;0
-0.920494;-0.107446;0.710886;10.024654;0
-0.939155;-0.111171;0.722568;10.024654;0
-0.959166;-0.099949;0.722568;10.024654;0
-0.981023;-0.072961;0.733852;10.024654;0
-1.000000;-0.033214;0.733852;10.024654;0
-1.000000;0.025742;0.733852;10.024654;0
-1.000000;0.068534;0.744488;10.024654;0
-1.000000;0.100975;0.744488;10.024654;0
-1.000000;0.114550;0.744488;10.024654;0
-1.000000;0.118082;0.754251;10.024654;0
-1.000000;0.119534;0.754251;10.024654;0
-1.000000;0.122715;0.754251;10.024654;0
-1.000000;0.129101;0.762938;10.024654;0
-1.000000;0.134051;0.762938;10.024654;0
-1.000000;0.130905;0.762938;10.024654;0
-1.000000;0.129170;0.762938;10.024654;0
-1.000000;0.134807;0.762938;10.024654;0
-1.000000;0.146303;0.770373;10.024654;0
-1.000000;0.155713;0.770373;10.024654;0
-1.000000;0.159635;0.770373;10.024654;0
-1.000000;0.164187;0.776406;10.024654;0
-0.979933;0.169983;0.776406;10.024654;0
-0.947253;0.178639;0.776406;10.024654;0
-0.911729;0.185687;0.780913;10.024654;0
-0.861015;0.178499;0.780913;10.024654;0
-0.821371;0.170948;0.780913;10.024654;0
-0.780506;0.167413;0.780913;10.024654;0
-0.737130;0.170579;0.783795;10.024654;0
-0.692921;0.179074;0.783795;10.024654;0
-0.634709;0.182102;0.783795;10.024654;0
-0.589894;0.174520;0.784978;10.024654;0
-0.546406;0.167288;0.784978;10.024654;0
-0.502970;0.165410;0.784978;10.024654;0
-0.453961;0.166630;0.784978;10.024654;0
-0.408906;0.157785;0.784413;10.024654;0
-0.369922;0.149632;0.784413;10.024654;0
-0.332762;0.146328;0.784413;10.024654;0
-0.297459;0.149062;0.782077;10.024654;0
-0.264559;0.155681;0.782077;10.024654;0
