0.115131;-0.354856;0.251697;9.746649
0.115146;-0.359282;0.251030;9.733818
0.083996;-0.032202;0.261900;9.742015
0.063824;0.168398;0.268733;9.748692
0.051391;0.302054;0.272405;9.757539
0.044320;0.364245;0.274251;9.768324
0.088801;-0.133753;0.247110;9.748646
0.061175;0.196818;0.252440;9.757772
0.057986;0.206603;0.247295;9.761113
0.052205;0.269021;0.242881;9.769433
0.048162;0.297673;0.238114;9.778632
0.092924;-0.222957;0.198823;9.734524
0.082934;-0.093351;0.191421;9.733039
0.076900;0.012198;0.181845;9.742655
0.068188;0.168029;0.174898;9.751184
0.104381;-0.369369;0.141222;9.729557
0.096677;-0.226551;0.132692;9.724576
0.085117;-0.002697;0.125960;9.735609
0.078415;0.143036;0.119483;9.745700
0.076901;0.190964;0.111391;9.754350
0.076004;0.229389;0.104969;9.764191
0.098310;-0.268577;0.082852;9.747586
0.087300;0.032600;0.081044;9.757476
0.086055;0.073001;0.074872;9.760948
0.082432;0.205364;0.071913;9.770954
0.098263;-0.256786;0.052350;9.743251
0.090781;0.037219;0.049946;9.754829
0.088372;0.154987;0.046010;9.762203
0.087894;0.222479;0.041857;9.772366
0.086825;0.360409;0.039705;9.785352
0.098764;-0.329009;0.026477;9.767314
0.096139;-0.082273;0.023508;9.772303
0.095636;0.012530;0.019442;9.780272
0.095559;0.126731;0.014773;9.788756
0.097447;0.157812;0.008378;9.783371
0.097132;-0.233588;-0.002701;9.760212
0.097888;-0.007296;-0.009369;9.772346
0.094460;0.144432;-0.016179;9.785221
0.084546;0.215357;-0.022377;9.798088
0.067800;0.349832;-0.026995;9.811813
0.048649;-0.293423;-0.029929;9.799813
0.023124;-0.065743;-0.029775;9.801032
-0.001847;0.017275;-0.025848;9.806430
-0.028606;0.226230;-0.016537;9.815359
-0.051438;0.193092;-0.003007;9.817819
-0.033342;-0.420431;0.010729;9.791234
-0.074439;-0.169411;0.036020;9.797679
-0.103083;-0.156897;0.065715;9.798706
-0.106559;0.005872;0.103820;9.806630
-0.094592;0.083914;0.145916;9.814227
-0.003234;-0.280826;0.176676;9.794161
-0.004543;-0.051333;0.224273;9.802889
-0.000876;0.064811;0.271527;9.814084
-0.015912;0.224979;0.325403;9.825917
-0.023799;0.279074;0.375705;9.836750
0.078813;-0.258391;0.388427;9.824675
0.040904;-0.059019;0.435615;9.830218
0.000998;0.102316;0.483834;9.838819
-0.015108;0.145581;0.522628;9.844968
0.086884;-0.321262;0.515203;9.831644
0.036720;-0.071031;0.554109;9.835879
0.005076;0.057107;0.587574;9.843110
-0.008832;0.123464;0.612458;9.848824
0.089644;-0.259671;0.586349;9.836762
0.053792;-0.062182;0.607240;9.838665
0.037329;0.016645;0.619846;9.844433
0.013102;0.137667;0.634785;9.852586
-0.015615;0.255127;0.653661;9.862267
0.103885;-0.243895;0.599068;9.840025
0.062165;-0.051299;0.610855;9.841845
0.036515;0.049920;0.617281;9.849595
0.013319;0.154850;0.622344;9.855965
0.005756;0.179429;0.621532;9.860226
0.116453;-0.300139;0.553952;9.825917
0.059097;-0.021558;0.565892;9.833515
0.040280;0.054286;0.562568;9.839667
0.029083;0.123842;0.556313;9.844704
0.137490;-0.374428;0.481964;9.811791
0.089734;-0.097189;0.484709;9.821587
0.069846;0.007130;0.476969;9.827087
0.033673;0.208513;0.479929;9.837925
0.031726;0.216959;0.468894;9.841477
0.120317;-0.264870;0.401627;9.807118
0.074310;0.017268;0.405796;9.820244
0.049252;0.157530;0.404448;9.827693
0.044722;0.181844;0.394672;9.830633
0.122562;-0.308367;0.336381;9.799565
0.094571;-0.092384;0.333286;9.806301
0.069494;0.074952;0.333389;9.816120
0.060035;0.145017;0.326083;9.818022
0.055471;0.182646;0.319502;9.822592
0.120743;-0.318676;0.270526;9.783931
0.094383;-0.093729;0.269040;9.788160
0.079175;0.025991;0.265703;9.798287
0.069594;0.119154;0.260994;9.803320
0.063372;0.178127;0.256833;9.809436
0.062103;0.189609;0.252258;9.813953
0.115641;-0.332189;0.213214;9.775916
0.093115;-0.088634;0.213955;9.782559
0.073324;0.101311;0.216330;9.794776
0.108593;-0.280225;0.186329;9.772806
0.095588;-0.140677;0.185185;9.766089
0.085281;-0.007455;0.181767;9.773888
0.075508;0.118543;0.180602;9.784937
0.071096;0.186936;0.177676;9.792871
0.110242;-0.350432;0.148023;9.769635
0.095498;-0.098534;0.147437;9.776370
0.088306;0.003242;0.143922;9.781918
0.083947;0.099048;0.139444;9.787414
0.079431;0.190022;0.136129;9.794603
0.105028;-0.301081;0.112758;9.774615
0.094946;-0.074150;0.110652;9.778190
0.090996;0.002943;0.105375;9.782848
0.086031;0.117585;0.100969;9.786955
0.084787;0.166931;0.095378;9.791343
0.098741;-0.200709;0.074839;9.763465
0.091891;0.016430;0.069970;9.769879
0.089510;0.133216;0.063836;9.774941
0.087826;0.223929;0.057671;9.782003
0.087322;0.280935;0.051783;9.788735
0.089180;0.256409;0.044878;9.792651
0.094568;-0.091750;0.028949;9.770898
0.093378;0.011074;0.021973;9.773980
0.093274;0.136114;0.014631;9.778664
0.094058;0.183700;0.006637;9.782253
0.095006;0.197090;-0.001587;9.785590
0.092546;-0.198986;-0.014022;9.755563
0.092474;0.050319;-0.022897;9.763631
0.088150;0.140806;-0.031477;9.767526
0.083354;0.250133;-0.039447;9.775531
0.069935;-0.193532;-0.046329;9.762566
0.064149;-0.032604;-0.052553;9.760596
0.059219;0.027950;-0.057055;9.768778
0.055655;0.131526;-0.060251;9.777641
0.052768;0.153730;-0.061426;9.784894
0.050576;0.121832;-0.060712;9.789169
0.046255;-0.399662;-0.055679;9.767400
0.045186;-0.187901;-0.052687;9.775157
0.044431;-0.131168;-0.047828;9.779782
0.052733;0.117097;-0.042162;9.787820
0.061265;-0.345834;-0.033135;9.778549
0.066318;-0.040645;-0.027109;9.783186
0.069302;0.193184;-0.021038;9.789501
0.070013;0.325462;-0.014979;9.798256
0.069276;0.415950;-0.009123;9.809976
0.068429;-0.030618;-0.002331;9.783143
0.065067;0.175576;0.001803;9.792909
0.062429;0.207997;0.005669;9.800856
0.059860;0.301317;0.009052;9.812333
0.061719;-0.298770;0.012735;9.781156
0.061371;-0.189811;0.014327;9.772124
0.060829;0.001180;0.015192;9.784581
0.060474;0.161384;0.015780;9.795149
0.061124;0.222171;0.016127;9.801295
0.061515;0.273255;0.016316;9.810100
0.065927;-0.104915;0.014864;9.777055
0.065190;0.139968;0.014170;9.795252
0.065297;0.214203;0.013229;9.799315
0.065049;0.321515;0.012498;9.811679
0.069212;-0.207521;0.010760;9.774041
0.068365;-0.001578;0.009351;9.787662
0.067723;0.145630;0.008327;9.801136
0.067196;0.287510;0.007573;9.814779
0.067510;0.281660;0.007023;9.820449
0.073192;-0.485816;0.005466;9.754878
0.072586;-0.235706;0.004413;9.771945
0.071456;0.021225;0.003746;9.793342
0.071605;0.117862;0.003015;9.792919
0.071899;0.231984;0.002756;9.803725
0.077396;-0.414886;0.001577;9.745902
0.075790;-0.042216;0.000869;9.764364
0.075774;0.154895;0.000630;9.783123
0.075585;0.225389;0.000563;9.790483
0.075592;0.252578;0.000921;9.800033
0.080169;-0.439090;0.000778;9.750014
0.077116;-0.006171;0.001059;9.776466
0.076602;0.051451;0.001400;9.781917
0.075844;0.178167;0.001974;9.791696
0.075642;0.200777;0.002864;9.798317
0.080546;-0.385817;0.002987;9.750046
0.078672;-0.047572;0.003457;9.771476
0.077010;0.165293;0.004338;9.784291
0.076965;0.220317;0.005314;9.790323
0.076779;0.274667;0.006650;9.799839
0.076758;0.229846;0.008132;9.803213
0.083913;-0.526772;0.008162;9.740023
0.080368;-0.166985;0.008963;9.765117
0.078366;-0.020416;0.009883;9.770691
0.074856;0.200757;0.011384;9.781776
0.081809;-0.415369;0.011181;9.743974
0.077707;-0.094350;0.012582;9.756060
0.074368;0.073536;0.014399;9.767921
0.070559;0.289267;0.016943;9.780349
0.080074;-0.390540;0.016834;9.747445
0.074506;-0.117237;0.019238;9.753925
0.068022;0.120888;0.022850;9.769122
0.062061;0.253446;0.026787;9.776129
0.057583;0.277484;0.031243;9.783406
0.072313;-0.441221;0.031055;9.739892
0.062501;-0.091241;0.036571;9.749243
0.058824;0.015888;0.041679;9.755279
0.080526;-0.562010;0.036369;9.730248
0.071056;-0.162394;0.042378;9.747806
0.058075;0.193455;0.050205;9.754940
0.059031;0.161919;0.052639;9.758152
0.042888;0.336484;0.062176;9.767684
0.019225;0.493549;0.074924;9.784127
0.159466;-0.120291;0.073627;9.787427
0.246523;0.083916;0.071586;9.781507
0.299346;0.201924;0.060849;9.789729
0.325994;0.383114;0.040732;9.803099
0.318930;0.346017;0.014508;9.810764
0.294201;0.256673;-0.016770;9.811949
0.194189;-0.551397;-0.040956;9.758351
0.172951;-0.358146;-0.077631;9.765246
0.163289;-0.164524;-0.118121;9.777518
0.158677;0.009008;-0.160763;9.782777
0.088906;-0.374672;-0.188483;9.766447
0.118037;-0.027079;-0.235894;9.779244
0.138865;0.147959;-0.281403;9.790645
0.157053;0.246726;-0.324218;9.805192
0.183147;0.347673;-0.369019;9.821281
0.191249;0.292465;-0.405687;9.833242
0.095884;-0.295826;-0.402217;9.789087
0.141424;-0.001029;-0.445192;9.796934
0.159300;0.089916;-0.475904;9.811965
0.166413;0.139483;-0.500174;9.823128
0.064125;-0.382679;-0.477492;9.797870
0.104344;-0.064454;-0.504623;9.807930
0.119888;0.025022;-0.519032;9.820114
0.142709;0.165841;-0.535812;9.834900
0.160635;0.249834;-0.549890;9.849608
0.038575;-0.396433;-0.497353;9.814772
0.081501;-0.091182;-0.512839;9.827693
0.097654;-0.007027;-0.515317;9.836935
0.123515;0.147565;-0.521699;9.849281
0.140614;0.233708;-0.525880;9.859883
0.156680;0.304665;-0.531083;9.873628
0.050292;-0.194565;-0.463816;9.818467
0.067380;-0.070671;-0.464740;9.814709
0.093776;0.096301;-0.467834;9.834757
0.129387;0.302651;-0.476932;9.853426
0.014513;-0.419971;-0.403620;9.795305
0.030387;-0.274602;-0.398824;9.788191
0.077478;0.048803;-0.409372;9.815271
0.093993;0.145681;-0.406143;9.825672
0.019649;-0.373106;-0.351168;9.786279
0.053314;-0.090092;-0.352709;9.801330
0.076359;0.056944;-0.351532;9.817029
0.091711;0.163816;-0.348076;9.825115
0.111448;0.286235;-0.350580;9.839496
0.019860;-0.460239;-0.288879;9.779923
0.047358;-0.191375;-0.291658;9.793048
0.063137;-0.072979;-0.288721;9.804369
0.092782;0.190681;-0.295893;9.818760
0.100012;0.234630;-0.293603;9.820713
0.037721;-0.358905;-0.251779;9.775944
0.066054;-0.057128;-0.258873;9.786287
0.075999;0.000244;-0.257511;9.792082
0.091519;0.124828;-0.260187;9.798490
0.103637;0.190524;-0.262535;9.803734
0.037595;-0.504517;-0.221027;9.750921
0.061173;-0.271256;-0.225156;9.756341
0.066408;-0.144746;-0.227228;9.764489
0.076672;0.145903;-0.238933;9.773594
0.063070;0.224385;-0.241281;9.775907
-0.021874;-0.502312;-0.199733;9.738216
-0.033414;-0.213546;-0.200530;9.744709
-0.049672;-0.050874;-0.196751;9.749797
-0.076249;0.086398;-0.187066;9.754005
-0.113073;0.117612;-0.169302;9.757840
0.034404;-0.318211;-0.131426;9.748364
0.164991;-0.006019;-0.125390;9.755411
0.252470;0.154595;-0.124975;9.766088
0.307839;0.385732;-0.135955;9.782479
0.233411;-0.341918;-0.117286;9.770574
0.227975;-0.063346;-0.137085;9.774912
0.200186;0.037557;-0.156831;9.785926
0.181358;0.217390;-0.184221;9.797218
0.161617;0.320482;-0.213843;9.810357
0.054820;-0.350132;-0.205218;9.787338
0.071859;-0.053254;-0.238367;9.795108
0.081205;0.047965;-0.266152;9.802507
0.099167;0.187689;-0.294825;9.813070
0.120590;0.295159;-0.324612;9.823736
0.041006;-0.371296;-0.307335;9.786528
0.081639;-0.055767;-0.337471;9.797334
0.105899;0.081216;-0.360248;9.809399
0.137152;0.279027;-0.385990;9.823565
0.047288;-0.402013;-0.354239;9.786343
0.055583;-0.291436;-0.364619;9.776641
0.090089;0.003752;-0.382675;9.796731
0.099507;0.087052;-0.388156;9.805638
0.113518;0.195998;-0.394897;9.818690
0.123514;0.248943;-0.398830;9.830676
0.049731;-0.293804;-0.356615;9.787434
0.071535;-0.052519;-0.358649;9.800136
0.097928;0.151504;-0.363868;9.815749
0.117308;0.296317;-0.366975;9.830191
0.030721;-0.417145;-0.311207;9.777740
0.067988;-0.029375;-0.318987;9.792869
0.088242;0.134378;-0.319975;9.809980
0.101831;0.252618;-0.318355;9.821366
0.025178;-0.468741;-0.263751;9.777000
0.057155;-0.099410;-0.267984;9.793165
0.079186;0.096431;-0.268776;9.806794
0.086248;0.170906;-0.263190;9.811750
0.028968;-0.426053;-0.219923;9.777741
0.041458;-0.250113;-0.217204;9.770017
0.068025;0.077548;-0.223003;9.788801
0.078764;0.199206;-0.222727;9.797365
0.091942;0.331281;-0.225044;9.811463
0.037339;-0.377541;-0.186797;9.768913
0.060929;-0.035461;-0.193610;9.777337
0.070765;0.055689;-0.193840;9.786761
0.077766;0.132890;-0.192942;9.792767
0.090960;0.272465;-0.196989;9.805733
0.050920;-0.318771;-0.168020;9.764254
0.068913;-0.027149;-0.173303;9.774397
0.073884;0.089132;-0.174248;9.780453
0.080238;0.247456;-0.177713;9.790041
0.030027;-0.501537;-0.145796;9.746279
0.036027;-0.241032;-0.146050;9.752679
0.040029;-0.113793;-0.143863;9.761100
0.048587;0.107438;-0.144778;9.770030
0.050069;0.093205;-0.139857;9.773138
0.055559;0.017925;-0.134675;9.771283
0.137396;-0.516232;-0.112906;9.753444
0.240314;-0.172762;-0.125485;9.768514
0.295791;0.003007;-0.143562;9.777438
0.319792;0.171712;-0.170432;9.792387
0.331652;0.389819;-0.211357;9.808923
0.217702;-0.057438;-0.220325;9.801824
0.203689;0.113266;-0.265314;9.813206
0.188625;0.220472;-0.310769;9.827363
0.201389;0.398920;-0.367751;9.845330
0.099900;0.005367;-0.373732;9.822317
0.124540;0.149245;-0.423069;9.834805
0.133288;0.187071;-0.463525;9.842740
0.142819;0.193722;-0.501202;9.851315
0.007284;-0.500523;-0.474223;9.813170
0.048424;-0.245609;-0.508429;9.823045
0.102432;0.004289;-0.546400;9.836480
0.154023;0.255128;-0.585362;9.846192
0.163710;0.284923;-0.605954;9.854223
0.168072;0.275305;-0.622294;9.861939
0.027069;-0.408326;-0.566577;9.818644
0.075365;-0.110646;-0.589775;9.833601
0.083030;-0.067536;-0.589662;9.839613
0.131100;0.194101;-0.607661;9.857061
0.039894;-0.111883;-0.540425;9.817049
0.083561;0.119112;-0.547256;9.831793
0.101217;0.235312;-0.541409;9.840040
0.145182;0.464928;-0.552119;9.861990
0.029454;-0.233290;-0.472922;9.811754
0.058992;-0.004934;-0.469089;9.825033
0.068171;0.048034;-0.453947;9.832588
0.092395;0.209674;-0.448354;9.845775
-0.002174;-0.438199;-0.371234;9.790300
0.024250;-0.163444;-0.361435;9.801078
0.043419;-0.009624;-0.348820;9.814349
0.059793;0.152096;-0.336587;9.820527
0.069917;0.250456;-0.324289;9.828593
-0.003739;-0.425380;-0.256482;9.777498
0.022321;-0.089882;-0.251154;9.790710
0.040749;0.115431;-0.244951;9.804560
0.044039;0.187572;-0.231700;9.806358
0.046682;0.251142;-0.220888;9.813823
0.032627;0.108441;-0.199036;9.797583
-0.014118;-0.547969;-0.148434;9.748816
-0.003064;-0.224316;-0.140983;9.760150
0.000216;-0.072699;-0.129481;9.768070
0.002370;0.111005;-0.117947;9.775905
0.000377;0.256420;-0.106454;9.784247
-0.017948;-0.354224;-0.070353;9.753249
-0.023782;0.000504;-0.060480;9.757779
-0.037167;0.096429;-0.043898;9.768088
-0.040702;0.244901;-0.025071;9.779145
-0.035833;0.305870;-0.004061;9.789096
0.000845;-0.316658;0.024567;9.742313
0.011201;-0.102285;0.043709;9.745227
0.021778;0.006378;0.063622;9.757853
0.020785;0.182585;0.084763;9.768361
0.050359;-0.327052;0.100663;9.738610
0.030222;-0.195645;0.118556;9.750066
-0.004074;-0.167012;0.137103;9.753136
0.169755;0.140543;0.153226;9.763058
0.295591;-0.481445;0.144691;9.754629
0.370948;-0.141540;0.132215;9.762899
0.389626;-0.029538;0.108315;9.771391
0.379680;0.181445;0.072598;9.785208
0.341321;0.259156;0.030079;9.799557
0.291140;0.276525;-0.019412;9.813050
0.164677;-0.304293;-0.062074;9.810810
0.154792;-0.038007;-0.122768;9.813052
0.138040;0.033876;-0.179777;9.819561
0.130472;0.083036;-0.236405;9.828024
0.039823;-0.402722;-0.272369;9.828939
0.059634;-0.252449;-0.329546;9.819255
0.114674;0.044836;-0.395602;9.825469
0.138295;0.133592;-0.449938;9.834410
0.167478;0.230966;-0.505001;9.845860
0.186725;0.254415;-0.557908;9.856852
0.074960;-0.215015;-0.557525;9.844758
0.120678;-0.012105;-0.606747;9.851317
0.137283;0.066983;-0.643753;9.858104
0.144166;0.105340;-0.675125;9.866842
0.160702;0.169592;-0.709758;9.875433
0.014858;-0.337388;-0.669538;9.857962
0.050674;-0.127929;-0.693826;9.861284
0.079043;0.002571;-0.713637;9.866857
0.114145;0.154020;-0.735872;9.874470
0.123437;0.186787;-0.746282;9.880738
-0.014811;-0.314818;-0.680728;9.861125
0.032044;-0.077656;-0.696542;9.862574
0.074267;0.076053;-0.710245;9.869360
0.110306;0.217785;-0.721738;9.876394
-0.015441;-0.278721;-0.645903;9.850135
0.002939;-0.176169;-0.644798;9.837848
0.047015;0.033338;-0.652080;9.847959
0.064041;0.097987;-0.645482;9.853055
0.080751;0.161881;-0.638174;9.859983
0.089341;0.177746;-0.627384;9.865366
-0.006280;-0.210388;-0.544404;9.820156
0.036954;0.018578;-0.543042;9.832762
0.053893;0.100499;-0.530399;9.837028
0.058844;0.119553;-0.511069;9.840269
0.071201;0.169009;-0.497597;9.846969
-0.010136;-0.298812;-0.422248;9.810578
0.027337;-0.034994;-0.417145;9.822433
0.039313;0.033199;-0.400896;9.823657
0.058874;0.162209;-0.392290;9.831794
0.078275;0.283266;-0.387896;9.841536
-0.009894;-0.375722;-0.313153;9.793589
0.013282;-0.152964;-0.307174;9.799375
0.021378;-0.083827;-0.293194;9.803680
0.032235;0.022542;-0.281453;9.806295
0.066665;0.318406;-0.286594;9.821416
-0.007832;-0.372320;-0.221810;9.775421
0.020480;-0.050542;-0.223522;9.786101
0.034406;0.088860;-0.220141;9.791132
0.040263;0.176286;-0.213688;9.795150
0.048985;0.275604;-0.210374;9.804377
0.015762;-0.093664;-0.170383;9.774115
0.022746;0.000994;-0.163894;9.779622
0.029687;0.111309;-0.157849;9.784106
0.040697;0.293707;-0.156862;9.792537
0.040634;0.289778;-0.149987;9.795999
0.011144;-0.345181;-0.116943;9.759630
0.019429;-0.094584;-0.113902;9.762341
0.023710;0.043805;-0.108505;9.768511
0.026670;0.173662;-0.102364;9.771611
0.025914;0.163891;-0.091941;9.772150
0.015837;-0.249396;-0.066732;9.746578
0.019773;-0.025622;-0.058263;9.754366
0.022361;0.125390;-0.048868;9.757805
0.023026;0.182850;-0.037315;9.763336
0.022290;0.310063;-0.026778;9.772966
0.025995;-0.159400;-0.006872;9.746976
0.023691;-0.010131;0.004226;9.755935
0.021100;0.081808;0.016234;9.764390
0.018291;0.130405;0.028926;9.771921
0.031334;-0.408653;0.043649;9.757917
0.022750;-0.198258;0.056024;9.763675
0.012381;-0.067741;0.069818;9.773049
0.131001;0.062479;0.077980;9.777874
0.209568;0.226998;0.075791;9.785236
0.249116;-0.136889;0.062464;9.771856
0.266665;0.075908;0.040996;9.779996
0.260394;0.246545;0.011973;9.789191
0.245650;0.423170;-0.025708;9.801490
0.146011;-0.253148;-0.053722;9.788889
0.130499;-0.044094;-0.096563;9.789130
0.110176;0.001498;-0.137517;9.795041
0.107420;0.142582;-0.182616;9.802665
0.104985;0.193773;-0.224346;9.808676
0.104286;0.185628;-0.263271;9.813329
0.049705;-0.280949;-0.282024;9.791726
0.070822;-0.098554;-0.316580;9.796925
0.085694;-0.000746;-0.345787;9.802771
0.107834;0.147338;-0.375669;9.810481
0.119508;0.202589;-0.398805;9.817047
0.044171;-0.351341;-0.383602;9.794831
0.068671;-0.100119;-0.402046;9.799923
0.095456;0.095061;-0.418988;9.810076
0.104157;0.171546;-0.426061;9.814577
0.105852;0.190846;-0.427851;9.820715
0.042295;-0.183798;-0.391418;9.785581
0.060599;0.004816;-0.391769;9.794088
0.077698;0.152133;-0.390780;9.805039
0.087763;0.225785;-0.385160;9.813857
0.022769;-0.320356;-0.335770;9.790882
0.043734;-0.069861;-0.331114;9.796646
0.055736;0.033238;-0.321093;9.803583
0.069697;0.184203;-0.312535;9.812466
0.070979;0.204851;-0.298629;9.817789
0.015359;-0.360624;-0.248164;9.789167
0.029459;-0.125589;-0.238317;9.793798
0.040639;0.037342;-0.228190;9.801722
0.051845;0.204769;-0.220008;9.807954
0.053740;0.252932;-0.207592;9.813415
0.017095;-0.294337;-0.166815;9.782865
0.023968;-0.102795;-0.156778;9.784219
0.027875;-0.010788;-0.145480;9.792187
0.034387;0.190786;-0.137963;9.801901
0.031913;0.177534;-0.124186;9.802770
0.008603;-0.471086;-0.087565;9.767435
0.013083;-0.180979;-0.078926;9.776995
0.015579;0.008381;-0.069102;9.784201
0.018496;0.101470;-0.056357;9.787166
0.023724;0.171746;-0.043672;9.793580
0.029732;-0.375022;-0.019465;9.773858
0.039658;-0.099457;-0.010855;9.779677
0.047214;0.055943;-0.002360;9.785816
0.053689;0.237289;0.005266;9.792834
0.060605;-0.295753;0.018536;9.778147
0.063200;-0.033754;0.022710;9.779364
0.064616;0.008410;0.026716;9.783365
0.064713;0.134133;0.029201;9.790062
0.064709;0.106643;0.031079;9.792501
0.201297;0.178117;0.024568;9.795849
0.261059;-0.292788;0.009702;9.778183
0.321897;-0.040382;-0.023002;9.783984
0.344798;0.138931;-0.065909;9.792406
0.333306;0.225184;-0.116417;9.801920
0.217368;-0.196090;-0.158506;9.788331
0.214437;0.091300;-0.225207;9.799138
0.189877;0.173761;-0.287777;9.808701
0.184602;0.296644;-0.356790;9.822441
0.162688;0.244595;-0.415587;9.829195
0.040295;-0.326502;-0.435071;9.795854
0.079567;-0.083031;-0.495504;9.811929
0.094568;-0.017355;-0.540434;9.817554
0.114549;0.071007;-0.581699;9.826553
0.137130;0.150926;-0.619727;9.836624
-0.105160;-0.740485;-0.522594;9.768672
-0.010460;-0.238913;-0.561192;9.788963
0.059135;0.118634;-0.587999;9.795488
0.123428;0.416144;-0.613137;9.809028
0.167452;0.570499;-0.633255;9.829717
0.187152;0.573482;-0.643795;9.848757
0.067683;-0.119321;-0.585867;9.820022
0.103018;0.093375;-0.595490;9.826348
0.121832;0.152565;-0.595103;9.843775
0.125000;0.168232;-0.584000;9.851538
0.130430;0.185758;-0.572026;9.860839
0.032056;-0.351513;-0.495965;9.802165
0.062871;-0.097652;-0.483694;9.822109
0.077469;-0.001428;-0.462199;9.827323
0.107523;0.194963;-0.449968;9.843043
0.110662;0.191415;-0.426319;9.843687
0.020967;-0.459298;-0.344910;9.776595
0.044575;-0.222870;-0.329315;9.792545
0.058237;-0.113772;-0.309844;9.804022
0.076919;0.065337;-0.296189;9.814857
0.088877;0.182052;-0.283361;9.823093
0.015385;-0.490508;-0.217099;9.766308
0.041907;-0.164760;-0.214416;9.783333
0.058651;0.033539;-0.209942;9.799931
0.065388;0.148887;-0.202534;9.805239
0.073082;0.266334;-0.198890;9.816796
0.026458;-0.313833;-0.160107;9.776285
0.041571;-0.056034;-0.161988;9.785038
0.047913;0.033759;-0.159810;9.796633
0.054376;0.152011;-0.158285;9.804989
0.057123;0.201534;-0.155852;9.811937
0.023343;-0.311999;-0.123300;9.753484
0.038516;0.031770;-0.127459;9.776196
0.043508;0.169518;-0.126261;9.784547
0.047797;0.305601;-0.125491;9.798595
0.047855;0.357426;-0.122581;9.812090
0.020317;-0.459792;-0.093081;9.749209
0.023037;-0.169568;-0.090503;9.762561
0.020409;-0.087099;-0.082899;9.775114
0.017682;0.083123;-0.075037;9.786032
0.012703;0.152345;-0.064354;9.794537
0.013173;-0.416178;-0.040706;9.762366
0.014827;-0.036581;-0.030549;9.781638
0.019049;0.093127;-0.017433;9.790299
0.020428;0.287117;-0.003494;9.805542
0.040690;-0.442990;0.015809;9.774533
0.033050;-0.188100;0.030202;9.782320
0.012458;-0.024705;0.046525;9.794710
-0.015844;-0.027374;0.064101;9.796606
-0.066750;-0.271328;0.083215;9.786398
0.067615;-0.503536;0.098818;9.771825
0.136549;-0.161563;0.113555;9.782672
0.179870;0.149303;0.123526;9.790722
0.198434;0.430790;0.129367;9.801158
0.208890;-0.233967;0.119880;9.802172
0.187467;0.058957;0.114329;9.800129
0.157684;0.296539;0.105577;9.808012
0.130129;0.403858;0.093286;9.816020
0.105780;0.420947;0.078471;9.824642
0.084168;-0.336418;0.058138;9.789578
0.079770;-0.039231;0.040279;9.792605
0.078679;0.076616;0.021318;9.796408
0.082597;0.217645;0.002559;9.800194
0.078737;-0.389965;-0.016742;9.765664
0.087175;-0.096555;-0.035516;9.771998
0.095352;0.065168;-0.052857;9.778274
0.103529;0.249457;-0.069478;9.785580
0.107976;0.299560;-0.084510;9.792896
0.114363;0.370224;-0.098869;9.803499
0.097369;-0.073240;-0.106062;9.767550
0.098537;-0.019436;-0.115495;9.773400
0.106394;0.222833;-0.126138;9.786622
0.108389;0.253155;-0.133257;9.791133
0.110285;0.290937;-0.139495;9.798710
0.085920;-0.209763;-0.133478;9.745350
0.091685;-0.024995;-0.137777;9.757332
0.096138;0.104724;-0.140779;9.767443
0.106798;0.336200;-0.146021;9.785177
0.112384;0.392011;-0.148395;9.797589
0.085087;-0.252812;-0.134410;9.747098
0.094527;0.025609;-0.137484;9.765633
0.100766;0.143010;-0.138529;9.777639
0.107532;0.281048;-0.140270;9.790665
0.108643;0.270515;-0.139492;9.795105
0.075521;-0.405970;-0.120337;9.719241
0.084664;-0.132984;-0.123059;9.732423
0.094216;0.092693;-0.126481;9.754081
0.100646;0.223145;-0.128214;9.763328
0.105563;0.290258;-0.129718;9.775175
0.075900;-0.399360;-0.111903;9.724007
0.088322;-0.083237;-0.115967;9.746358
0.096155;0.082809;-0.118608;9.757818
0.099288;0.154288;-0.119529;9.764519
0.102154;0.193966;-0.120528;9.771830
0.104615;0.293685;-0.120792;9.762803
0.073896;-0.382623;-0.105181;9.710047
0.087760;0.007122;-0.111979;9.734375
0.094658;0.139358;-0.115719;9.744570
0.104582;0.331939;-0.121834;9.761305
0.115147;0.483513;-0.129249;9.780528
0.089496;-0.118020;-0.116763;9.742485
0.098239;0.025800;-0.121975;9.756058
0.110774;0.229180;-0.129663;9.771907
0.115470;0.229703;-0.133468;9.776003
0.078048;-0.564933;-0.116018;9.724001
0.094433;-0.245760;-0.123261;9.738060
0.108082;-0.058865;-0.129678;9.746507
0.119189;0.102853;-0.136190;9.750333
0.091062;-0.389602;-0.124288;9.727172
0.115415;-0.015768;-0.136115;9.735717
0.132235;0.165653;-0.147069;9.743925
0.149121;0.323671;-0.160407;9.755854
0.167180;0.422585;-0.176002;9.768694
0.126245;-0.138006;-0.165035;9.739784
0.146827;-0.031189;-0.181352;9.733878
0.172214;0.025521;-0.197512;9.744906
0.218189;0.159112;-0.222133;9.755911
0.267968;0.103679;-0.245072;9.762103
0.264104;-0.430034;-0.245967;9.740842
0.021896;-0.157353;-0.278164;9.746653
-0.150187;-0.037576;-0.289017;9.743479
-0.276951;0.048193;-0.283980;9.751166
-0.337649;-0.260429;-0.242749;9.746628
-0.320713;0.071964;-0.217441;9.753169
-0.266480;0.229427;-0.179744;9.766731
-0.194268;0.259973;-0.130955;9.784612
-0.132355;0.301764;-0.076454;9.797628
-0.022693;-0.157231;-0.014387;9.799545
-0.006519;0.006655;0.048200;9.803205
-0.005549;0.123034;0.115100;9.814737
-0.010421;0.154555;0.181034;9.825674
0.037116;-0.172956;0.237664;9.830300
0.003098;-0.013020;0.302593;9.832926
-0.019665;0.073309;0.364904;9.843046
-0.048512;0.180274;0.428743;9.853839
0.065869;-0.333594;0.454339;9.862208
0.021816;-0.098096;0.511264;9.859652
-0.013606;0.063512;0.565483;9.865141
-0.044273;0.198721;0.617940;9.874922
-0.074176;0.303580;0.671948;9.887221
0.029815;-0.019104;0.665451;9.882090
0.004452;0.070194;0.702915;9.888142
-0.025966;0.181173;0.740947;9.896973
-0.056136;0.273407;0.779860;9.907572
0.116246;-0.314243;0.729620;9.890664
0.071770;-0.120790;0.753697;9.889674
0.044498;-0.016255;0.770310;9.895722
0.002045;0.154721;0.793222;9.903489
-0.010153;0.197719;0.803235;9.908851
0.141382;-0.311815;0.728145;9.881799
0.080837;-0.064547;0.743015;9.887675
0.039752;0.082212;0.750490;9.896040
0.027994;0.136602;0.743016;9.898088
-0.000673;0.245645;0.746288;9.908458
0.131223;-0.271172;0.660597;9.872646
0.093376;-0.098776;0.655563;9.876077
0.075946;-0.027100;0.640851;9.883445
0.045295;0.123262;0.633616;9.890990
0.163458;-0.380493;0.536669;9.847336
0.119374;-0.135416;0.524128;9.855253
0.079408;0.057068;0.515359;9.865689
0.048199;0.218688;0.506321;9.871957
0.034558;0.284017;0.493627;9.877977
0.120867;-0.180814;0.408779;9.824115
0.092149;-0.015766;0.397245;9.836772
0.070166;0.114784;0.387343;9.846325
0.233727;-0.895881;0.257298;9.766325
0.146066;-0.332681;0.295284;9.800765
0.142724;-0.258906;0.246140;9.796943
0.086156;0.158624;0.251409;9.805247
0.047405;0.475075;0.258934;9.815488
0.035632;0.572946;0.262236;9.830361
0.035153;0.569804;0.265597;9.844716
0.094570;0.029731;0.225987;9.805454
0.086302;0.029546;0.228088;9.801334
0.071707;0.106315;0.232770;9.817740
0.068015;0.087300;0.230420;9.818900
0.116194;-0.448006;0.196309;9.771472
0.093441;-0.196464;0.198999;9.785235
0.082838;-0.088040;0.197809;9.790563
0.074746;0.024776;0.195423;9.792845
0.060335;0.206175;0.199275;9.803795
0.094128;-0.194701;0.172991;9.760569
0.080382;0.014661;0.172891;9.769815
0.076580;0.075153;0.169295;9.776034
0.068160;0.204375;0.169778;9.784570
0.111300;-0.408638;0.140228;9.749458
0.102348;-0.133152;0.139492;9.757197
0.101659;0.036038;0.137216;9.765157
0.106193;0.148498;0.131484;9.770125
0.114620;0.182209;0.123308;9.775867
0.140864;-0.329127;0.095303;9.750830
0.141378;-0.084336;0.084824;9.758849
0.144252;0.083690;0.072848;9.765125
0.149507;0.239170;0.058677;9.773875
0.155985;0.298616;0.040773;9.782706
0.155728;-0.166542;0.012155;9.759744
0.041874;0.016075;-0.005111;9.768708
-0.036950;0.162301;-0.013145;9.773618
-0.086985;0.254622;-0.012757;9.781449
-0.106184;0.305722;-0.004884;9.790351
-0.061287;-0.211475;0.001238;9.763182
-0.047935;0.020864;0.021017;9.772103
-0.020415;0.105472;0.043164;9.778343
-0.001369;0.265625;0.071320;9.790285
0.022810;0.258951;0.097836;9.796587
0.073507;-0.135064;0.113011;9.765337
0.068498;0.020518;0.139953;9.777903
0.051508;0.244600;0.169697;9.794018
0.044532;0.275039;0.193145;9.800325
0.038087;0.280897;0.214457;9.807310
0.072089;-0.104129;0.214537;9.771217
0.057225;0.041438;0.230839;9.783766
0.045772;0.177162;0.243895;9.792692
0.094863;-0.378108;0.229823;9.754687
0.072985;-0.033477;0.239031;9.772093
0.065886;0.078774;0.241442;9.781729
0.064951;0.140699;0.239372;9.787736
0.055888;0.276868;0.239491;9.801750
0.049578;0.361685;0.238151;9.816605
0.102330;-0.364356;0.204168;9.758783
0.089682;-0.099318;0.197967;9.778179
0.081291;0.062932;0.189797;9.788398
0.076167;0.200949;0.181404;9.796033
0.116969;-0.454583;0.146421;9.750108
0.110581;-0.283672;0.134562;9.746802
0.099561;0.003493;0.125403;9.766533
0.091671;0.222341;0.116924;9.780267
0.092436;0.257307;0.105553;9.786998
0.095302;0.263304;0.094751;9.794066
0.097700;0.283647;0.085555;9.805030
0.118418;-0.234537;0.058041;9.762142
0.118102;-0.123474;0.048218;9.771559
0.118167;0.065316;0.039419;9.779887
0.119597;0.233005;0.031233;9.790897
0.123912;0.309047;0.023109;9.800617
0.132979;-0.449663;0.005219;9.757590
0.137945;-0.175378;-0.003546;9.769561
0.145006;-0.086162;-0.013886;9.776081
0.151813;0.116916;-0.024870;9.785357
0.157923;0.212156;-0.037071;9.792425
0.145630;-0.359605;-0.049843;9.764564
0.162885;0.013532;-0.066024;9.776310
0.182843;0.151804;-0.083363;9.783570
0.209768;0.287521;-0.104835;9.795740
0.239284;0.264503;-0.127458;9.803531
0.215532;-0.532458;-0.137123;9.758735
-0.027758;-0.212146;-0.162065;9.765506
-0.197997;-0.139496;-0.164901;9.760076
-0.312468;0.010879;-0.153573;9.766565
-0.313624;-0.461620;-0.122743;9.760050
-0.313846;-0.019706;-0.084140;9.771680
-0.259569;0.122477;-0.036364;9.781970
-0.191922;0.223348;0.021142;9.798992
-0.007446;-0.371657;0.068715;9.809593
-0.000332;-0.045412;0.142600;9.816102
0.009186;0.059231;0.212045;9.824360
0.006468;0.143678;0.283585;9.837809
-0.004385;0.185183;0.357013;9.850351
0.101125;-0.323015;0.393965;9.843341
0.043480;-0.089940;0.465217;9.848855
-0.010345;0.084264;0.537823;9.858804
-0.054444;0.214939;0.608675;9.869136
0.091133;-0.310737;0.616241;9.866174
0.040209;-0.085489;0.674477;9.865460
0.012629;0.015406;0.724982;9.872245
-0.048343;0.223992;0.787371;9.883648
-0.046994;0.207603;0.825080;9.891368
0.135561;-0.346252;0.785107;9.875152
0.074339;-0.118828;0.826141;9.877772
0.034488;0.001978;0.857769;9.884218
0.023080;0.062880;0.873324;9.888916
0.005944;0.130908;0.889464;9.895836
0.132327;-0.230866;0.826626;9.870215
0.088757;-0.042301;0.830542;9.875207
0.054726;0.083783;0.833984;9.880744
0.027516;0.188121;0.834747;9.887500
-0.006044;0.292877;0.840109;9.897475
0.146864;-0.263755;0.742496;9.863292
0.100446;-0.075616;0.738141;9.863900
0.080380;-0.011274;0.721783;9.868928
0.053410;0.110241;0.707741;9.874677
0.051283;0.127724;0.682700;9.875291
0.181071;-0.400814;0.574398;9.834385
0.152706;-0.273703;0.549215;9.825699
0.106469;-0.048260;0.534625;9.835988
0.085764;0.062400;0.509632;9.839192
0.049132;0.256891;0.500950;9.849762
0.154453;-0.305388;0.406631;9.813672
0.115394;-0.058847;0.395404;9.819489
0.084904;0.106269;0.387234;9.830234
0.074462;0.178420;0.370409;9.833459
0.073995;0.182716;0.351540;9.836885
0.151213;-0.375414;0.283020;9.799517
0.119881;-0.121681;0.277418;9.807707
0.102919;-0.004728;0.266911;9.814149
0.088055;0.123187;0.258473;9.818258
0.086505;0.146032;0.245596;9.819516
