-0.288991;0.081197;0.627847;10.024654;0
-0.281081;0.078708;0.633690;10.024654;0
-0.272453;0.071473;0.633690;10.024654;0
-0.260439;0.052898;0.639025;10.024654;0
-0.250857;0.047069;0.639025;10.024654;0
-0.240884;0.053116;0.643847;10.024654;0
-0.230358;0.069726;0.643847;10.024654;0
-0.219474;0.080839;0.643847;10.024654;0
-0.204799;0.087533;0.648174;10.024654;0
-0.193892;0.097250;0.648174;10.024654;0
-0.182725;0.110463;0.652043;10.024654;0
-0.171109;0.122064;0.652043;10.024654;0
-0.160050;0.123475;0.655516;10.024654;0
-0.145367;0.112856;0.655516;10.024654;0
-0.134552;0.104752;0.658678;10.024654;0
-0.123851;0.103198;0.658678;10.024654;0
-0.113631;0.105065;0.661636;10.024654;0
-0.101078;0.096071;0.661636;10.024654;0
-0.091148;0.085062;0.661636;10.024654;0
-0.082007;0.081249;0.664519;10.024654;0
-0.073304;0.085429;0.664519;10.024654;0
-0.065015;0.095567;0.667474;10.024654;0
-0.057225;0.098792;0.667474;10.024654;0
-0.047364;0.091337;0.670663;10.024654;0
-0.040318;0.089137;0.670663;10.024654;0
-0.033714;0.089858;0.674261;10.024654;0
-0.027250;0.081823;0.674261;10.024654;0
-0.021120;0.069594;0.678445;10.024654;0
-0.013739;0.065326;0.678445;10.024654;0
-0.008321;0.071006;0.683392;10.024654;0
-0.003167;0.084856;0.683392;10.024654;0
0.001783;0.097742;0.689269;10.024654;0
0.006543;0.095998;0.689269;10.024654;0
0.011017;0.091285;0.696223;10.024654;0
0.016664;0.084754;0.696223;10.024654;0
0.020921;0.077377;0.704372;10.024654;0
0.025021;0.064429;0.704372;10.024654;0
0.029026;0.050665;0.713801;10.024654;0
0.032759;0.044942;0.713801;10.024654;0
0.037439;0.051730;0.724547;10.024654;0
0.040743;0.067312;0.724547;10.024654;0
0.044014;0.082201;0.724547;10.024654;0
0.047372;0.083389;0.736599;10.024654;0
0.050936;0.081309;0.736599;10.024654;0
0.056456;0.085828;0.749890;10.024654;0
0.061753;0.096332;0.749890;10.024654;0
0.068497;0.101735;0.764294;10.024654;0
-1.000000;0.083751;0.764294;10.024654;0
-1.000000;0.086132;0.779629;10.024654;0
-1.000000;0.091611;0.779629;10.024654;0
-1.000000;0.098816;0.779629;10.024654;0
-1.000000;0.100998;0.795675;10.024654;0
-1.000000;0.100118;0.795675;10.024654;0
-1.000000;0.100948;0.795675;10.024654;0
-1.000000;0.109752;0.812197;10.024654;0
-1.000000;0.121542;0.812197;10.024654;0
-1.000000;0.128582;0.812197;10.024654;0
-1.000000;0.128059;0.828962;10.024654;0
-1.000000;0.129011;0.828962;10.024654;0
-1.000000;0.135072;0.828962;10.024654;0
-1.000000;0.140714;0.845741;10.024654;0
-1.000000;0.138499;0.845741;10.024654;0
-1.000000;0.136933;0.845741;10.024654;0
-1.000000;0.140842;0.862316;10.024654;0
-0.986638;0.143709;0.862316;10.024654;0
-0.968226;0.139553;0.862316;10.024654;0
-0.949353;0.135840;0.878487;10.024654;0
-0.929200;0.135608;0.878487;10.024654;0
-0.900475;0.144596;0.878487;10.024654;0
-0.877770;0.152256;0.894071;10.024654;0
-0.854472;0.151135;0.894071;10.024654;0
-0.830584;0.148778;0.894071;10.024654;0
-0.805869;0.150179;0.894071;10.024654;0
-0.773708;0.159052;0.908905;10.024654;0
-0.748076;0.161863;0.908905;10.024654;0
-0.723056;0.156880;0.908905;10.024654;0
-0.697636;0.153376;0.922852;10.024654;0
-0.664272;0.155482;0.922852;10.024654;0
-0.638232;0.154113;0.922852;10.024654;0
-0.612881;0.143494;0.922852;10.024654;0
-0.588062;0.134546;0.935794;10.024654;0
-0.564236;0.133081;0.935794;10.024654;0
-0.533899;0.141418;0.935794;10.024654;0
-0.511065;0.138979;0.935794;10.024654;0
-0.488800;0.131840;0.947638;10.024654;0
-0.467188;0.129242;0.947638;10.024654;0
-0.445811;0.133439;0.947638;10.024654;0
-0.418862;0.136278;0.958313;10.024654;0
-0.399137;0.126906;0.958313;10.024654;0
-0.380441;0.119525;0.958313;10.024654;0
-0.362707;0.117864;0.958313;10.024654;0
-0.338671;0.124219;0.967770;10.024654;0
-0.321212;0.124913;0.967770;10.024654;0
-0.304915;0.115810;0.967770;10.024654;0
-0.288952;0.106983;0.975981;10.024654;0
-0.273858;0.103635;0.975981;10.024654;0
-0.254615;0.107380;0.975981;10.024654;0
-0.240380;0.114877;0.975981;10.024654;0
-0.226498;0.117702;0.982938;10.024654;0
-0.213280;0.109015;0.982938;10.024654;0
-0.195754;0.099909;0.982938;10.024654;0
-0.183077;0.099528;0.988652;10.024654;0
-0.170951;0.095799;0.988652;10.024654;0
-0.159454;0.089733;0.988652;10.024654;0
-0.148152;0.087489;0.988652;10.024654;0
-0.133395;0.092948;0.993149;10.024654;0
-0.122885;0.095392;0.993149;10.024654;0
-0.112529;0.086662;0.993149;10.024654;0
-0.102537;0.078404;0.993149;10.024654;0
-0.092900;0.074822;0.996471;10.024654;0
-0.081017;0.078733;0.996471;10.024654;0
-0.072199;0.082204;0.996471;10.024654;0
-0.063516;0.076165;0.998675;10.024654;0
-0.055287;0.069317;0.998675;10.024654;0
-0.045122;0.067872;0.998675;10.024654;0
-0.037497;0.068889;0.998675;10.024654;0
-0.029951;0.061404;0.998675;10.024654;0
-0.022701;0.051243;0.998675;10.024654;0
-0.015877;0.047234;0.998675;10.024654;0
-0.009231;0.050565;0.999826;10.024654;0
-0.000823;0.066513;0.999826;10.024654;0
0.005183;0.075819;0.999826;10.024654;0
0.010936;0.071517;0.999826;10.024654;0
0.016320;0.065576;1.000000;10.024654;0
0.021425;0.063407;1.000000;10.024654;0
0.027661;0.069232;1.000000;10.024654;0
0.032084;0.074363;1.000000;10.024654;0
0.036341;0.069705;0.999278;10.024654;0
0.040512;0.060889;0.999278;10.024654;0
0.044413;0.058655;0.999278;10.024654;0
0.049132;0.067114;0.997747;10.024654;0
0.052456;0.074405;0.997747;10.024654;0
0.055663;0.072492;0.997747;10.024654;0
0.058734;0.069250;0.997747;10.024654;0
0.062897;0.069421;0.992609;10.024654;0
0.066273;0.074444;0.992609;10.024654;0
0.070180;0.080788;0.992609;10.024654;0
0.074952;0.075990;0.989178;10.024654;0
-0.026473;0.083284;0.989178;10.024654;0
-0.028406;0.071571;0.989178;10.024654;0
-0.031091;0.063002;0.989178;10.024654;0
-0.033102;0.059811;0.985271;10.024654;0
-0.035035;0.048932;0.985271;10.024654;0
-0.036885;0.043860;0.985271;10.024654;0
-0.039226;0.055022;0.980931;10.024654;0
-0.040765;0.071172;0.980931;10.024654;0
-0.042093;0.081268;0.980931;10.024654;0
-0.043229;0.088179;0.980931;10.024654;0
-0.044182;0.097972;0.976177;10.024654;0
-0.045243;0.116983;0.976177;10.024654;0
-0.045813;0.129985;0.976177;10.024654;0
-0.046081;0.130494;0.971009;10.024654;0
-0.046178;0.124743;0.971009;10.024654;0
-0.046169;0.122896;0.971009;10.024654;0
-0.046041;0.131116;0.971009;10.024654;0
-0.045836;0.138098;0.965413;10.024654;0
-0.045488;0.132214;0.965413;10.024654;0
-0.045073;0.126320;0.965413;10.024654;0
-0.044527;0.131598;0.959372;10.024654;0
-0.044116;0.145328;0.959372;10.024654;0
-0.043638;0.150838;0.959372;10.024654;0
-0.043131;0.148961;0.952867;10.024654;0
-0.042664;0.148816;0.952867;10.024654;0
-0.042270;0.155908;0.952867;10.024654;0
-0.041839;0.175833;0.945888;10.024654;0
-0.041492;0.182899;0.945888;10.024654;0
-0.041107;0.169958;0.945888;10.024654;0
-0.040745;0.156076;0.938431;10.024654;0
-0.040473;0.149803;0.938431;10.024654;0
-0.040242;0.152484;0.938431;10.024654;0
-0.040018;0.151592;0.930512;10.024654;0
-0.039788;0.141175;0.930512;10.024654;0
-0.039632;0.135579;0.930512;10.024654;0
-0.039593;0.141372;0.922162;10.024654;0
-0.039670;0.153138;0.922162;10.024654;0
-0.039758;0.159431;0.922162;10.024654;0
-0.039797;0.151189;0.913438;10.024654;0
-0.039888;0.145499;0.913438;10.024654;0
-0.040127;0.146879;0.913438;10.024654;0
-0.040409;0.153557;0.904417;10.024654;0
-0.040641;0.148598;0.904417;10.024654;0
-0.040851;0.136856;0.954158;10.024654;0
-0.041126;0.129973;0.948476;10.024654;0
-0.041623;0.134639;0.948476;10.024654;0
-0.042070;0.145678;0.948476;10.024654;0
-0.042567;0.158483;0.948476;10.024654;0
-0.043036;0.158297;0.885928;10.024654;0
-0.043462;0.141769;0.885928;10.024654;0
-0.044094;0.121470;0.876744;10.024654;0
-0.044684;0.117028;0.876744;10.024654;0
-0.045310;0.116992;0.867827;10.024654;0
-0.045936;0.105444;0.867827;10.024654;0
-0.046633;0.095104;0.859369;10.024654;0
-0.047736;0.096095;0.859369;10.024654;0
-0.048613;0.102897;0.859369;10.024654;0
-0.049533;0.096003;0.851575;10.024654;0
-0.050557;0.088611;0.851575;10.024654;0
-0.052152;0.092273;0.844652;10.024654;0
-0.053537;0.104035;0.844652;10.024654;0
-0.054952;0.107622;0.838798;10.024654;0
-0.056528;0.094732;0.838798;10.024654;0
-0.058363;0.079966;0.834197;10.024654;0
-0.061267;0.039476;0.834197;10.024654;0
-0.064156;0.009672;0.830997;10.024654;0
-0.067591;-0.011834;0.830997;10.024654;0
-0.071782;-0.028659;0.829305;10.024654;0
0.537677;-0.028431;0.829305;10.024654;0
0.551463;-0.005852;0.829168;10.024654;0
0.563695;0.019611;0.829168;10.024654;0
0.575819;0.033524;0.830567;10.024654;0
0.588225;0.048623;0.830567;10.024654;0
0.600763;0.071013;0.833414;10.024654;0
0.613263;0.100394;0.833414;10.024654;0
0.625448;0.129353;0.837576;10.024654;0
0.640900;0.150653;0.837576;10.024654;0
0.650918;0.142326;0.842878;10.024654;0
0.660083;0.129900;0.842878;10.024654;0
0.668569;0.121530;0.849114;10.024654;0
0.676224;0.112098;0.849114;10.024654;0
0.684488;0.097011;0.856056;10.024654;0
0.689389;0.094896;0.856056;10.024654;0
0.692914;0.101269;0.856056;10.024654;0
0.694950;0.115995;0.863464;10.024654;0
0.695353;0.133885;0.863464;10.024654;0
0.693159;0.144857;0.871093;10.024654;0
0.689567;0.143195;0.878701;10.024654;0
0.684640;0.144104;0.878701;10.024654;0
0.678084;0.149029;0.878701;10.024654;0
0.666971;0.152693;0.886055;10.024654;0
0.657448;0.145104;0.886055;10.024654;0
0.646563;0.139860;0.892937;10.024654;0
0.634711;0.141440;0.892937;10.024654;0
0.617353;0.154315;0.892937;10.024654;0
0.603240;0.162667;0.899145;10.024654;0
0.588542;0.157899;0.899145;10.024654;0
0.573081;0.152484;0.904501;10.024654;0
0.556940;0.152498;0.904501;10.024654;0
0.535143;0.163422;0.904501;10.024654;0
0.517836;0.171859;0.908849;10.024654;0
0.500638;0.173707;0.908849;10.024654;0
0.483989;0.168519;0.912057;10.024654;0
0.466856;0.164637;0.912057;10.024654;0
0.444843;0.172947;0.912057;10.024654;0
0.427997;0.179795;0.914019;10.024654;0
0.411372;0.173989;0.914019;10.024654;0
0.395452;0.165609;0.914019;10.024654;0
0.379683;0.164135;0.914657;10.024654;0
0.364568;0.167174;0.914657;10.024654;0
0.345280;0.154705;0.913918;10.024654;0
0.331111;0.146988;0.913918;10.024654;0
0.317956;0.146940;0.913918;10.024654;0
0.305030;0.154717;0.911777;10.024654;0
0.288399;0.164885;0.911777;10.024654;0
0.276224;0.154127;0.908235;10.024654;0
0.265138;0.140558;0.908235;10.024654;0
0.254867;0.134053;0.908235;10.024654;0
0.244772;0.138365;0.903322;10.024654;0
0.235351;0.147401;0.903322;10.024654;0
0.223688;0.138296;0.897094;10.024654;0
0.215573;0.130480;0.897094;10.024654;0
0.208046;0.128602;0.897094;10.024654;0
0.201078;0.132804;0.889636;10.024654;0
0.194679;0.138915;0.889636;10.024654;0
0.189143;0.126491;0.881061;10.024654;0
0.183079;0.100645;0.881061;10.024654;0
0.179602;0.090435;0.881061;10.024654;0
0.177039;0.091517;0.871511;10.024654;0
0.175754;0.093297;0.871511;10.024654;0
0.176739;0.072345;0.861155;10.024654;0
0.180338;0.056242;0.861155;10.024654;0
0.496071;0.091122;0.850192;10.024654;0
0.491461;0.087264;0.850192;10.024654;0
0.486265;0.074236;0.850192;10.024654;0
0.482917;0.062915;0.838841;10.024654;0
0.480271;0.060974;0.838841;10.024654;0
0.478174;0.072487;0.827310;10.024654;0
0.476404;0.089494;0.827310;10.024654;0
0.474859;0.092690;0.827310;10.024654;0
0.473076;0.093200;0.815799;10.024654;0
0.471856;0.100455;0.815799;10.024654;0
0.470458;0.115278;0.804494;10.024654;0
0.468712;0.128126;0.804494;10.024654;0
0.465674;0.124019;0.793568;10.024654;0
0.462766;0.120377;0.793568;10.024654;0
0.459310;0.121875;0.793568;10.024654;0
0.455230;0.130629;0.783182;10.024654;0
0.450173;0.140276;0.783182;10.024654;0
0.442149;0.134358;0.773478;10.024654;0
0.435018;0.131322;0.773478;10.024654;0
0.427497;0.137516;0.764587;10.024654;0
0.419039;0.146823;0.764587;10.024654;0
0.409660;0.144676;0.764587;10.024654;0
0.396398;0.132504;0.756619;10.024654;0
0.385914;0.129242;0.756619;10.024654;0
0.374742;0.133586;0.749669;10.024654;0
0.363294;0.143256;0.749669;10.024654;0
0.351479;0.143080;0.743810;10.024654;0
0.339256;0.134432;0.743810;10.024654;0
0.322802;0.130612;0.739098;10.024654;0
0.310569;0.138010;0.739098;10.024654;0
0.298110;0.142367;0.735564;10.024654;0
0.285990;0.135074;0.735564;10.024654;0
0.270477;0.130624;0.733223;10.024654;0
0.258543;0.136920;0.733223;10.024654;0
0.247012;0.140223;0.732066;10.024654;0
0.235650;0.128825;0.732066;10.024654;0
0.224897;0.120402;0.732062;10.024654;0
0.214299;0.120146;0.732062;10.024654;0
0.200919;0.123322;0.733161;10.024654;0
0.191514;0.113830;0.733161;10.024654;0
0.182594;0.103268;0.735294;10.024654;0
0.173916;0.102065;0.735294;10.024654;0
0.165558;0.111350;0.738372;10.024654;0
0.155142;0.121026;0.738372;10.024654;0
0.147892;0.114772;0.742290;10.024654;0
0.141144;0.110136;0.742290;10.024654;0
0.134713;0.110342;0.746928;10.024654;0
0.126511;0.120189;0.746928;10.024654;0
0.120579;0.116956;0.752149;10.024654;0
0.115323;0.108198;0.752149;10.024654;0
0.110405;0.101880;0.757806;10.024654;0
0.105989;0.103727;0.757806;10.024654;0
0.100965;0.104592;0.763741;10.024654;0
0.098004;0.087305;0.763741;10.024654;0
0.096030;0.068863;0.769787;10.024654;0
0.095119;0.057670;0.769787;10.024654;0
0.640449;0.091789;0.769787;10.024654;0
0.641331;0.095389;0.775768;10.024654;0
0.642139;0.083888;0.775768;10.024654;0
0.643230;0.067793;0.781513;10.024654;0
0.644667;0.059184;0.781513;10.024654;0
0.646193;0.061614;0.786872;10.024654;0
0.647807;0.082274;0.786872;10.024654;0
0.648410;0.091840;0.791724;10.024654;0
0.648353;0.100426;0.791724;10.024654;0
0.647485;0.111912;0.795970;10.024654;0
0.645585;0.126173;0.795970;10.024654;0
0.641097;0.130250;0.795970;10.024654;0
0.636284;0.134411;0.799541;10.024654;0
0.630186;0.141973;0.799541;10.024654;0
0.622299;0.153536;0.802392;10.024654;0
0.612651;0.162553;0.802392;10.024654;0
0.597530;0.148443;0.804500;10.024654;0
0.584357;0.135644;0.804500;10.024654;0
0.570430;0.134639;0.804500;10.024654;0
0.554906;0.144762;0.805870;10.024654;0
0.532546;0.165825;0.805870;10.024654;0
0.513401;0.176996;0.806527;10.024654;0
0.493407;0.173678;0.806527;10.024654;0
0.472928;0.166857;0.806527;10.024654;0
0.450998;0.160571;0.806521;10.024654;0
0.421489;0.139224;0.806521;10.024654;0
0.399213;0.130385;0.805923;10.024654;0
0.376302;0.131796;0.805923;10.024654;0
0.353541;0.146297;0.804825;10.024654;0
0.330584;0.159252;0.804825;10.024654;0
0.300332;0.159426;0.804825;10.024654;0
0.277237;0.158056;0.803337;10.024654;0
0.254748;0.162318;0.803337;10.024654;0
0.232508;0.166970;0.801586;10.024654;0
0.210400;0.156233;0.801586;10.024654;0
0.182663;0.139129;0.799716;10.024654;0
0.162321;0.134358;0.799716;10.024654;0
0.142109;0.139252;0.799716;10.024654;0
0.122779;0.144633;0.797877;10.024654;0
0.103871;0.134239;0.797877;10.024654;0
0.080010;0.122168;0.796230;10.024654;0
0.062766;0.123179;0.796230;10.024654;0
0.045967;0.130145;0.794933;10.024654;0
0.029899;0.137034;0.794933;10.024654;0
0.008745;0.133263;0.794143;10.024654;0
-0.006135;0.114182;0.794143;10.024654;0
-0.020953;0.095785;0.794004;10.024654;0
-0.035567;0.084869;0.794004;10.024654;0
-0.050327;0.085272;0.794643;10.024654;0
-0.069801;0.091097;0.794643;10.024654;0
-0.084031;0.086574;0.796159;10.024654;0
-0.098398;0.084886;0.796159;10.024654;0
-0.113052;0.089899;0.798622;10.024654;0
-0.128407;0.102238;0.798622;10.024654;0
-0.149426;0.107030;0.802059;10.024654;0
-0.166985;0.099146;0.802059;10.024654;0
-0.186125;0.091797;0.806454;10.024654;0
-0.208045;0.090797;0.806454;10.024654;0
-0.233583;0.080131;0.811739;10.024654;0
0.776318;0.031399;0.811739;10.024654;0
0.793609;0.012695;0.817799;10.024654;0
0.808296;0.005422;0.817799;10.024654;0
0.823384;0.004943;0.817799;10.024654;0
0.840365;0.000640;0.824478;10.024654;0
0.857456;0.001488;0.824478;10.024654;0
0.881414;0.016795;0.831589;10.024654;0
0.898478;0.037700;0.831589;10.024654;0
0.915290;0.062742;0.838927;10.024654;0
0.930904;0.079204;0.838927;10.024654;0
0.950332;0.086554;0.838927;10.024654;0
0.963078;0.090030;0.846276;10.024654;0
0.974339;0.094686;0.846276;10.024654;0
0.984051;0.099476;0.846276;10.024654;0
0.993900;0.094828;0.853418;10.024654;0
0.998975;0.090085;0.853418;10.024654;0
1.000000;0.091641;0.853418;10.024654;0
1.000000;0.100353;0.860138;10.024654;0
1.000000;0.113526;0.860138;10.024654;0
0.996483;0.117390;0.860138;10.024654;0
0.987366;0.116244;0.866230;10.024654;0
0.977726;0.118504;0.866230;10.024654;0
0.966352;0.124265;0.866230;10.024654;0
0.952722;0.133400;0.871505;10.024654;0
0.931154;0.136317;0.871505;10.024654;0
0.912638;0.129813;0.871505;10.024654;0
0.893016;0.124320;0.871505;10.024654;0
0.872105;0.124477;0.871505;10.024654;0
0.849927;0.131060;0.871505;10.024654;0
0.818247;0.138775;0.875787;10.024654;0
0.792932;0.134386;0.875787;10.024654;0
0.767841;0.131509;0.875787;10.024654;0
0.742174;0.134855;0.878921;10.024654;0
0.714969;0.143762;0.878921;10.024654;0
0.678415;0.145009;0.878921;10.024654;0
0.649922;0.141180;0.878921;10.024654;0
0.621863;0.141324;0.880776;10.024654;0
0.594277;0.146160;0.880776;10.024654;0
0.566210;0.151324;0.880776;10.024654;0
0.538830;0.146466;0.881241;10.024654;0
0.502914;0.134770;0.881241;10.024654;0
0.476254;0.132262;0.881241;10.024654;0
0.450578;0.134409;0.881241;10.024654;0
0.425427;0.140125;0.880229;10.024654;0
0.400439;0.139267;0.880229;10.024654;0
0.369663;0.126895;0.880229;10.024654;0
0.346618;0.120365;0.877676;10.024654;0
0.324769;0.120012;0.877676;10.024654;0
0.303268;0.127564;0.877676;10.024654;0
0.277159;0.134939;0.873544;10.024654;0
0.256834;0.124510;0.873544;10.024654;0
0.238463;0.112471;0.873544;10.024654;0
0.220925;0.103806;0.867819;10.024654;0
0.203865;0.102608;0.867819;10.024654;0
0.187560;0.104948;0.860512;10.024654;0
0.167946;0.092448;0.860512;10.024654;0
0.153761;0.086055;0.860512;10.024654;0
0.139958;0.087222;0.860512;10.024654;0
0.127007;0.090314;0.851658;10.024654;0
0.110939;0.079358;0.851658;10.024654;0
0.099474;0.071020;0.851658;10.024654;0
0.088525;0.067077;0.841318;10.024654;0
0.078023;0.071729;0.841318;10.024654;0
0.067910;0.084830;0.841318;10.024654;0
0.055071;0.095411;0.829579;10.024654;0
0.046213;0.088305;0.829579;10.024654;0
0.037591;0.080728;0.829579;10.024654;0
0.029303;0.080007;0.816553;10.024654;0
0.021332;0.084569;0.816553;10.024654;0
0.011429;0.074904;0.816553;10.024654;0
0.004388;0.061627;0.802380;10.024654;0
-0.002441;0.054514;0.802380;10.024654;0
-0.008944;0.056054;0.802380;10.024654;0
-0.016834;0.065473;0.787226;10.024654;0
-0.022526;0.061923;0.787226;10.024654;0
-0.027703;0.056642;0.787226;10.024654;0
-0.032704;0.053804;0.771286;10.024654;0
-0.037467;0.055900;0.771286;10.024654;0
-0.041930;0.057553;0.771286;10.024654;0
0.304376;0.065760;0.754785;10.024654;0
0.309165;0.053809;0.754785;10.024654;0
0.314735;0.047023;0.754785;10.024654;0
0.321164;0.047970;0.737967;10.024654;0
0.330403;0.042305;0.737967;10.024654;0
0.337961;0.040386;0.737967;10.024654;0
0.345333;0.047168;0.721078;10.024654;0
0.352740;0.066202;0.721078;10.024654;0
0.359536;0.087625;0.704354;10.024654;0
0.365664;0.094247;0.704354;10.024654;0
0.372583;0.094291;0.704354;10.024654;0
0.376633;0.096528;0.688019;10.024654;0
0.379387;0.104053;0.688019;10.024654;0
0.380781;0.114498;0.672288;10.024654;0
0.380316;0.116079;0.672288;10.024654;0
0.378225;0.108142;0.672288;10.024654;0
0.374711;0.100827;0.657361;10.024654;0
0.369849;0.099520;0.657361;10.024654;0
0.363314;0.105654;0.643428;10.024654;0
0.353101;0.113371;0.643428;10.024654;0
0.342731;0.106096;0.643428;10.024654;0
0.332079;0.101191;0.630660;10.024654;0
0.320380;0.103293;0.630660;10.024654;0
0.307729;0.108012;0.619213;10.024654;0
0.289964;0.102284;0.619213;10.024654;0
0.275381;0.095580;0.609224;10.024654;0
0.260290;0.095378;0.609224;10.024654;0
0.245299;0.102485;0.600805;10.024654;0
0.230283;0.110240;0.600805;10.024654;0
0.213287;0.105501;0.594048;10.024654;0
0.195251;0.099607;0.594048;10.024654;0
0.180029;0.100689;0.589016;10.024654;0
0.164644;0.108447;0.589016;10.024654;0
0.149453;0.116234;0.585746;10.024654;0
0.130611;0.105711;0.585746;10.024654;0
0.116665;0.097415;0.584248;10.024654;0
0.103099;0.097803;0.584248;10.024654;0
0.089665;0.106227;0.584502;10.024654;0
0.072913;0.115231;0.584502;10.024654;0
0.060645;0.108987;0.586465;10.024654;0
0.048882;0.101420;0.586465;10.024654;0
0.037573;0.100129;0.590066;10.024654;0
0.026864;0.105706;0.595216;10.024654;0
0.016593;0.109599;0.595216;10.024654;0
0.003676;0.091876;0.601803;10.024654;0
-0.005459;0.078899;0.601803;10.024654;0
-0.014091;0.073171;0.609704;10.024654;0
-0.022706;0.073829;0.609704;10.024654;0
-0.033381;0.074601;0.618781;10.024654;0
-0.041367;0.064085;0.618781;10.024654;0
-0.049059;0.055723;0.628884;10.024654;0
-0.056752;0.057021;0.628884;10.024654;0
-0.064592;0.063228;0.639861;10.024654;0
-0.072646;0.059515;0.639861;10.024654;0
-0.081647;0.054706;0.651550;10.024654;0
0.650396;0.051277;0.651550;10.024654;0
0.657658;0.056275;0.663787;10.024654;0
0.665391;0.065647;0.663787;10.024654;0
0.673311;0.070412;0.676411;10.024654;0
0.681080;0.071564;0.676411;10.024654;0
0.691015;0.082397;0.689273;10.024654;0
0.697868;0.099190;0.689273;10.024654;0
0.703823;0.111613;0.702250;10.024654;0
0.708584;0.119571;0.702250;10.024654;0
0.711940;0.129222;0.702250;10.024654;0
0.713967;0.148693;0.715236;10.024654;0
0.713437;0.167535;0.715236;10.024654;0
0.710610;0.175819;0.728140;10.024654;0
0.705584;0.172594;0.728140;10.024654;0
0.695619;0.167008;0.728140;10.024654;0
0.685671;0.166715;0.740891;10.024654;0
0.673592;0.165831;0.740891;10.024654;0
0.659196;0.141484;0.740891;10.024654;0
0.638960;0.097384;0.753432;10.024654;0
0.622301;0.077136;0.753432;10.024654;0
0.604806;0.077798;0.765717;10.024654;0
0.584394;0.100270;0.765717;10.024654;0
0.563810;0.134352;0.765717;10.024654;0
0.536193;0.174292;0.777713;10.024654;0
0.512742;0.189841;0.777713;10.024654;0
0.488987;0.202938;0.789400;10.024654;0
0.465111;0.216187;0.789400;10.024654;0
0.440851;0.229694;0.789400;10.024654;0
0.408400;0.230035;0.800763;10.024654;0
0.383240;0.219412;0.800763;10.024654;0
0.359444;0.210306;0.811799;10.024654;0
0.336235;0.208462;0.811799;10.024654;0
0.313595;0.214238;0.822510;10.024654;0
0.284978;0.216601;0.822510;10.024654;0
0.263251;0.202177;0.822510;10.024654;0
0.243652;0.186770;0.832901;10.024654;0
0.224365;0.175769;0.832901;10.024654;0
0.206055;0.174259;0.842986;10.024654;0
0.189251;0.177387;0.842986;10.024654;0
0.167622;0.161278;0.842986;10.024654;0
0.152844;0.149139;0.852775;10.024654;0
0.138894;0.145093;0.852775;10.024654;0
0.125436;0.149304;0.862283;10.024654;0
0.108975;0.159374;0.862283;10.024654;0
0.097123;0.155078;0.871522;10.024654;0
0.085870;0.150061;0.871522;10.024654;0
0.075458;0.150138;0.871522;10.024654;0
0.065261;0.152617;0.880501;10.024654;0
0.052599;0.138405;0.880501;10.024654;0
0.043317;0.123867;0.889225;10.024654;0
0.034420;0.119083;0.889225;10.024654;0
0.025655;0.125715;0.897693;10.024654;0
0.015139;0.143652;0.897693;10.024654;0
0.005800;0.151084;0.897693;10.024654;0
-0.002433;0.140389;0.905898;10.024654;0
-0.010748;0.126096;0.905898;10.024654;0
-0.018939;0.117189;0.913821;10.024654;0
-0.027341;0.116702;0.913821;10.024654;0
-0.038246;0.108580;0.913821;10.024654;0
-0.046571;0.095877;0.921436;10.024654;0
-0.055290;0.090238;0.921436;10.024654;0
-0.063890;0.094975;0.928704;10.024654;0
-0.074485;0.104778;0.928704;10.024654;0
-0.087015;0.094790;0.935575;10.024654;0
-0.099123;0.086045;0.935575;10.024654;0
0.085634;0.069725;0.935575;10.024654;0
0.087332;0.065359;0.941990;10.024654;0
0.089890;0.045647;0.941990;10.024654;0
0.094551;0.010146;0.947877;10.024654;0
0.099058;-0.004513;0.947877;10.024654;0
0.104382;-0.000352;0.947877;10.024654;0
0.110397;0.013809;0.953162;10.024654;0
0.116953;0.016782;0.953162;10.024654;0
0.126441;0.024316;0.953162;10.024654;0
0.133643;0.041327;0.957767;10.024654;0
0.140894;0.064962;0.957767;10.024654;0
0.147989;0.084879;0.957767;10.024654;0
0.157288;0.085654;0.961618;10.024654;0
0.164014;0.083399;0.961618;10.024654;0
0.170257;0.086789;0.964643;10.024654;0
0.176169;0.091872;0.964643;10.024654;0
0.182721;0.080631;0.964643;10.024654;0
0.187961;0.073068;0.966781;10.024654;0
0.191967;0.076196;0.966781;10.024654;0
0.195385;0.087677;0.966781;10.024654;0
0.198089;0.101570;0.967978;10.024654;0
0.200138;0.101778;0.967978;10.024654;0
0.201899;0.096260;0.967978;10.024654;0
0.202565;0.097831;0.968195;10.024654;0
0.202702;0.107407;0.968195;10.024654;0
0.202324;0.119365;0.968195;10.024654;0
0.201197;0.116861;0.967403;10.024654;0
0.199868;0.109211;0.967403;10.024654;0
0.198229;0.106268;0.967403;10.024654;0
0.196300;0.113255;0.965591;10.024654;0
0.194142;0.129136;0.965591;10.024654;0
0.190863;0.140049;0.965591;10.024654;0
0.188165;0.137765;0.962762;10.024654;0
0.185401;0.137722;0.962762;10.024654;0
0.182559;0.144115;0.962762;10.024654;0
0.179667;0.153384;0.958939;10.024654;0
0.175941;0.155385;0.958939;10.024654;0
0.173161;0.142515;0.954158;10.024654;0
0.170431;0.132369;0.954158;10.024654;0
0.167816;0.132418;0.954158;10.024654;0
0.165198;0.141270;0.948476;10.024654;0
0.161802;0.140621;0.948476;10.024654;0
0.159395;0.128525;0.948476;10.024654;0
0.157117;0.120378;0.941966;10.024654;0
0.154952;0.118632;0.941966;10.024654;0
0.152810;0.117443;0.934717;10.024654;0
0.151017;0.115328;0.934717;10.024654;0
0.149428;0.107722;0.934717;10.024654;0
0.147590;0.087387;0.926836;10.024654;0
0.146363;0.081307;0.926836;10.024654;0
0.145238;0.087039;0.918442;10.024654;0
0.144163;0.104150;0.918442;10.024654;0
0.143229;0.110726;0.918442;10.024654;0
0.142410;0.111237;0.909667;10.024654;0
0.141473;0.116054;0.909667;10.024654;0
0.140899;0.125992;0.900652;10.024654;0
0.140450;0.130740;0.900652;10.024654;0
0.140248;0.114863;0.900652;10.024654;0
0.140485;0.091288;0.891546;10.024654;0
0.141031;0.082732;0.891546;10.024654;0
0.141997;0.067040;0.882497;10.024654;0
0.143493;0.049814;0.882497;10.024654;0
0.145421;0.042174;0.873651;10.024654;0
0.148625;0.051522;0.873651;10.024654;0
0.151772;0.061347;0.873651;10.024654;0
0.155847;0.063018;0.865144;10.024654;0
0.161035;0.058548;0.865144;10.024654;0
0.167788;0.053715;0.857099;10.024654;0
0.179893;0.055226;0.857099;10.024654;0
-0.705736;0.002919;0.857099;10.024654;0
-0.726521;-0.015132;0.849613;10.024654;0
-0.747366;-0.036045;0.849613;10.024654;0
-0.770864;-0.048421;0.842758;10.024654;0
-0.797589;-0.049501;0.842758;10.024654;0
-0.831484;-0.046858;0.842758;10.024654;0
-0.858469;-0.035942;0.836575;10.024654;0
-0.884644;-0.013974;0.836575;10.024654;0
-0.909669;0.014333;0.831076;10.024654;0
-0.933763;0.041993;0.831076;10.024654;0
-0.956911;0.056899;0.831076;10.024654;0
-0.985125;0.067771;0.826248;10.024654;0
-1.000000;0.075910;0.826248;10.024654;0
-1.000000;0.085373;0.826248;10.024654;0
-1.000000;0.086270;0.822053;10.024654;0
-1.000000;0.085058;0.822053;10.024654;0
-1.000000;0.089145;0.822053;10.024654;0
-1.000000;0.098331;0.818430;10.024654;0
-1.000000;0.105360;0.818430;10.024654;0
-1.000000;0.104488;0.818430;10.024654;0
-1.000000;0.104471;0.818430;10.024654;0
-1.000000;0.113574;0.818430;10.024654;0
-1.000000;0.124168;0.815302;10.024654;0
-1.000000;0.128004;0.815302;10.024654;0
-1.000000;0.131381;0.815302;10.024654;0
-1.000000;0.141242;0.815302;10.024654;0
-1.000000;0.154410;0.812579;10.024654;0
-0.985468;0.165758;0.812579;10.024654;0
-0.964284;0.165067;0.812579;10.024654;0
-0.941070;0.160906;0.810160;10.024654;0
-0.909472;0.161825;0.810160;10.024654;0
-0.883929;0.169788;0.810160;10.024654;0
-0.856687;0.176589;0.807938;10.024654;0
-0.828789;0.172326;0.807938;10.024654;0
-0.800299;0.167725;0.807938;10.024654;0
-0.761053;0.169771;0.807938;10.024654;0
-0.731793;0.178243;0.805802;10.024654;0
-0.701670;0.186633;0.805802;10.024654;0
-0.671289;0.183627;0.805802;10.024654;0
-0.641077;0.177120;0.803644;10.024654;0
-0.602473;0.174363;0.803644;10.024654;0
-0.573249;0.171086;0.803644;10.024654;0
-0.545170;0.158142;0.803644;10.024654;0
-0.517526;0.147749;0.801357;10.024654;0
-0.491301;0.146347;0.801357;10.024654;0
-0.465486;0.152615;0.801357;10.024654;0
-0.432796;0.152194;0.798843;10.024654;0
-0.409138;0.145533;0.798843;10.024654;0
-0.386971;0.142508;0.798843;10.024654;0
-0.365819;0.140798;0.796008;10.024654;0
-0.346085;0.118691;0.796008;10.024654;0
-0.321331;0.072132;0.796008;10.024654;0
-0.305004;0.051149;0.796008;10.024654;0
-0.289153;0.051744;0.792772;10.024654;0
-0.273428;0.074589;0.792772;10.024654;0
-0.259049;0.105910;0.792772;10.024654;0
-0.241131;0.136872;0.789062;10.024654;0
-0.228220;0.148280;0.789062;10.024654;0
-0.216097;0.155463;0.789062;10.024654;0
-0.204256;0.160894;0.784823;10.024654;0
-0.192843;0.162120;0.784823;10.024654;0
-0.178511;0.142799;0.784823;10.024654;0
-0.168201;0.127669;0.780008;10.024654;0
-0.158535;0.117956;0.780008;10.024654;0
-0.149074;0.115571;0.774588;10.024654;0
-0.140066;0.110425;0.774588;10.024654;0
-0.131278;0.102371;0.768549;10.024654;0
-0.120173;0.096657;0.768549;10.024654;0
-0.112386;0.100188;0.768549;10.024654;0
-0.104878;0.102383;0.761891;10.024654;0
-0.097705;0.090749;0.761891;10.024654;0
-0.088920;0.076957;0.761891;10.024654;0
-0.082541;0.074291;0.754634;10.024654;0
-0.076721;0.078040;0.754634;10.024654;0
-0.071373;0.073148;0.754634;10.024654;0
-0.066627;0.060202;0.746813;10.024654;0
-0.062650;0.050767;0.746813;10.024654;0
-0.058930;0.052271;0.738487;10.024654;0
-0.207765;0.078792;0.738487;10.024654;0
-0.204470;0.079462;0.738487;10.024654;0
-0.201918;0.074787;0.729730;10.024654;0
-0.199683;0.076666;0.729730;10.024654;0
-0.198819;0.087363;0.729730;10.024654;0
-0.198441;0.104447;0.720634;10.024654;0
-0.198303;0.113614;0.720634;10.024654;0
-0.198366;0.113768;0.720634;10.024654;0
-0.198658;0.115774;0.711300;10.024654;0
-0.198839;0.124794;0.711300;10.024654;0
-0.198738;0.137797;0.701835;10.024654;0
-0.198122;0.139078;0.701835;10.024654;0
-0.196955;0.135643;0.701835;10.024654;0
-0.194420;0.138202;0.692359;10.024654;0
-0.191743;0.148723;0.692359;10.024654;0
-0.188152;0.159366;0.682996;10.024654;0
-0.183461;0.154725;0.682996;10.024654;0
-0.175844;0.147978;0.673883;10.024654;0
-0.169420;0.149921;0.673883;10.024654;0
-0.162084;0.150774;0.665158;10.024654;0
-0.154030;0.141308;0.665158;10.024654;0
-0.145412;0.134221;0.665158;10.024654;0
-0.133289;0.134426;0.656970;10.024654;0
-0.123976;0.141912;0.656970;10.024654;0
-0.113942;0.156713;0.649469;10.024654;0
-0.103357;0.163775;0.649469;10.024654;0
-0.089142;0.151498;0.642807;10.024654;0
-0.078466;0.143653;0.637133;10.024654;0
-0.067807;0.144024;0.637133;10.024654;0
-0.056980;0.146347;0.632590;10.024654;0
-0.046214;0.136840;0.632590;10.024654;0
-0.032573;0.118680;0.629307;10.024654;0
-0.022179;0.115026;0.629307;10.024654;0
-0.012395;0.121630;0.627399;10.024654;0
-0.003025;0.133357;0.626958;10.024654;0
0.005960;0.144386;0.626958;10.024654;0
0.018044;0.132195;0.628045;10.024654;0
0.026462;0.117045;0.630691;10.024654;0
0.034831;0.105657;0.630691;10.024654;0
0.043190;0.103086;0.634891;10.024654;0
0.054516;0.116578;0.640598;10.024654;0
0.062716;0.123685;0.640598;10.024654;0
0.071082;0.113873;0.647728;10.024654;0
0.079414;0.101469;0.656157;10.024654;0
0.087951;0.094371;0.656157;10.024654;0
0.099906;0.097266;0.665720;10.024654;0
0.109476;0.093520;0.665720;10.024654;0
0.120059;0.084625;0.676221;10.024654;0
0.131773;0.082036;0.687426;10.024654;0
0.145054;0.089616;0.687426;10.024654;0
-0.840513;0.046653;0.699076;10.024654;0
-0.861008;0.035380;0.699076;10.024654;0
-0.877304;0.017559;0.710886;10.024654;0
-0.894960;0.007959;0.710886;10.024654;0
-0.914152;0.011366;0.722568;10.024654;0
-0.934015;0.017946;0.722568;10.024654;0
-0.960103;0.029361;0.733852;10.024654;0
-0.979573;0.047871;0.733852;10.024654;0
-0.998381;0.071445;0.744488;10.024654;0
-1.000000;0.092387;0.744488;10.024654;0
-1.000000;0.100740;0.744488;10.024654;0
-1.000000;0.106722;0.754251;10.024654;0
-1.000000;0.116303;0.754251;10.024654;0
-1.000000;0.125908;0.762938;10.024654;0
-1.000000;0.129019;0.762938;10.024654;0
-1.000000;0.126112;0.762938;10.024654;0
-1.000000;0.125666;0.770373;10.024654;0
-1.000000;0.132925;0.770373;10.024654;0
-1.000000;0.141674;0.770373;10.024654;0
-1.000000;0.141211;0.776406;10.024654;0
-1.000000;0.140251;0.776406;10.024654;0
-1.000000;0.147510;0.776406;10.024654;0
-1.000000;0.159876;0.776406;10.024654;0
-1.000000;0.170840;0.776406;10.024654;0
-0.996402;0.170112;0.780913;10.024654;0
-0.972981;0.167439;0.780913;10.024654;0
-0.947669;0.167276;0.780913;10.024654;0
-0.912230;0.171517;0.783795;10.024654;0
-0.882464;0.168425;0.783795;10.024654;0
-0.852495;0.160013;0.783795;10.024654;0
-0.821181;0.154808;0.784978;10.024654;0
-0.789763;0.155809;0.784978;10.024654;0
-0.746790;0.168607;0.784978;10.024654;0
-0.714587;0.177639;0.784413;10.024654;0
-0.678418;0.174889;0.784413;10.024654;0
-0.644646;0.170107;0.784413;10.024654;0
-0.612297;0.167941;0.782077;10.024654;0
-0.579142;0.170185;0.782077;10.024654;0
-0.536760;0.171811;0.782077;10.024654;0
-0.504861;0.160056;0.777971;10.024654;0
-0.475047;0.145921;0.777971;10.024654;0
-0.445779;0.136368;0.777971;10.024654;0
-0.408749;0.138407;0.772121;10.024654;0
-0.381433;0.142665;0.772121;10.024654;0
-0.355310;0.136084;0.772121;10.024654;0
-0.330884;0.131048;0.764576;10.024654;0
-0.307626;0.132363;0.764576;10.024654;0
-0.285082;0.139374;0.764576;10.024654;0
-0.257027;0.146775;0.755412;10.024654;0
-0.237001;0.137073;0.755412;10.024654;0
-0.218443;0.126747;0.755412;10.024654;0
-0.201223;0.122056;0.744728;10.024654;0
