0.108814;-0.111478;0.119160;9.753231
0.109025;-0.230252;0.100745;9.746453
0.097518;-0.018521;0.090343;9.754074
0.090695;0.092917;0.079018;9.756465
0.102027;-0.345535;0.053452;9.739040
0.089739;0.043799;0.048242;9.747873
0.084045;0.200092;0.041492;9.753262
0.080928;0.301491;0.035460;9.761281
0.077630;0.379997;0.031050;9.771254
0.087646;-0.227044;0.017063;9.746509
0.080577;0.019224;0.015763;9.752413
0.077185;0.044080;0.013394;9.755783
0.072246;0.145000;0.012576;9.761364
0.067643;0.226579;0.013011;9.767915
0.071401;-0.169409;0.007844;9.736673
0.066362;-0.051375;0.009045;9.741867
0.061658;0.103064;0.011804;9.748702
0.056464;0.237320;0.015940;9.757038
0.066030;-0.294214;0.014489;9.723273
0.059368;-0.045485;0.019458;9.732715
0.052808;0.103211;0.025283;9.742194
0.047922;0.179713;0.031751;9.749154
0.059997;-0.296414;0.034103;9.737224
0.046713;0.018319;0.043639;9.742468
0.039465;0.106011;0.052434;9.747229
0.031644;0.190029;0.062174;9.755337
0.024708;0.223907;0.072924;9.763233
0.045260;-0.285726;0.076915;9.744857
0.029290;-0.042267;0.089879;9.751013
0.017162;0.072091;0.103168;9.756290
0.001215;0.230565;0.119728;9.764460
0.035439;-0.292340;0.122662;9.748185
0.011890;-0.031251;0.140519;9.753698
-0.001693;0.064649;0.158128;9.760204
-0.020116;0.183172;0.179280;9.769807
-0.038605;0.266620;0.203346;9.780438
0.009475;-0.208073;0.205344;9.764099
-0.009323;-0.115603;0.226916;9.769974
-0.044291;0.079842;0.257454;9.780992
-0.052648;0.187752;0.288250;9.790131
0.057325;-0.367441;0.285138;9.781884
0.048931;-0.087894;0.316110;9.784055
0.048628;0.090720;0.346329;9.791072
0.052054;0.226791;0.372129;9.799903
0.063703;0.265160;0.391173;9.809463
0.135353;-0.101320;0.367883;9.793983
0.123930;-0.006254;0.375522;9.800493
0.105325;0.132427;0.382890;9.808051
0.082627;0.217309;0.386129;9.817227
0.144157;-0.436116;0.340714;9.804424
0.058728;-0.151881;0.341371;9.805053
0.001841;-0.021210;0.340223;9.807721
-0.033861;0.089092;0.340549;9.812777
0.027202;-0.317413;0.308047;9.811513
0.010659;-0.156184;0.313964;9.801542
-0.017161;0.096992;0.330784;9.808045
-0.014616;0.167362;0.341517;9.817582
-0.013427;0.239938;0.357044;9.827880
0.084228;-0.241261;0.330623;9.820635
0.045094;0.031764;0.356659;9.824504
0.036499;0.083978;0.371828;9.827987
0.026094;0.137066;0.388270;9.834605
0.108506;-0.324397;0.361857;9.823044
0.061484;-0.044141;0.388113;9.825658
0.044944;0.023392;0.403072;9.826483
0.032079;0.100351;0.416992;9.832868
0.025131;0.135032;0.430213;9.838367
0.100834;-0.275542;0.404467;9.826965
0.057135;-0.019461;0.427321;9.827656
0.040839;0.050538;0.439770;9.829676
0.027439;0.128433;0.450032;9.835912
0.024687;0.139364;0.455964;9.839914
0.101979;-0.275373;0.419184;9.821359
0.075096;-0.095879;0.425633;9.823584
0.060593;0.000716;0.427979;9.827662
0.042971;0.121162;0.432893;9.833315
0.035836;0.162724;0.433684;9.836998
0.114901;-0.303815;0.389028;9.819899
0.088461;-0.114255;0.390435;9.818752
0.052610;0.093565;0.399557;9.826298
0.038151;0.173080;0.399704;9.828026
0.028683;0.228024;0.400270;9.833151
0.016009;0.285582;0.404503;9.841500
0.072105;-0.045022;0.362079;9.815742
0.066325;-0.019745;0.356803;9.818439
0.061836;0.024587;0.350312;9.821822
0.041758;0.166391;0.353656;9.830106
0.115685;-0.358214;0.306130;9.803770
0.084607;-0.099745;0.308852;9.807105
0.065057;0.029186;0.309096;9.812281
0.044947;0.193770;0.312335;9.819710
0.106895;-0.287040;0.272095;9.799988
0.078430;-0.032240;0.275831;9.802904
0.069480;0.034064;0.273014;9.807702
0.045173;0.238389;0.279671;9.818274
0.038244;0.277312;0.280984;9.824015
0.093317;-0.205309;0.243133;9.785041
0.069445;0.000891;0.248638;9.788960
0.065091;0.020668;0.245133;9.795686
0.059902;0.086642;0.243067;9.803884
0.057116;0.121479;0.241061;9.810978
0.114126;-0.426589;0.205840;9.785582
0.091542;-0.154865;0.209277;9.793493
0.075608;0.000053;0.211024;9.800693
0.060318;0.170237;0.213332;9.808272
0.054154;0.240381;0.213942;9.814882
0.086815;-0.109088;0.188839;9.786903
0.072289;0.050311;0.190601;9.794279
0.066114;0.115566;0.190000;9.803094
0.059560;0.185002;0.190977;9.811944
0.049235;0.303516;0.195908;9.823746
0.131321;-0.651372;0.139351;9.770123
0.100308;-0.249453;0.142768;9.786537
0.072148;0.144629;0.148386;9.788277
0.057361;0.375949;0.152162;9.797153
0.085563;-0.032686;0.135134;9.803999
0.068281;0.208905;0.140472;9.802995
0.059532;0.284167;0.144215;9.813936
0.055110;0.308764;0.146622;9.824432
0.053716;0.291269;0.148470;9.831717
0.047285;0.342743;0.153455;9.843188
0.071371;-0.073622;0.136681;9.807622
0.066283;-0.027305;0.136639;9.812805
0.060321;0.076608;0.137323;9.818152
0.053213;0.200239;0.139223;9.826368
0.087275;-0.435397;0.118147;9.780402
0.076239;-0.160290;0.118831;9.792492
0.071462;-0.063442;0.116489;9.799317
0.065518;0.081023;0.115222;9.806065
0.089139;-0.385126;0.097507;9.782036
0.081572;-0.088035;0.096890;9.793073
0.081867;0.082973;0.094965;9.801959
0.084674;0.236192;0.092432;9.809932
0.091023;0.275959;0.088043;9.816881
0.110789;-0.207862;0.070221;9.784492
0.113193;0.034587;0.063735;9.794909
0.117067;0.134504;0.055024;9.799799
0.122008;0.186301;0.043990;9.803680
0.123087;-0.281062;0.024971;9.778778
0.128192;-0.064959;0.010931;9.781219
0.133740;0.003675;-0.005339;9.783343
0.096980;0.179151;-0.022481;9.792786
0.059781;-0.307554;-0.037923;9.767091
0.044312;0.001306;-0.049952;9.775348
0.037278;0.118252;-0.059319;9.783202
0.038917;0.280801;-0.066707;9.793248
0.045431;0.299665;-0.071360;9.799774
0.051134;-0.305055;-0.071822;9.764361
0.061688;-0.055367;-0.073156;9.774236
0.070370;0.028933;-0.072593;9.781553
0.076554;0.139855;-0.070885;9.787852
0.081241;0.274735;-0.068484;9.799500
0.082787;0.278168;-0.064792;9.803588
0.077460;-0.074710;-0.057374;9.770432
0.077317;0.051923;-0.053606;9.779883
0.076477;0.136883;-0.049391;9.787097
0.077201;0.312988;-0.045897;9.804325
0.070223;-0.394633;-0.036380;9.744942
0.072003;-0.067546;-0.034025;9.763070
0.072894;0.026946;-0.031227;9.774011
0.074609;0.191327;-0.029174;9.785874
0.075976;0.277848;-0.027245;9.796505
0.073225;-0.232989;-0.021601;9.752386
0.075075;-0.036484;-0.021035;9.767579
0.076683;0.115986;-0.020859;9.781289
0.078383;0.265594;-0.021106;9.794184
0.075449;-0.337547;-0.017285;9.745330
0.077054;-0.097386;-0.018643;9.756955
0.078167;0.006857;-0.019655;9.771608
0.080509;0.278597;-0.021770;9.791825
0.076953;-0.366587;-0.019142;9.738015
0.079075;-0.060648;-0.021626;9.754467
0.080865;0.126601;-0.023857;9.772653
0.081973;0.218100;-0.025530;9.779316
0.083907;0.358141;-0.027483;9.796643
0.080009;-0.369268;-0.024797;9.730923
0.081602;-0.076514;-0.027324;9.755263
0.083358;0.074583;-0.029117;9.767301
0.084153;0.130338;-0.030233;9.771864
0.085627;0.241661;-0.031517;9.783802
0.080975;-0.527592;-0.027934;9.717938
0.083434;-0.142243;-0.030392;9.742461
0.085926;0.123048;-0.032421;9.762679
0.087574;0.211038;-0.033383;9.767964
0.083043;-0.473409;-0.029643;9.729707
0.084584;-0.277317;-0.031019;9.726644
0.087493;0.072423;-0.033348;9.749006
0.088524;0.164178;-0.034380;9.756274
0.089978;0.257693;-0.035262;9.767291
0.091676;0.320091;-0.035974;9.780502
0.087406;-0.108485;-0.033164;9.746549
0.088734;-0.027765;-0.033858;9.754217
0.091461;0.206838;-0.035426;9.767541
0.085854;-0.424685;-0.031631;9.739412
0.089076;-0.091732;-0.033749;9.747286
0.091402;0.068068;-0.035350;9.756730
0.094689;0.306577;-0.037686;9.769005
0.097081;0.344788;-0.039127;9.777655
0.090014;-0.353541;-0.035705;9.737525
0.094109;-0.071507;-0.039118;9.746071
0.093189;0.017460;-0.041606;9.752470
0.089246;0.146620;-0.044029;9.761020
0.083999;0.278951;-0.046224;9.771076
0.066271;-0.547160;-0.040111;9.734818
0.058243;-0.265458;-0.040973;9.740395
0.048247;-0.148746;-0.039716;9.745716
0.036780;0.047740;-0.037224;9.750443
0.021685;0.018574;-0.031609;9.752213
0.124641;0.172764;-0.028715;9.760808
0.187713;-0.336449;-0.027594;9.754080
0.243178;-0.012700;-0.038142;9.760918
0.272836;0.241801;-0.055122;9.770889
0.278943;0.375069;-0.076980;9.784679
0.213713;-0.115150;-0.089471;9.777423
0.200922;0.060349;-0.117613;9.785595
0.185218;0.175257;-0.147651;9.795339
0.171470;0.251608;-0.179453;9.806387
0.085584;-0.348983;-0.187640;9.792146
0.108554;-0.020126;-0.224784;9.798976
0.133318;0.203944;-0.263009;9.807439
0.140708;0.248948;-0.293818;9.815362
0.063879;-0.357703;-0.292128;9.799156
0.100522;-0.064713;-0.326112;9.805132
0.127324;0.095988;-0.356200;9.814869
0.150755;0.230776;-0.384530;9.825150
0.174382;0.349965;-0.413957;9.838978
0.066572;-0.396090;-0.387320;9.805582
0.101126;-0.104177;-0.412616;9.815114
0.109978;-0.048973;-0.424483;9.821936
0.122524;0.071051;-0.436345;9.831055
0.166155;0.352887;-0.462950;9.850951
0.075013;-0.162340;-0.423232;9.810199
0.109259;0.083969;-0.439077;9.827291
0.139987;0.274787;-0.454166;9.844497
0.157017;0.355215;-0.463585;9.859461
0.041829;-0.416810;-0.404587;9.804993
0.064878;-0.189573;-0.407360;9.815926
0.078126;-0.094640;-0.403417;9.827739
0.108707;0.141424;-0.409131;9.842408
0.119567;0.210832;-0.406966;9.847971
0.128398;0.286372;-0.405339;9.845859
0.066251;-0.047422;-0.357130;9.809991
0.081425;0.054985;-0.354732;9.822155
0.098805;0.200505;-0.354151;9.834952
0.105093;0.231339;-0.349489;9.843026
0.036629;-0.321935;-0.300954;9.798347
0.069530;-0.010505;-0.306974;9.817635
0.087709;0.132396;-0.308387;9.829478
0.094596;0.179449;-0.304381;9.835576
0.039870;-0.327986;-0.264147;9.796767
0.055756;-0.131638;-0.262712;9.800300
0.064067;-0.065100;-0.257450;9.808727
0.078129;0.085263;-0.256324;9.817968
0.095368;0.249123;-0.259743;9.829355
0.102203;0.280771;-0.259401;9.834837
0.043375;-0.363187;-0.218924;9.778859
0.064656;-0.096595;-0.223117;9.794137
0.074988;0.005924;-0.222081;9.798678
0.092065;0.184008;-0.226024;9.808395
0.103258;0.279737;-0.229165;9.815858
0.066045;-0.106803;-0.197622;9.772399
0.087308;0.095623;-0.204852;9.784973
0.099680;0.210933;-0.208662;9.789788
0.108597;0.407144;-0.219533;9.805538
0.044125;-0.078205;-0.188555;9.758545
0.030463;0.064639;-0.191176;9.770384
0.008711;0.195904;-0.190360;9.776173
-0.023524;0.202198;-0.183002;9.779498
-0.079881;-0.511546;-0.144648;9.732585
-0.119513;-0.172234;-0.132939;9.747291
-0.170755;-0.171626;-0.107083;9.748951
0.046659;0.071731;-0.084159;9.760507
0.204415;0.142751;-0.069979;9.763585
0.291836;-0.407573;-0.050369;9.751211
0.356176;-0.086980;-0.059680;9.760498
0.367983;0.082970;-0.076484;9.771268
0.351005;0.251043;-0.102285;9.784231
0.219700;-0.292437;-0.108247;9.778986
0.094178;-0.728689;-0.095958;9.760027
0.105864;-0.159219;-0.143469;9.776172
0.117269;0.270590;-0.193996;9.777884
0.127597;0.540337;-0.244912;9.793281
0.141074;0.668205;-0.296298;9.817199
0.100768;0.358360;-0.320705;9.811124
0.135583;0.432950;-0.369340;9.827000
0.154943;0.389678;-0.408845;9.839441
0.185094;0.409486;-0.451705;9.854094
0.104445;-0.177794;-0.444100;9.805863
0.130775;-0.051770;-0.473828;9.817860
0.149611;0.045739;-0.498365;9.823539
0.169310;0.155807;-0.522023;9.832959
0.047272;-0.483420;-0.478175;9.772220
0.078250;-0.200489;-0.492708;9.789842
0.104991;-0.009887;-0.503406;9.802296
0.137189;0.190446;-0.515311;9.814998
0.153149;0.271446;-0.520244;9.825203
0.040031;-0.389763;-0.457112;9.777963
0.072433;-0.127987;-0.459863;9.793490
0.086000;-0.033225;-0.452830;9.801638
0.117171;0.178050;-0.455756;9.817413
0.131642;0.265817;-0.452632;9.828234
0.057654;-0.098894;-0.392116;9.793780
0.082645;0.078477;-0.390688;9.807898
0.103756;0.246034;-0.389133;9.819020
0.106446;0.259825;-0.380506;9.825365
0.013976;-0.431997;-0.316536;9.784750
0.038928;-0.177068;-0.314814;9.793348
0.070331;0.065874;-0.319006;9.809115
0.091827;0.251995;-0.320326;9.818055
0.017625;-0.394526;-0.265721;9.777698
0.038338;-0.178795;-0.267075;9.771285
0.055887;0.001874;-0.266552;9.783502
0.068989;0.117428;-0.265072;9.794695
0.090722;0.307501;-0.270857;9.811194
0.043003;-0.108597;-0.227340;9.776550
0.063086;0.069868;-0.230266;9.789317
0.073965;0.176660;-0.229273;9.797237
0.095129;0.377254;-0.237056;9.814284
0.044357;-0.258382;-0.201479;9.780268
0.062049;-0.034979;-0.205512;9.790080
0.076127;0.120037;-0.210053;9.802215
0.082946;0.203045;-0.211563;9.811091
0.091484;0.293188;-0.215362;9.822087
0.047981;-0.217733;-0.180878;9.778096
0.058461;-0.107687;-0.180072;9.787504
0.072588;0.040929;-0.181014;9.792233
0.088859;0.091819;-0.181154;9.795224
0.055807;-0.631485;-0.150540;9.757487
0.133112;-0.431328;-0.154765;9.756671
0.217112;-0.011803;-0.176650;9.777433
0.244666;0.094977;-0.193745;9.786117
0.256198;0.221858;-0.218821;9.802302
0.154405;-0.338091;-0.211359;9.798676
0.169209;-0.016136;-0.250533;9.808536
0.159953;0.088795;-0.283492;9.818666
0.151000;0.177278;-0.316849;9.830690
0.160321;0.314381;-0.358505;9.846418
0.050177;-0.312594;-0.349233;9.823864
0.067095;-0.135759;-0.381525;9.824700
0.087383;-0.020745;-0.411654;9.833822
0.122323;0.176158;-0.446973;9.844495
0.151457;0.307291;-0.479887;9.856151
0.046759;-0.308820;-0.450192;9.817305
0.089244;-0.030689;-0.478196;9.828019
0.113106;0.088222;-0.497810;9.837667
0.134558;0.199274;-0.515102;9.848402
0.043582;-0.295923;-0.475055;9.813701
0.083640;-0.001362;-0.491370;9.826381
0.101680;0.109093;-0.496991;9.835551
0.011096;-0.400275;-0.444619;9.804409
0.045817;-0.135570;-0.453702;9.800685
0.084631;0.144656;-0.463083;9.819288
0.099327;0.232951;-0.461133;9.830186
0.111034;0.294563;-0.457754;9.840826
0.027819;-0.299644;-0.398928;9.802164
0.053754;-0.055447;-0.396736;9.810826
0.060776;-0.014624;-0.384059;9.817200
0.075076;0.114383;-0.375424;9.826876
0.091943;0.249469;-0.370526;9.838968
0.026880;-0.284717;-0.313906;9.791844
0.049840;-0.010509;-0.309890;9.805224
0.060842;0.110548;-0.301054;9.815354
0.061104;0.138933;-0.286130;9.817568
0.066204;0.220756;-0.275615;9.825924
0.005996;-0.425420;-0.217848;9.769277
0.021774;-0.148400;-0.209884;9.785577
0.030817;0.020906;-0.200684;9.793144
0.034647;0.150888;-0.189272;9.799241
0.000167;-0.385993;-0.146091;9.762092
0.006775;-0.124424;-0.137100;9.767830
0.008117;0.009721;-0.125965;9.778148
0.007109;0.169143;-0.114320;9.786555
0.000681;0.222747;-0.099518;9.791514
-0.015558;-0.331869;-0.065146;9.762506
-0.023836;-0.099054;-0.050925;9.764183
-0.036332;-0.014441;-0.032886;9.770498
-0.047977;0.109722;-0.012499;9.776471
-0.051407;0.291710;0.009667;9.787270
-0.042569;0.260047;0.034287;9.791259
0.009493;-0.454078;0.060308;9.747627
0.016560;-0.226491;0.082404;9.758406
0.010478;0.039260;0.106534;9.770308
0.004001;0.127594;0.130323;9.775911
-0.012618;0.159058;0.154426;9.782752
0.005310;-0.388304;0.165704;9.740552
0.195213;-0.057130;0.185771;9.748343
0.325069;0.041364;0.186844;9.754829
0.407968;0.178374;0.175149;9.767979
0.410005;-0.333255;0.144645;9.768271
0.398116;-0.071048;0.109266;9.776758
0.362788;0.149475;0.063762;9.789657
0.307181;0.203946;0.012462;9.801360
0.163986;-0.415247;-0.032839;9.803100
0.149536;-0.113432;-0.096206;9.806776
0.136088;0.023645;-0.160288;9.813148
0.154928;0.255565;-0.231485;9.823976
0.056235;-0.298558;-0.271126;9.825086
0.090243;-0.082588;-0.335798;9.825459
0.114760;0.008802;-0.395470;9.832353
0.142164;0.107531;-0.454135;9.841362
0.197570;0.303692;-0.523431;9.852839
0.113961;-0.032643;-0.540282;9.843057
0.142033;0.060419;-0.590702;9.851137
0.161333;0.134136;-0.636611;9.861279
0.180842;0.189161;-0.682519;9.871018
0.040650;-0.332022;-0.663498;9.859102
0.072584;-0.155129;-0.701116;9.859540
0.084366;-0.094240;-0.725418;9.864691
0.136655;0.110320;-0.766282;9.873005
0.169685;0.228224;-0.800306;9.882691
0.051012;-0.078001;-0.751208;9.860805
0.091169;0.066273;-0.775227;9.869815
0.118229;0.164619;-0.792630;9.877705
0.143579;0.236257;-0.810421;9.886821
0.150111;0.230961;-0.819130;9.893114
0.027963;-0.120389;-0.744530;9.859478
0.040396;-0.071430;-0.738432;9.863002
0.086350;0.113295;-0.748785;9.872363
0.097625;0.151446;-0.742249;9.875146
-0.019713;-0.301807;-0.660917;9.844335
0.023360;-0.068937;-0.662544;9.848717
0.048199;0.028686;-0.653477;9.855114
0.077649;0.162587;-0.647593;9.862358
0.077117;0.148332;-0.627032;9.862162
-0.034334;-0.353769;-0.534789;9.816409
0.007030;-0.099090;-0.529126;9.824452
0.036754;0.044213;-0.518881;9.833849
0.068965;0.210145;-0.512160;9.841705
0.073473;0.215983;-0.493547;9.843435
-0.032074;-0.413886;-0.401719;9.797131
-0.001067;-0.190126;-0.392289;9.804434
0.021677;-0.054690;-0.379104;9.812970
0.037005;0.060792;-0.364687;9.814819
0.053852;0.178408;-0.354632;9.821912
-0.017180;-0.355883;-0.285259;9.788623
0.014295;-0.066728;-0.282673;9.795825
0.027256;0.030564;-0.273030;9.798666
0.042732;0.173114;-0.267869;9.804793
0.048145;0.216430;-0.259778;9.808648
-0.012155;-0.400680;-0.205431;9.773716
0.009994;-0.140273;-0.204701;9.779481
0.021083;-0.023436;-0.199569;9.784486
0.032770;0.120590;-0.195447;9.788437
0.043210;0.245831;-0.192597;9.793615
0.003664;-0.323320;-0.154092;9.766880
-0.025032;-0.658625;-0.119523;9.744404
0.005679;-0.195421;-0.124448;9.758857
0.026205;0.178425;-0.127895;9.756891
0.040280;0.465408;-0.130782;9.764612
0.029241;0.295367;-0.111695;9.761447
0.033644;0.394188;-0.111146;9.771413
0.036409;0.470892;-0.110104;9.784326
0.034618;0.411437;-0.105029;9.791880
0.019228;-0.204989;-0.084163;9.767979
0.018414;-0.128828;-0.077339;9.761928
0.018096;-0.101758;-0.068578;9.763537
0.019138;-0.020541;-0.058737;9.764772
0.020641;0.100674;-0.048371;9.768934
0.020082;0.238419;-0.037196;9.776240
0.024267;-0.215755;-0.016992;9.746264
0.023096;-0.069048;-0.004407;9.755038
0.017063;0.124895;0.009133;9.765362
0.013597;0.147076;0.024190;9.770452
0.026165;-0.338451;0.041249;9.747060
0.018668;-0.193134;0.056248;9.751156
0.009657;-0.084784;0.072201;9.764390
0.126491;0.075622;0.083414;9.771424
0.205352;0.261255;0.084344;9.780556
0.252246;-0.046515;0.072616;9.772843
0.264709;0.089425;0.054408;9.781217
0.259275;0.243846;0.028311;9.791742
0.242902;0.403483;-0.005554;9.805239
0.156465;-0.165076;-0.035467;9.795045
0.140246;0.031946;-0.076055;9.798503
0.121361;0.095244;-0.116335;9.804771
0.109233;0.143820;-0.157106;9.810976
0.044027;-0.371433;-0.182300;9.791706
0.062556;-0.130438;-0.223021;9.796908
0.072978;-0.044072;-0.258024;9.801492
0.088121;0.074354;-0.290942;9.807379
0.116077;0.259968;-0.327620;9.818012
0.054195;-0.239644;-0.328133;9.790998
0.083221;0.023488;-0.355619;9.800768
0.111186;0.216533;-0.381836;9.811310
0.127877;0.318008;-0.402240;9.821625
0.043282;-0.335863;-0.376037;9.797395
0.065013;-0.102190;-0.388461;9.801868
0.088683;0.080095;-0.399257;9.813185
0.099513;0.177685;-0.402915;9.818106
0.029765;-0.348672;-0.362811;9.794837
0.052032;-0.073706;-0.363891;9.800651
0.065269;0.043497;-0.358487;9.807189
0.077509;0.167786;-0.352321;9.814984
0.084732;0.233039;-0.344250;9.822771
0.090891;0.278608;-0.335800;9.831667
0.041145;-0.094289;-0.288202;9.800487
0.052596;0.033030;-0.279290;9.808172
0.063040;0.169755;-0.269941;9.815767
0.065818;0.209771;-0.257812;9.820539
0.021714;-0.293800;-0.212601;9.789106
0.034810;-0.049860;-0.204062;9.796829
0.043039;0.089347;-0.194638;9.803437
0.049956;0.237720;-0.186076;9.811888
0.047442;0.217497;-0.172236;9.814442
0.044965;0.206528;-0.159467;9.817470
0.021922;-0.124642;-0.125173;9.787383
0.027190;0.055994;-0.116822;9.796036
0.027313;0.131353;-0.104948;9.797795
0.024570;0.150586;-0.091640;9.800849
0.012470;-0.327405;-0.063029;9.772953
0.017136;-0.082881;-0.052576;9.780832
0.022833;0.027060;-0.040996;9.785169
0.030889;0.159996;-0.030289;9.792676
0.039829;0.296177;-0.020412;9.801687
0.049434;-0.049766;-0.001933;9.778566
0.056695;0.067601;0.005917;9.785429
0.061478;0.200134;0.012505;9.792675
0.064546;0.216074;0.018412;9.798125
0.066488;0.215330;0.022912;9.801895
0.069717;-0.357652;0.029685;9.772695
0.070817;-0.166272;0.030118;9.777064
0.212728;0.015843;0.022575;9.783050
0.294817;0.071476;0.002496;9.784990
0.344303;0.130333;-0.029355;9.792021
0.293903;-0.272757;-0.062699;9.781703
0.294349;-0.028661;-0.115175;9.788403
0.271631;0.110146;-0.172493;9.797862
0.253431;0.270361;-0.238289;9.809845
0.098226;-0.307572;-0.271187;9.794437
0.106047;-0.059371;-0.339100;9.799762
0.100910;0.025118;-0.399128;9.809084
0.110385;0.133240;-0.457899;9.817991
0.123562;0.201400;-0.513083;9.828371
0.035792;-0.236778;-0.527035;9.810885
0.067548;-0.070451;-0.572172;9.813291
0.098082;0.032998;-0.610642;9.824729
0.128259;0.149551;-0.644353;9.834438
0.158428;0.252375;-0.675437;9.846618
0.162140;0.226535;-0.690984;9.852879
0.043502;-0.258349;-0.640060;9.807666
0.097736;0.020877;-0.659337;9.831282
0.121806;0.139594;-0.662960;9.837292
0.129420;0.183576;-0.655641;9.841504
0.144914;0.251095;-0.650062;9.852614
0.015499;-0.397163;-0.561742;9.792961
0.050210;-0.136679;-0.551261;9.812637
0.079315;0.029020;-0.537242;9.825341
0.097580;0.140259;-0.517581;9.831995
0.000989;-0.440359;-0.429234;9.782985
0.035613;-0.147579;-0.414128;9.796696
0.065016;0.041278;-0.399870;9.812753
0.080573;0.162894;-0.380219;9.819449
0.103664;0.325170;-0.371325;9.835873
0.027382;-0.190930;-0.295511;9.773964
0.056838;0.088140;-0.289971;9.795360
0.070652;0.208069;-0.280219;9.808238
0.077268;0.259526;-0.268833;9.817842
0.086861;0.328681;-0.263052;9.832162
0.013407;-0.470211;-0.202494;9.766964
0.039720;-0.151586;-0.203726;9.787741
0.052349;-0.029538;-0.199750;9.800117
0.061682;0.090482;-0.194914;9.805341
0.016051;-0.462560;-0.152217;9.748607
0.050072;0.047425;-0.162741;9.780891
0.059442;0.194586;-0.162990;9.788330
0.062715;0.257882;-0.160058;9.796827
0.062415;0.261389;-0.156374;9.805289
0.018013;-0.556110;-0.119434;9.749740
0.028250;-0.277798;-0.119526;9.766505
0.038088;-0.027461;-0.120075;9.783446
0.042815;0.168311;-0.118307;9.790784
0.044040;0.290269;-0.115182;9.801895
0.024148;-0.216665;-0.089939;9.754001
0.023671;-0.037375;-0.085281;9.759163
0.022288;0.129761;-0.079918;9.778457
0.017195;0.193953;-0.070640;9.789942
0.010264;-0.379977;-0.047920;9.762630
0.011293;-0.045198;-0.038451;9.780019
0.014714;0.102835;-0.026386;9.789967
0.018863;0.239114;-0.012872;9.803411
0.019451;0.386912;0.001897;9.819415
0.040000;-0.398000;0.020936;9.775360
0.026527;-0.156712;0.035685;9.784755
0.007846;-0.154237;0.051471;9.787371
-0.029645;-0.202031;0.069792;9.786596
0.097473;-0.587425;0.082503;9.763941
0.166192;-0.256804;0.092470;9.773876
0.206194;0.076028;0.097003;9.783271
0.223355;0.360610;0.095292;9.791876
0.218962;0.420916;0.087864;9.804031
0.197562;0.412732;0.076278;9.814341
0.155834;-0.203811;0.059968;9.790400
0.133172;0.040389;0.041553;9.794584
0.112549;0.095071;0.021768;9.796948
0.102203;0.303731;-0.001019;9.807192
0.073285;-0.378445;-0.018823;9.768273
0.079039;-0.063959;-0.042371;9.773938
0.086005;0.097088;-0.064873;9.781257
0.099453;0.334777;-0.087558;9.792091
0.106355;0.355572;-0.106904;9.798186
0.112603;0.327767;-0.124475;9.802987
0.096204;-0.069823;-0.133388;9.764524
0.105824;0.081487;-0.148436;9.774846
0.112128;0.204238;-0.161184;9.781107
0.113765;0.220610;-0.170488;9.785824
0.080727;-0.371951;-0.164044;9.745071
0.087760;-0.113637;-0.170888;9.757681
0.095313;0.059933;-0.175692;9.767044
0.105185;0.272134;-0.181066;9.779789
0.077691;-0.245584;-0.167525;9.753119
0.087498;0.015977;-0.170064;9.758017
0.092531;0.106892;-0.169351;9.770821
0.050671;-0.564835;-0.143600;9.726786
0.071636;-0.076002;-0.146331;9.753215
0.063701;-0.113578;-0.132928;9.742916
0.081203;0.286032;-0.134507;9.752516
0.093583;0.574709;-0.136491;9.770050
0.101364;0.708448;-0.137484;9.794434
0.078187;0.067714;-0.121631;9.786878
0.082046;0.162676;-0.120806;9.783715
0.086582;0.248118;-0.121059;9.803495
0.088850;0.325843;-0.120440;9.816971
0.087993;0.303985;-0.117845;9.822738
0.058672;-0.572978;-0.095038;9.733585
0.065631;-0.275628;-0.094293;9.754288
0.071701;-0.066541;-0.093021;9.772024
0.073459;0.034818;-0.089202;9.769157
0.056050;-0.637263;-0.069714;9.710572
0.060151;-0.427379;-0.066880;9.710068
0.065802;-0.114513;-0.065589;9.728446
0.069450;0.069013;-0.062996;9.739154
0.071363;0.255740;-0.060797;9.753781
0.072050;0.408933;-0.058786;9.769589
0.062069;-0.236984;-0.045605;9.741436
0.061074;-0.026488;-0.042716;9.750179
0.058583;0.087288;-0.038698;9.760909
0.055426;0.213495;-0.034317;9.771405
0.051326;0.310829;-0.029072;9.781363
0.049580;-0.248064;-0.017693;9.733395
0.045339;-0.046051;-0.011896;9.747760
0.038342;0.196584;-0.004980;9.759943
0.032053;0.247773;0.003786;9.767930
0.044781;-0.507403;0.014164;9.734879
0.029975;-0.132637;0.024711;9.748293
0.038806;-0.041754;0.035494;9.752289
0.062521;0.071701;0.045980;9.759028
0.095392;0.202317;0.055125;9.767026
0.155458;-0.547351;0.056269;9.741098
0.202914;-0.263022;0.056104;9.746197
0.258994;-0.168736;0.049506;9.749141
0.327270;-0.135521;0.034158;9.751454
0.431734;-0.273194;0.009087;9.751380
0.470385;-1.564153;-0.001976;9.743888
0.151085;-0.909561;-0.059337;9.777367
-0.100457;-0.287047;-0.106161;9.767880
-0.286399;0.143643;-0.133577;9.770673
-0.385223;0.467946;-0.145203;9.790155
-0.357596;0.131507;-0.134343;9.866099
-0.309264;0.375224;-0.115684;9.853145
-0.223979;0.393933;-0.083744;9.863171
-0.152697;0.473843;-0.038102;9.869776
-0.080233;0.378026;0.013941;9.878928
0.058351;-0.249950;0.061242;9.882717
0.050667;-0.085760;0.125954;9.867507
0.021606;0.068733;0.198711;9.857758
-0.001616;0.132434;0.269060;9.854712
-0.015393;0.133594;0.339390;9.855355
0.069015;-0.288759;0.386591;9.847240
0.012580;-0.034379;0.462194;9.843081
0.001966;0.013956;0.524263;9.844603
-0.019955;0.123807;0.588182;9.850347
-0.040404;0.213675;0.651862;9.856547
0.092969;-0.255365;0.654415;9.851699
0.047493;-0.031968;0.706247;9.848689
0.012556;0.102261;0.750930;9.853348
0.002012;0.157730;0.779347;9.858476
-0.012193;0.216603;0.804745;9.866149
0.120110;-0.264451;0.753541;9.849832
0.094985;-0.162562;0.761363;9.838472
0.041609;0.061081;0.775654;9.847722
0.034015;0.103831;0.765661;9.851260
0.020120;0.183676;0.755526;9.858552
0.002876;0.262399;0.745346;9.868456
0.103195;-0.144698;0.655227;9.835917
0.074593;0.011980;0.635121;9.846920
0.050669;0.148497;0.612844;9.855341
0.045696;0.180667;0.581144;9.858378
0.137551;-0.318483;0.482049;9.821640
0.104008;-0.099383;0.455414;9.829287
0.093242;-0.039237;0.419955;9.832930
0.063565;0.176550;0.398460;9.845075
0.062206;0.185310;0.364550;9.845893
0.133162;-0.356235;0.279602;9.806331
0.095681;-0.030920;0.266904;9.821228
0.077287;0.111902;0.250016;9.830731
0.066939;0.217931;0.233554;9.837146
0.113238;-0.239883;0.170590;9.786310
0.097999;-0.072288;0.157816;9.789057
0.087967;0.048587;0.146357;9.802784
0.085166;0.108664;0.133691;9.808221
0.085217;0.142891;0.123373;9.814352
0.124244;-0.412854;0.085607;9.778515
0.109965;-0.161322;0.082698;9.789423
0.099995;0.008116;0.080764;9.798844
0.090866;0.202832;0.080955;9.807762
0.087840;0.276459;0.080132;9.814960
0.113797;-0.336691;0.058212;9.778838
0.107839;-0.143220;0.057957;9.785854
0.100341;0.072182;0.059712;9.800111
0.098810;0.142286;0.057246;9.801632
0.099547;0.159584;0.053697;9.805773
0.109682;-0.307195;0.039555;9.776259
0.106980;-0.081373;0.035961;9.785383
0.106943;0.032983;0.030721;9.790632
0.106974;0.190675;0.025382;9.798653
0.108158;-0.273163;0.011407;9.772011
0.109761;-0.048233;0.002987;9.778633
0.111820;0.088668;-0.006575;9.785605
0.116206;0.218532;-0.016962;9.792906
0.121144;0.319338;-0.029134;9.801710
0.097213;-0.328497;-0.040839;9.770381
0.083711;-0.150125;-0.052561;9.772043
0.067850;0.052018;-0.063281;9.782697
0.049915;0.164643;-0.071143;9.785593
0.032093;0.220689;-0.075831;9.790713
0.012569;-0.388165;-0.073425;9.759473
0.000817;-0.288171;-0.070986;9.749314
-0.013190;-0.041868;-0.064566;9.760393
-0.025744;0.024997;-0.052871;9.765004
-0.039715;0.113292;-0.035694;9.771641
-0.058852;0.137985;-0.012259;9.776711
-0.059319;-0.311703;0.013828;9.757771
-0.094631;-0.014585;0.051848;9.770583
-0.115786;0.237539;0.099532;9.782601
-0.109517;0.323730;0.148447;9.792853
-0.013837;-0.162298;0.183063;9.765767
-0.011871;0.041316;0.234087;9.777547
-0.005338;0.141252;0.282840;9.790744
-0.002308;0.220135;0.329978;9.802438
-0.000905;0.260585;0.373781;9.814267
-0.014825;0.347598;0.419120;9.830833
0.083711;-0.291013;0.416757;9.783187
0.053331;-0.068074;0.446976;9.800177
0.031767;0.077104;0.471152;9.812984
0.024700;0.134445;0.484769;9.816482
0.015323;0.202967;0.495748;9.825604
0.108047;-0.351077;0.452042;9.765580
0.043385;0.124524;0.470693;9.799793
0.040353;0.148687;0.462302;9.802141
0.035555;0.201227;0.452118;9.810407
0.026661;0.267611;0.442889;9.823801
0.130391;-0.502762;0.371731;9.759261
0.107950;-0.248690;0.356473;9.775392
0.096180;-0.119365;0.335981;9.787427
0.075268;0.112015;0.320664;9.798652
0.066567;0.228890;0.303293;9.806607
0.066771;0.250805;0.283706;9.812375
0.120509;-0.244573;0.223619;9.757805
0.094829;0.046069;0.214238;9.778695
0.089165;0.120915;0.198022;9.785902
0.079611;0.250982;0.187788;9.799725
0.077098;0.307497;0.177883;9.811627
0.138518;-0.526653;0.128700;9.752919
0.117731;-0.189731;0.124866;9.771451
0.110396;-0.077840;0.116815;9.780445
0.097684;0.174910;0.114894;9.792725
0.136070;-0.489571;0.081106;9.751379
0.121299;-0.149769;0.078966;9.764671
0.109133;0.122765;0.080006;9.779798
0.102004;0.306637;0.079972;9.790113
0.103626;0.332586;0.077988;9.799944
0.133841;-0.440167;0.056446;9.761007
0.129975;-0.134279;0.056890;9.773230
0.139246;0.019025;0.054855;9.783857
0.155278;0.123636;0.049421;9.789458
0.179590;0.173804;0.041144;9.795268
0.202168;-0.432472;0.020860;9.759859
0.237153;-0.145926;0.005065;9.771357
0.288367;-0.043774;-0.017038;9.776379
0.289782;-0.402256;-0.035417;9.761147
0.299212;-0.840142;-0.063477;9.746831
0.016366;-0.181970;-0.103734;9.756026
-0.196917;0.225164;-0.122582;9.750053
-0.330982;0.464058;-0.121281;9.769132
-0.379314;0.566481;-0.102284;9.795474
-0.289560;0.012647;-0.072558;9.818553
-0.261534;0.309960;-0.023653;9.816537
-0.187016;0.261680;0.030588;9.829892
-0.116461;0.193885;0.090604;9.838866
-0.064733;0.135432;0.155673;9.843902
0.078983;-0.435181;0.200869;9.816795
0.045515;-0.177890;0.274844;9.826235
0.036477;-0.120074;0.342281;9.829995
-0.003439;0.039089;0.419371;9.839300
0.100406;-0.378728;0.455219;9.831538
0.058882;-0.189354;0.522834;9.837087
0.024913;-0.063647;0.587308;9.846611
-0.008771;0.074281;0.651941;9.857772
-0.056804;0.230713;0.722949;9.870646
0.110179;-0.303170;0.712595;9.863501
0.050243;-0.073453;0.770458;9.866810
0.009752;0.052150;0.820369;9.875488
0.000001;0.101543;0.853342;9.882761
-0.014028;0.155586;0.885539;9.891538
-0.009324;0.142415;0.905726;9.897311
0.146760;-0.309556;0.843737;9.871247
0.101827;-0.113681;0.855967;9.875393
0.069108;0.023230;0.862420;9.879841
0.033211;0.171224;0.869655;9.886303
0.146166;-0.191659;0.793788;9.867204
0.084232;0.046663;0.798092;9.867559
0.070306;0.080397;0.780101;9.870026
0.054393;0.147097;0.761042;9.873936
0.034430;0.213932;0.746234;9.879112
0.039196;0.183488;0.718385;9.878779
0.167453;-0.354845;0.606489;9.833873
0.122821;-0.126078;0.585886;9.843310
0.081787;0.082149;0.570250;9.850696
0.074689;0.134473;0.537559;9.848399
0.065864;0.193629;0.509484;9.851677
0.152662;-0.282051;0.414659;9.814655
0.121018;-0.072597;0.393297;9.821028
0.107866;0.015328;0.365702;9.824405
0.082191;0.202568;0.351469;9.833680
0.084468;0.194308;0.325362;9.833724
0.157170;-0.382285;0.250319;9.795402
0.128096;-0.113410;0.241985;9.804618
0.116872;-0.012935;0.225428;9.810095
0.111814;0.056998;0.206576;9.811106
0.110311;0.105354;0.189432;9.814373
0.155629;-0.424568;0.135738;9.783893
0.136044;-0.126966;0.129073;9.793691
0.131131;-0.022991;0.116217;9.796403
0.125260;0.133490;0.106270;9.801947
