-0.262860;0.089316;0.627847;10.024654;0
-0.255428;0.091814;0.627847;10.024654;0
-0.248415;0.082940;0.633690;10.024654;0
-0.240070;0.067265;0.633690;10.024654;0
-0.234614;0.061947;0.639025;10.024654;0
-0.229967;0.059149;0.639025;10.024654;0
-0.225921;0.049608;0.643847;10.024654;0
-0.222629;0.046522;0.643847;10.024654;0
-0.220098;0.053953;0.648174;10.024654;0
-0.217881;0.076571;0.648174;10.024654;0
-0.216997;0.093062;0.648174;10.024654;0
-0.216620;0.096215;0.652043;10.024654;0
-0.216813;0.096637;0.652043;10.024654;0
-0.217958;0.100239;0.655516;10.024654;0
-0.219470;0.105708;0.655516;10.024654;0
-0.221300;0.098722;0.658678;10.024654;0
-0.223605;0.088899;0.658678;10.024654;0
-0.226339;0.083502;0.661636;10.024654;0
-0.230632;0.085598;0.661636;10.024654;0
-0.234190;0.082034;0.664519;10.024654;0
-0.237904;0.073754;0.664519;10.024654;0
-0.242092;0.069084;0.667474;10.024654;0
-0.246525;0.071221;0.667474;10.024654;0
-0.251282;0.076501;0.670663;10.024654;0
-0.257729;0.069842;0.670663;10.024654;0
-0.262784;0.068247;0.670663;10.024654;0
-0.268144;0.072616;0.674261;10.024654;0
-0.273580;0.081905;0.674261;10.024654;0
-0.280831;0.084809;0.678445;10.024654;0
-0.286589;0.078463;0.678445;10.024654;0
-0.292287;0.075188;0.683392;10.024654;0
-0.298218;0.080021;0.683392;10.024654;0
-0.304049;0.080540;0.689269;10.024654;0
-0.309822;0.073464;0.689269;10.024654;0
-0.317783;0.067843;0.696223;10.024654;0
-0.323928;0.071087;0.696223;10.024654;0
-0.329894;0.080332;0.704372;10.024654;0
-0.336153;0.080334;0.704372;10.024654;0
-0.344425;0.071507;0.704372;10.024654;0
-0.350965;0.067989;0.713801;10.024654;0
-0.357504;0.072267;0.713801;10.024654;0
-0.364231;0.078813;0.724547;10.024654;0
-0.371203;0.073023;0.724547;10.024654;0
-0.381173;0.067572;0.736599;10.024654;0
-0.389493;0.072982;0.736599;10.024654;0
-0.399134;0.080071;0.736599;10.024654;0
-0.410654;0.075318;0.749890;10.024654;0
-0.424755;0.068569;0.749890;10.024654;0
-0.449713;0.067870;0.764294;10.024654;0
-1.000000;0.119368;0.764294;10.024654;0
-1.000000;0.119605;0.764294;10.024654;0
-1.000000;0.110518;0.779629;10.024654;0
-1.000000;0.102702;0.779629;10.024654;0
-0.997543;0.102816;0.795675;10.024654;0
-0.987567;0.107038;0.795675;10.024654;0
-0.977364;0.106835;0.795675;10.024654;0
-0.967204;0.107380;0.812197;10.024654;0
-0.957188;0.113052;0.812197;10.024654;0
-0.944021;0.127646;0.812197;10.024654;0
-0.933298;0.133199;0.828962;10.024654;0
-0.922792;0.132376;0.828962;10.024654;0
-0.912159;0.132869;0.828962;10.024654;0
-0.901164;0.136816;0.845741;10.024654;0
-0.885577;0.140361;0.845741;10.024654;0
-0.873420;0.134635;0.845741;10.024654;0
-0.860772;0.130672;0.862316;10.024654;0
-0.847853;0.130757;0.862316;10.024654;0
-0.834828;0.134707;0.862316;10.024654;0
-0.816886;0.140908;0.878487;10.024654;0
-0.802595;0.137791;0.878487;10.024654;0
-0.787970;0.136071;0.878487;10.024654;0
-0.772775;0.137830;0.894071;10.024654;0
-0.757237;0.142532;0.894071;10.024654;0
-0.736057;0.142647;0.894071;10.024654;0
-0.719819;0.135287;0.894071;10.024654;0
-0.703776;0.128797;0.908905;10.024654;0
-0.687421;0.126376;0.908905;10.024654;0
-0.666067;0.131877;0.908905;10.024654;0
-0.649522;0.135877;0.922852;10.024654;0
-0.632808;0.129327;0.922852;10.024654;0
-0.615910;0.122598;0.922852;10.024654;0
-0.599509;0.123460;0.922852;10.024654;0
-0.577779;0.134768;0.935794;10.024654;0
-0.561312;0.143104;0.935794;10.024654;0
-0.545125;0.141280;0.935794;10.024654;0
-0.528863;0.137330;0.947638;10.024654;0
-0.513722;0.134629;0.947638;10.024654;0
-0.493700;0.136675;0.947638;10.024654;0
-0.478860;0.138357;0.947638;10.024654;0
-0.463935;0.129184;0.958313;10.024654;0
-0.446098;0.119512;0.958313;10.024654;0
-0.431594;0.120115;0.958313;10.024654;0
-0.418140;0.123696;0.967770;10.024654;0
-0.404939;0.118098;0.967770;10.024654;0
-0.387558;0.110986;0.967770;10.024654;0
-0.374822;0.113688;0.967770;10.024654;0
-0.362585;0.120998;0.975981;10.024654;0
-0.350739;0.127964;0.975981;10.024654;0
-0.338875;0.125438;0.975981;10.024654;0
-0.323497;0.121153;0.975981;10.024654;0
-0.312410;0.120877;0.982938;10.024654;0
-0.301812;0.123298;0.982938;10.024654;0
-0.288466;0.123541;0.982938;10.024654;0
-0.278041;0.111276;0.988652;10.024654;0
-0.267974;0.099929;0.988652;10.024654;0
-0.258244;0.096342;0.988652;10.024654;0
-0.248935;0.098841;0.988652;10.024654;0
-0.239138;0.098443;0.993149;10.024654;0
-0.227926;0.095090;0.993149;10.024654;0
-0.219538;0.096387;0.993149;10.024654;0
-0.211227;0.102763;0.996471;10.024654;0
-0.202938;0.110463;0.996471;10.024654;0
-0.195078;0.091738;0.996471;10.024654;0
-0.184893;0.048751;0.996471;10.024654;0
-0.177818;0.030523;0.998675;10.024654;0
-0.170756;0.032309;0.998675;10.024654;0
-0.164010;0.047724;0.998675;10.024654;0
-0.155159;0.063035;0.998675;10.024654;0
-0.148873;0.078272;0.998675;10.024654;0
-0.142642;0.098170;0.998675;10.024654;0
-0.136535;0.119647;0.998675;10.024654;0
-0.130595;0.139002;0.998675;10.024654;0
-0.122801;0.142998;0.999826;10.024654;0
-0.116812;0.140505;0.999826;10.024654;0
-0.111244;0.139158;0.999826;10.024654;0
-0.105777;0.143003;1.000000;10.024654;0
-0.100276;0.145843;1.000000;10.024654;0
-0.093153;0.130059;1.000000;10.024654;0
-0.087873;0.117033;1.000000;10.024654;0
-0.082958;0.111054;0.999278;10.024654;0
-0.078200;0.107419;0.999278;10.024654;0
-0.073455;0.093876;0.999278;10.024654;0
-0.067571;0.081359;0.999278;10.024654;0
-0.063469;0.083537;0.997747;10.024654;0
-0.059678;0.093268;0.997747;10.024654;0
-0.056070;0.098399;0.997747;10.024654;0
-0.051846;0.095696;0.992609;10.024654;0
-0.049362;0.098204;0.992609;10.024654;0
-0.047573;0.106313;0.992609;10.024654;0
-0.046662;0.115933;0.992609;10.024654;0
0.040103;0.087535;0.989178;10.024654;0
0.044365;0.083737;0.989178;10.024654;0
0.048110;0.084995;0.989178;10.024654;0
0.051257;0.089516;0.985271;10.024654;0
0.053754;0.085798;0.985271;10.024654;0
0.056253;0.083847;0.985271;10.024654;0
0.057453;0.091439;0.985271;10.024654;0
0.058084;0.106322;0.980931;10.024654;0
0.058237;0.120062;0.980931;10.024654;0
0.057963;0.119255;0.980931;10.024654;0
0.056994;0.115161;0.976177;10.024654;0
0.055860;0.116800;0.976177;10.024654;0
0.054465;0.125109;0.976177;10.024654;0
0.052939;0.137660;0.976177;10.024654;0
0.051304;0.139753;0.971009;10.024654;0
0.049079;0.139273;0.971009;10.024654;0
0.047334;0.141853;0.971009;10.024654;0
0.045645;0.151615;0.965413;10.024654;0
0.044009;0.162233;0.965413;10.024654;0
0.042555;0.156825;0.965413;10.024654;0
0.040754;0.148082;0.959372;10.024654;0
0.039528;0.148961;0.959372;10.024654;0
0.038421;0.157934;0.959372;10.024654;0
0.037431;0.161280;0.952867;10.024654;0
0.036583;0.155941;0.952867;10.024654;0
0.035650;0.151605;0.952867;10.024654;0
0.035037;0.157670;0.945888;10.024654;0
0.034551;0.165977;0.945888;10.024654;0
0.034177;0.161151;0.945888;10.024654;0
0.033874;0.152928;0.938431;10.024654;0
0.033558;0.152387;0.938431;10.024654;0
0.033401;0.155532;0.938431;10.024654;0
0.033319;0.146574;0.930512;10.024654;0
0.033271;0.139240;0.930512;10.024654;0
0.033197;0.143382;0.930512;10.024654;0
0.033139;0.155985;0.922162;10.024654;0
0.033136;0.156388;0.922162;10.024654;0
0.033150;0.147931;0.913438;10.024654;0
0.033140;0.141245;0.913438;10.024654;0
0.033077;0.139689;0.913438;10.024654;0
0.033021;0.143809;0.904417;10.024654;0
0.032994;0.145797;0.904417;10.024654;0
0.033000;0.133149;0.904417;10.024654;0
0.033011;0.122989;0.895204;10.024654;0
0.032959;0.123727;0.895204;10.024654;0
0.032934;0.125985;0.885928;10.024654;0
0.033019;0.116905;0.885928;10.024654;0
0.033123;0.104995;0.885928;10.024654;0
0.033213;0.101591;0.885928;10.024654;0
0.033285;0.109582;0.876744;10.024654;0
0.033350;0.115251;0.876744;10.024654;0
0.033485;0.105775;0.867827;10.024654;0
0.033649;0.095099;0.867827;10.024654;0
0.033825;0.091202;0.867827;10.024654;0
0.034135;0.091282;0.859369;10.024654;0
0.034494;0.078710;0.859369;10.024654;0
0.034913;0.068941;0.851575;10.024654;0
0.035363;0.069898;0.851575;10.024654;0
0.035886;0.080939;0.844652;10.024654;0
0.036781;0.093484;0.844652;10.024654;0
0.037637;0.087657;0.838798;10.024654;0
0.038613;0.081878;0.838798;10.024654;0
0.039698;0.080356;0.834197;10.024654;0
0.040933;0.086411;0.834197;10.024654;0
0.043086;0.091752;0.830997;10.024654;0
0.045370;0.075162;0.830997;10.024654;0
0.048399;0.055019;0.829305;10.024654;0
0.515530;0.058297;0.829305;10.024654;0
0.521376;0.053612;0.829168;10.024654;0
0.529648;0.053960;0.829168;10.024654;0
0.535938;0.048374;0.830567;10.024654;0
0.542501;0.041009;0.830567;10.024654;0
0.549041;0.043990;0.833414;10.024654;0
0.555596;0.059876;0.833414;10.024654;0
0.561832;0.069955;0.837576;10.024654;0
0.569380;0.075716;0.837576;10.024654;0
0.574501;0.083682;0.842878;10.024654;0
0.578731;0.095769;0.842878;10.024654;0
0.582372;0.103731;0.849114;10.024654;0
0.585663;0.098662;0.849114;10.024654;0
0.587221;0.099712;0.856056;10.024654;0
0.587767;0.109143;0.856056;10.024654;0
0.587189;0.118359;0.856056;10.024654;0
0.584551;0.114270;0.863464;10.024654;0
0.581322;0.113224;0.863464;10.024654;0
0.577028;0.120393;0.871093;10.024654;0
0.571618;0.135605;0.871093;10.024654;0
0.564890;0.151684;0.878701;10.024654;0
0.554222;0.149543;0.878701;10.024654;0
0.545068;0.144274;0.886055;10.024654;0
0.535122;0.141512;0.886055;10.024654;0
0.524483;0.147774;0.892937;10.024654;0
0.512863;0.147380;0.892937;10.024654;0
0.496717;0.145671;0.899145;10.024654;0
0.484110;0.152580;0.899145;10.024654;0
0.471037;0.167710;0.899145;10.024654;0
0.457187;0.180559;0.904501;10.024654;0
0.443358;0.175578;0.904501;10.024654;0
0.424349;0.160777;0.908849;10.024654;0
0.410223;0.155769;0.908849;10.024654;0
0.396419;0.158347;0.908849;10.024654;0
0.382190;0.163291;0.912057;10.024654;0
0.368096;0.155423;0.912057;10.024654;0
0.350260;0.147076;0.914019;10.024654;0
0.336852;0.148555;0.914019;10.024654;0
0.323707;0.156817;0.914019;10.024654;0
0.311054;0.159376;0.914657;10.024654;0
0.295141;0.151914;0.914657;10.024654;0
0.282973;0.151212;0.913918;10.024654;0
0.271372;0.156722;0.913918;10.024654;0
0.260319;0.162080;0.913918;10.024654;0
0.249696;0.154304;0.911777;10.024654;0
0.239383;0.143737;0.911777;10.024654;0
0.226558;0.134602;0.908235;10.024654;0
0.217321;0.138677;0.908235;10.024654;0
0.208453;0.151235;0.908235;10.024654;0
0.200010;0.153107;0.903322;10.024654;0
0.192497;0.143793;0.903322;10.024654;0
0.182937;0.130791;0.897094;10.024654;0
0.176229;0.128873;0.897094;10.024654;0
0.169862;0.129055;0.897094;10.024654;0
0.164193;0.117217;0.889636;10.024654;0
0.159094;0.107426;0.889636;10.024654;0
0.152977;0.107702;0.881061;10.024654;0
0.149192;0.111714;0.881061;10.024654;0
0.146141;0.104025;0.881061;10.024654;0
0.143849;0.095120;0.871511;10.024654;0
0.142602;0.093162;0.871511;10.024654;0
0.143195;0.101856;0.861155;10.024654;0
0.146241;0.095292;0.861155;10.024654;0
0.556482;0.103830;0.850192;10.024654;0
0.555304;0.083756;0.850192;10.024654;0
0.554816;0.066517;0.850192;10.024654;0
0.555455;0.059500;0.838841;10.024654;0
0.556817;0.062200;0.838841;10.024654;0
0.558933;0.058718;0.827310;10.024654;0
0.561688;0.060935;0.827310;10.024654;0
0.565806;0.078066;0.827310;10.024654;0
0.568928;0.090471;0.815799;10.024654;0
0.571886;0.071128;0.815799;10.024654;0
0.575071;0.043746;0.804494;10.024654;0
0.578086;0.030037;0.804494;10.024654;0
0.581088;0.045546;0.804494;10.024654;0
0.582244;0.071208;0.793568;10.024654;0
0.582321;0.091564;0.793568;10.024654;0
0.581224;0.115731;0.783182;10.024654;0
0.578764;0.144148;0.783182;10.024654;0
0.573151;0.181487;0.783182;10.024654;0
0.566633;0.191719;0.773478;10.024654;0
0.558734;0.192630;0.773478;10.024654;0
0.549477;0.192981;0.764587;10.024654;0
0.534867;0.198583;0.764587;10.024654;0
0.521957;0.191555;0.756619;10.024654;0
0.508347;0.175747;0.756619;10.024654;0
0.494358;0.162510;0.749669;10.024654;0
0.480094;0.158224;0.749669;10.024654;0
0.460058;0.167769;0.749669;10.024654;0
0.443944;0.167374;0.743810;10.024654;0
0.428120;0.157512;0.743810;10.024654;0
0.411636;0.147740;0.739098;10.024654;0
0.395725;0.144535;0.739098;10.024654;0
0.374345;0.145293;0.735564;10.024654;0
0.358398;0.135128;0.735564;10.024654;0
0.342521;0.126699;0.733223;10.024654;0
0.327523;0.127530;0.733223;10.024654;0
0.307510;0.141906;0.732066;10.024654;0
0.292917;0.149180;0.732066;10.024654;0
0.278804;0.140656;0.732066;10.024654;0
0.265488;0.132005;0.732062;10.024654;0
0.248543;0.133640;0.732062;10.024654;0
0.235868;0.139116;0.733161;10.024654;0
0.224021;0.133591;0.733161;10.024654;0
0.212746;0.125722;0.735294;10.024654;0
0.201780;0.122835;0.735294;10.024654;0
0.191295;0.125161;0.738372;10.024654;0
0.178432;0.110953;0.738372;10.024654;0
0.169315;0.102202;0.742290;10.024654;0
0.160672;0.101566;0.742290;10.024654;0
0.152564;0.112203;0.746928;10.024654;0
0.144765;0.120187;0.746928;10.024654;0
0.137623;0.118070;0.752149;10.024654;0
0.128764;0.117223;0.752149;10.024654;0
0.122538;0.123175;0.757806;10.024654;0
0.117008;0.129589;0.757806;10.024654;0
0.112063;0.120848;0.763741;10.024654;0
0.106691;0.101996;0.763741;10.024654;0
0.103735;0.094051;0.769787;10.024654;0
0.574741;0.121081;0.769787;10.024654;0
0.571980;0.120674;0.775768;10.024654;0
0.569345;0.107129;0.775768;10.024654;0
0.566205;0.085996;0.781513;10.024654;0
0.564224;0.082910;0.781513;10.024654;0
0.562078;0.090686;0.786872;10.024654;0
0.559624;0.101617;0.786872;10.024654;0
0.556836;0.101856;0.791724;10.024654;0
0.552329;0.103601;0.791724;10.024654;0
0.548134;0.110937;0.791724;10.024654;0
0.543174;0.125129;0.795970;10.024654;0
0.537205;0.140434;0.795970;10.024654;0
0.529957;0.139743;0.799541;10.024654;0
0.518975;0.132618;0.799541;10.024654;0
0.509102;0.133299;0.802392;10.024654;0
0.498423;0.143388;0.802392;10.024654;0
0.486302;0.148822;0.804500;10.024654;0
0.473299;0.145533;0.804500;10.024654;0
0.454584;0.144861;0.804500;10.024654;0
0.439273;0.150748;0.805870;10.024654;0
0.423039;0.148809;0.805870;10.024654;0
0.405815;0.141931;0.806527;10.024654;0
0.388271;0.139180;0.806527;10.024654;0
0.364234;0.140110;0.806521;10.024654;0
0.345637;0.133704;0.806521;10.024654;0
0.327145;0.128544;0.806521;10.024654;0
0.308066;0.131994;0.805923;10.024654;0
0.288382;0.142769;0.805923;10.024654;0
0.262853;0.157872;0.804825;10.024654;0
0.242939;0.154166;0.804825;10.024654;0
0.223847;0.148757;0.803337;10.024654;0
0.204550;0.145873;0.803337;10.024654;0
0.178576;0.153644;0.801586;10.024654;0
0.160071;0.153668;0.801586;10.024654;0
0.141633;0.147275;0.801586;10.024654;0
0.123855;0.143605;0.799716;10.024654;0
0.101035;0.144908;0.799716;10.024654;0
0.083295;0.151404;0.797877;10.024654;0
0.066308;0.147871;0.797877;10.024654;0
0.050148;0.133715;0.796230;10.024654;0
0.029015;0.118216;0.796230;10.024654;0
0.013391;0.114605;0.794933;10.024654;0
-0.001916;0.115039;0.794933;10.024654;0
-0.016529;0.104739;0.794143;10.024654;0
-0.035774;0.091952;0.794143;10.024654;0
-0.050410;0.089901;0.794004;10.024654;0
-0.064697;0.095104;0.794004;10.024654;0
-0.078402;0.102766;0.794643;10.024654;0
-0.096756;0.094841;0.794643;10.024654;0
-0.111204;0.087167;0.796159;10.024654;0
-0.125396;0.084026;0.796159;10.024654;0
-0.140228;0.089725;0.798622;10.024654;0
-0.155883;0.103332;0.798622;10.024654;0
-0.171969;0.107884;0.802059;10.024654;0
-0.195107;0.091449;0.802059;10.024654;0
-0.214633;0.080796;0.806454;10.024654;0
-0.238069;0.078562;0.806454;10.024654;0
0.817485;0.021409;0.811739;10.024654;0
0.837079;0.004480;0.811739;10.024654;0
0.853698;-0.009995;0.817799;10.024654;0
0.871430;-0.013588;0.817799;10.024654;0
0.890598;-0.003936;0.824478;10.024654;0
0.910179;0.009355;0.824478;10.024654;0
0.936494;0.023583;0.824478;10.024654;0
0.955863;0.038861;0.831589;10.024654;0
0.975375;0.059273;0.831589;10.024654;0
0.993328;0.076598;0.838927;10.024654;0
1.000000;0.082168;0.838927;10.024654;0
1.000000;0.084027;0.838927;10.024654;0
1.000000;0.090660;0.846276;10.024654;0
1.000000;0.099418;0.846276;10.024654;0
1.000000;0.099214;0.846276;10.024654;0
1.000000;0.097769;0.853418;10.024654;0
1.000000;0.101050;0.853418;10.024654;0
1.000000;0.107465;0.853418;10.024654;0
1.000000;0.108952;0.860138;10.024654;0
1.000000;0.111663;0.860138;10.024654;0
1.000000;0.120138;0.860138;10.024654;0
1.000000;0.131438;0.866230;10.024654;0
1.000000;0.142493;0.866230;10.024654;0
1.000000;0.143138;0.866230;10.024654;0
1.000000;0.139789;0.866230;10.024654;0
0.994739;0.140802;0.866230;10.024654;0
0.974536;0.143936;0.871505;10.024654;0
0.952639;0.140668;0.871505;10.024654;0
0.929411;0.138506;0.871505;10.024654;0
0.904956;0.141224;0.871505;10.024654;0
0.870339;0.154156;0.875787;10.024654;0
0.843043;0.163101;0.875787;10.024654;0
0.814152;0.160082;0.875787;10.024654;0
0.784629;0.153587;0.878921;10.024654;0
0.755218;0.150214;0.878921;10.024654;0
0.714764;0.155284;0.878921;10.024654;0
0.684027;0.158112;0.878921;10.024654;0
0.653768;0.152009;0.880776;10.024654;0
0.624257;0.146220;0.880776;10.024654;0
0.594494;0.145386;0.880776;10.024654;0
0.555608;0.151488;0.880776;10.024654;0
0.526087;0.152065;0.881241;10.024654;0
0.498215;0.142206;0.881241;10.024654;0
0.470150;0.132703;0.881241;10.024654;0
0.438192;0.131674;0.880229;10.024654;0
0.408612;0.140240;0.880229;10.024654;0
0.383058;0.144455;0.880229;10.024654;0
0.358891;0.133797;0.880229;10.024654;0
0.335369;0.119908;0.877676;10.024654;0
0.312889;0.111329;0.877676;10.024654;0
0.285119;0.111072;0.877676;10.024654;0
0.265513;0.110384;0.873544;10.024654;0
0.246603;0.099219;0.873544;10.024654;0
0.228370;0.090111;0.873544;10.024654;0
0.211035;0.088359;0.867819;10.024654;0
0.189428;0.096919;0.867819;10.024654;0
0.174437;0.100739;0.867819;10.024654;0
0.160017;0.090994;0.860512;10.024654;0
0.146126;0.079351;0.860512;10.024654;0
0.133144;0.072289;0.851658;10.024654;0
0.116851;0.075616;0.851658;10.024654;0
0.105171;0.078457;0.851658;10.024654;0
0.094653;0.053932;0.851658;10.024654;0
0.081495;0.011269;0.841318;10.024654;0
0.071659;-0.003976;0.841318;10.024654;0
0.062452;-0.003133;0.841318;10.024654;0
0.053876;0.001144;0.829579;10.024654;0
0.045494;0.016919;0.829579;10.024654;0
0.037527;0.042997;0.829579;10.024654;0
0.027230;0.083637;0.816553;10.024654;0
0.019835;0.107157;0.816553;10.024654;0
0.012750;0.111360;0.816553;10.024654;0
0.005798;0.106242;0.816553;10.024654;0
-0.000693;0.098607;0.802380;10.024654;0
-0.009206;0.092842;0.802380;10.024654;0
-0.015382;0.095348;0.802380;10.024654;0
-0.021221;0.088742;0.787226;10.024654;0
-0.026580;0.077622;0.787226;10.024654;0
-0.031873;0.070085;0.771286;10.024654;0
-0.038497;0.069322;0.771286;10.024654;0
-0.043135;0.061969;0.771286;10.024654;0
0.280050;0.075176;0.754785;10.024654;0
0.284260;0.060987;0.754785;10.024654;0
0.289474;0.052146;0.754785;10.024654;0
0.297347;0.050163;0.737967;10.024654;0
0.304246;0.044031;0.737967;10.024654;0
0.311476;0.043008;0.737967;10.024654;0
0.318886;0.051032;0.721078;10.024654;0
0.326184;0.069130;0.721078;10.024654;0
0.335382;0.090187;0.721078;10.024654;0
0.341585;0.095846;0.704354;10.024654;0
0.347110;0.101172;0.704354;10.024654;0
0.351501;0.107490;0.688019;10.024654;0
0.354904;0.112603;0.688019;10.024654;0
0.357417;0.101602;0.688019;10.024654;0
0.357894;0.092193;0.672288;10.024654;0
0.357026;0.087580;0.672288;10.024654;0
0.354750;0.090398;0.657361;10.024654;0
0.349704;0.089546;0.657361;10.024654;0
0.344199;0.084352;0.657361;10.024654;0
0.337463;0.086437;0.643428;10.024654;0
0.329397;0.098520;0.643428;10.024654;0
0.320056;0.112513;0.630660;10.024654;0
0.306079;0.109950;0.630660;10.024654;0
0.294472;0.106336;0.619213;10.024654;0
0.282032;0.109416;0.619213;10.024654;0
0.268617;0.113856;0.609224;10.024654;0
0.250733;0.103351;0.609224;10.024654;0
0.236381;0.096914;0.600805;10.024654;0
0.222000;0.097704;0.600805;10.024654;0
0.207131;0.105812;0.594048;10.024654;0
0.192133;0.114854;0.594048;10.024654;0
0.172837;0.108624;0.594048;10.024654;0
0.158448;0.103758;0.589016;10.024654;0
0.144501;0.104885;0.585746;10.024654;0
0.130259;0.112049;0.585746;10.024654;0
0.116600;0.113745;0.584248;10.024654;0
0.099250;0.103448;0.584248;10.024654;0
0.086383;0.098480;0.584502;10.024654;0
0.074118;0.101577;0.584502;10.024654;0
0.062420;0.111012;0.586465;10.024654;0
0.050908;0.119472;0.586465;10.024654;0
0.036140;0.108121;0.590066;10.024654;0
0.025808;0.099318;0.595216;10.024654;0
0.015861;0.097090;0.595216;10.024654;0
0.006456;0.099985;0.601803;10.024654;0
-0.005521;0.095544;0.601803;10.024654;0
-0.014232;0.083655;0.609704;10.024654;0
-0.022458;0.075766;0.609704;10.024654;0
-0.030269;0.074115;0.618781;10.024654;0
-0.038115;0.077185;0.618781;10.024654;0
-0.048089;0.068358;0.628884;10.024654;0
-0.055650;0.063309;0.628884;10.024654;0
-0.063292;0.065391;0.639861;10.024654;0
-0.071565;0.074062;0.639861;10.024654;0
-0.080567;0.085856;0.651550;10.024654;0
0.659178;0.077103;0.651550;10.024654;0
0.666281;0.067777;0.663787;10.024654;0
0.673861;0.061566;0.663787;10.024654;0
0.681902;0.063365;0.676411;10.024654;0
0.689828;0.072428;0.676411;10.024654;0
0.700013;0.082741;0.689273;10.024654;0
0.706912;0.086711;0.689273;10.024654;0
0.712629;0.094196;0.702250;10.024654;0
0.717368;0.109079;0.702250;10.024654;0
0.720801;0.127192;0.702250;10.024654;0
0.722495;0.132607;0.715236;10.024654;0
0.721667;0.132816;0.715236;10.024654;0
0.718914;0.136146;0.728140;10.024654;0
0.714086;0.144440;0.728140;10.024654;0
0.704251;0.158407;0.728140;10.024654;0
0.693871;0.158590;0.740891;10.024654;0
0.681312;0.158216;0.740891;10.024654;0
0.667504;0.161962;0.753432;10.024654;0
0.650978;0.172066;0.753432;10.024654;0
0.626590;0.190015;0.753432;10.024654;0
0.605593;0.189202;0.765717;10.024654;0
0.584088;0.184023;0.765717;10.024654;0
0.560793;0.184502;0.777713;10.024654;0
0.536582;0.190126;0.777713;10.024654;0
0.503580;0.205631;0.777713;10.024654;0
0.477262;0.206259;0.789400;10.024654;0
0.451711;0.196323;0.789400;10.024654;0
0.426359;0.187535;0.800763;10.024654;0
0.401776;0.185697;0.800763;10.024654;0
0.368853;0.186287;0.811799;10.024654;0
0.344588;0.173462;0.811799;10.024654;0
0.321240;0.163410;0.811799;10.024654;0
0.298795;0.162165;0.822510;10.024654;0
0.277613;0.166626;0.822510;10.024654;0
0.257078;0.163804;0.832901;10.024654;0
0.231705;0.155356;0.832901;10.024654;0
0.213884;0.157471;0.832901;10.024654;0
0.196623;0.166489;0.842986;10.024654;0
0.180428;0.181965;0.842986;10.024654;0
0.164949;0.194765;0.852775;10.024654;0
0.145523;0.184582;0.852775;10.024654;0
0.132178;0.175441;0.852775;10.024654;0
0.119046;0.170174;0.862283;10.024654;0
0.106883;0.158211;0.862283;10.024654;0
0.095263;0.140786;0.871522;10.024654;0
0.080981;0.134192;0.871522;10.024654;0
0.070626;0.139973;0.880501;10.024654;0
0.060576;0.151666;0.880501;10.024654;0
0.050996;0.160873;0.880501;10.024654;0
0.038587;0.142150;0.889225;10.024654;0
0.029528;0.125603;0.889225;10.024654;0
0.020789;0.119768;0.897693;10.024654;0
0.012056;0.119883;0.897693;10.024654;0
0.004187;0.119414;0.905898;10.024654;0
-0.006717;0.109116;0.905898;10.024654;0
-0.014830;0.106467;0.905898;10.024654;0
-0.022840;0.111019;0.913821;10.024654;0
-0.030963;0.110023;0.913821;10.024654;0
-0.041865;0.095946;0.921436;10.024654;0
-0.050364;0.091768;0.921436;10.024654;0
-0.058997;0.096042;0.921436;10.024654;0
-0.068205;0.111383;0.928704;10.024654;0
-0.077958;0.122556;0.928704;10.024654;0
-0.091888;0.117066;0.935575;10.024654;0
0.083860;0.097591;0.935575;10.024654;0
0.085008;0.088365;0.941990;10.024654;0
0.086928;0.075040;0.941990;10.024654;0
0.089614;0.048764;0.941990;10.024654;0
0.094182;0.022159;0.947877;10.024654;0
0.098539;0.021030;0.947877;10.024654;0
0.103192;0.035730;0.947877;10.024654;0
0.108188;0.059829;0.953162;10.024654;0
0.115095;0.079568;0.953162;10.024654;0
0.120284;0.082267;0.957767;10.024654;0
0.125346;0.083696;0.957767;10.024654;0
0.130242;0.090950;0.957767;10.024654;0
0.134683;0.099952;0.961618;10.024654;0
0.138756;0.093868;0.961618;10.024654;0
0.143082;0.085334;0.961618;10.024654;0
0.145735;0.089184;0.964643;10.024654;0
0.147621;0.104539;0.964643;10.024654;0
0.148708;0.120808;0.966781;10.024654;0
0.148942;0.116581;0.966781;10.024654;0
0.148210;0.112436;0.966781;10.024654;0
0.146727;0.115294;0.967978;10.024654;0
0.144488;0.123320;0.967978;10.024654;0
0.141633;0.123886;0.967978;10.024654;0
0.136929;0.108995;0.968195;10.024654;0
0.132768;0.100833;0.968195;10.024654;0
0.128116;0.102889;0.968195;10.024654;0
0.122934;0.112719;0.967403;10.024654;0
0.117512;0.112890;0.967403;10.024654;0
0.109721;0.105981;0.967403;10.024654;0
0.103831;0.081685;0.965591;10.024654;0
0.097937;0.055824;0.965591;10.024654;0
0.091995;0.027501;0.962762;10.024654;0
0.084494;0.014328;0.962762;10.024654;0
0.078581;0.029046;0.962762;10.024654;0
0.072494;0.063090;0.958939;10.024654;0
0.066485;0.104234;0.958939;10.024654;0
0.060630;0.130160;0.958939;10.024654;0
0.052647;0.155942;0.954158;10.024654;0
0.046545;0.175807;0.954158;10.024654;0
0.040515;0.196414;0.948476;10.024654;0
0.034530;0.206849;0.948476;10.024654;0
0.028618;0.194214;0.948476;10.024654;0
0.021066;0.172223;0.941966;10.024654;0
0.015707;0.162427;0.941966;10.024654;0
0.010171;0.152020;0.941966;10.024654;0
0.005014;0.130181;0.934717;10.024654;0
-0.000154;0.103603;0.934717;10.024654;0
-0.006550;0.083464;0.926836;10.024654;0
-0.011493;0.082083;0.926836;10.024654;0
-0.016416;0.095117;0.926836;10.024654;0
-0.021134;0.103632;0.918442;10.024654;0
-0.025651;0.101193;0.918442;10.024654;0
-0.031849;0.098443;0.909667;10.024654;0
-0.036411;0.102869;0.909667;10.024654;0
-0.040844;0.111127;0.900652;10.024654;0
-0.045295;0.104927;0.900652;10.024654;0
-0.049648;0.093509;0.900652;10.024654;0
-0.055554;0.089271;0.891546;10.024654;0
-0.060121;0.096571;0.891546;10.024654;0
-0.064693;0.101562;0.882497;10.024654;0
-0.069170;0.090657;0.882497;10.024654;0
-0.073844;0.078942;0.882497;10.024654;0
-0.078731;0.072109;0.873651;10.024654;0
-0.085550;0.074148;0.873651;10.024654;0
-0.091365;0.073614;0.865144;10.024654;0
-0.098027;0.056771;0.865144;10.024654;0
-0.106006;0.038303;0.865144;10.024654;0
-0.120139;0.020172;0.857099;10.024654;0
-0.676985;0.008929;0.857099;10.024654;0
-0.684637;-0.034890;0.849613;10.024654;0
-0.693442;-0.102473;0.849613;10.024654;0
-0.704276;-0.159926;0.849613;10.024654;0
-0.721650;-0.190304;0.842758;10.024654;0
-0.735825;-0.174438;0.842758;10.024654;0
-0.750071;-0.139649;0.836575;10.024654;0
-0.764562;-0.101286;0.836575;10.024654;0
-0.778828;-0.060179;0.836575;10.024654;0
-0.797178;-0.003693;0.831076;10.024654;0
-0.810373;0.036006;0.831076;10.024654;0
-0.822184;0.063254;0.831076;10.024654;0
-0.832699;0.072854;0.826248;10.024654;0
-0.841915;0.076978;0.826248;10.024654;0
-0.851296;0.085312;0.826248;10.024654;0
-0.856148;0.094574;0.826248;10.024654;0
-0.858402;0.096944;0.822053;10.024654;0
-0.858086;0.093718;0.822053;10.024654;0
-0.855149;0.092099;0.822053;10.024654;0
-0.847541;0.096020;0.818430;10.024654;0
-0.838682;0.104913;0.818430;10.024654;0
-0.826580;0.114520;0.818430;10.024654;0
-0.811556;0.114290;0.818430;10.024654;0
-0.788166;0.113828;0.815302;10.024654;0
-0.768102;0.118746;0.815302;10.024654;0
-0.745436;0.128305;0.815302;10.024654;0
-0.720612;0.138538;0.815302;10.024654;0
-0.684822;0.140549;0.812579;10.024654;0
-0.655472;0.138210;0.812579;10.024654;0
-0.626034;0.139171;0.812579;10.024654;0
-0.594606;0.144260;0.810160;10.024654;0
-0.562444;0.154429;0.810160;10.024654;0
-0.529738;0.157420;0.810160;10.024654;0
-0.485994;0.152762;0.810160;10.024654;0
-0.454046;0.152773;0.807938;10.024654;0
-0.423094;0.158299;0.807938;10.024654;0
-0.392135;0.163790;0.807938;10.024654;0
-0.352991;0.154327;0.805802;10.024654;0
-0.323735;0.145726;0.805802;10.024654;0
-0.296235;0.142950;0.805802;10.024654;0
-0.269536;0.147829;0.803644;10.024654;0
-0.245020;0.152548;0.803644;10.024654;0
-0.213737;0.143563;0.803644;10.024654;0
-0.192053;0.140669;0.803644;10.024654;0
-0.171368;0.141020;0.801357;10.024654;0
-0.152300;0.142451;0.801357;10.024654;0
-0.129414;0.132917;0.801357;10.024654;0
-0.113075;0.127435;0.798843;10.024654;0
-0.097975;0.126954;0.798843;10.024654;0
-0.084243;0.130186;0.798843;10.024654;0
-0.071491;0.132080;0.796008;10.024654;0
-0.058676;0.118641;0.796008;10.024654;0
-0.045405;0.103625;0.796008;10.024654;0
-0.035272;0.101557;0.792772;10.024654;0
-0.025753;0.110083;0.792772;10.024654;0
-0.016897;0.120179;0.792772;10.024654;0
-0.006060;0.112806;0.789062;10.024654;0
0.002084;0.106666;0.789062;10.024654;0
0.009749;0.106978;0.789062;10.024654;0
0.017133;0.112481;0.784823;10.024654;0
0.024307;0.111681;0.784823;10.024654;0
0.031035;0.102526;0.780008;10.024654;0
0.039930;0.092509;0.780008;10.024654;0
0.046278;0.093006;0.780008;10.024654;0
0.052407;0.090615;0.774588;10.024654;0
0.060507;0.079276;0.774588;10.024654;0
0.066556;0.075122;0.774588;10.024654;0
0.072452;0.078320;0.768549;10.024654;0
0.078178;0.089663;0.768549;10.024654;0
0.083867;0.102064;0.761891;10.024654;0
0.091156;0.095420;0.761891;10.024654;0
0.096970;0.087905;0.761891;10.024654;0
0.102571;0.087393;0.754634;10.024654;0
0.108413;0.092905;0.754634;10.024654;0
0.114537;0.099024;0.754634;10.024654;0
0.124525;0.091315;0.746813;10.024654;0
0.133667;0.079947;0.746813;10.024654;0
0.145088;0.072537;0.738487;10.024654;0
-0.411904;0.076438;0.738487;10.024654;0
-0.419763;0.085309;0.738487;10.024654;0
-0.429164;0.086944;0.729730;10.024654;0
-0.436023;0.082651;0.729730;10.024654;0
-0.442261;0.086011;0.720634;10.024654;0
-0.447571;0.099327;0.720634;10.024654;0
-0.451583;0.111177;0.720634;10.024654;0
-0.454676;0.115977;0.711300;10.024654;0
-0.455435;0.121754;0.711300;10.024654;0
-0.454679;0.131779;0.701835;10.024654;0
-0.452245;0.145698;0.701835;10.024654;0
-0.446311;0.171022;0.701835;10.024654;0
-0.439363;0.179427;0.692359;10.024654;0
-0.430839;0.176476;0.692359;10.024654;0
-0.420392;0.172962;0.682996;10.024654;0
-0.408456;0.174445;0.682996;10.024654;0
-0.391116;0.180590;0.673883;10.024654;0
-0.376317;0.175215;0.673883;10.024654;0
-0.360304;0.168242;0.673883;10.024654;0
-0.344190;0.168082;0.665158;10.024654;0
-0.327239;0.172988;0.665158;10.024654;0
-0.303899;0.187358;0.656970;10.024654;0
-0.286083;0.192798;0.656970;10.024654;0
-0.268171;0.179582;0.649469;10.024654;0
-0.250840;0.161864;0.649469;10.024654;0
-0.227913;0.147120;0.642807;10.024654;0
-0.211393;0.148471;0.642807;10.024654;0
-0.195386;0.152768;0.637133;10.024654;0
-0.179920;0.147312;0.632590;10.024654;0
-0.164939;0.137082;0.632590;10.024654;0
-0.146712;0.133213;0.629307;10.024654;0
-0.133584;0.140080;0.629307;10.024654;0
-0.121408;0.153299;0.627399;10.024654;0
-0.110083;0.161856;0.627399;10.024654;0
-0.096085;0.146631;0.626958;10.024654;0
-0.086181;0.132105;0.628045;10.024654;0
-0.076778;0.125786;0.628045;10.024654;0
-0.068263;0.122462;0.630691;10.024654;0
-0.060011;0.105966;0.634891;10.024654;0
-0.050112;0.090482;0.634891;10.024654;0
-0.043254;0.093800;0.640598;10.024654;0
-0.036503;0.108282;0.647728;10.024654;0
-0.030138;0.120737;0.647728;10.024654;0
-0.022188;0.113037;0.656157;10.024654;0
-0.016128;0.105375;0.656157;10.024654;0
-0.010370;0.103683;0.665720;10.024654;0
-0.005091;0.108119;0.676221;10.024654;0
0.000243;0.105047;0.676221;10.024654;0
0.007108;0.085918;0.687426;10.024654;0
0.011805;0.068516;0.687426;10.024654;0
-0.823397;0.011875;0.699076;10.024654;0
-0.832988;-0.027743;0.699076;10.024654;0
-0.847374;-0.076928;0.710886;10.024654;0
-0.860533;-0.088647;0.710886;10.024654;0
-0.874277;-0.073261;0.722568;10.024654;0
-0.889231;-0.035026;0.722568;10.024654;0
-0.904628;0.008979;0.733852;10.024654;0
-0.924611;0.059576;0.733852;10.024654;0
-0.939324;0.095678;0.733852;10.024654;0
-0.953315;0.126820;0.744488;10.024654;0
-0.966200;0.151365;0.744488;10.024654;0
-0.979968;0.160951;0.754251;10.024654;0
-0.988568;0.156108;0.754251;10.024654;0
-0.995071;0.149516;0.754251;10.024654;0
-0.999852;0.146530;0.762938;10.024654;0
-1.000000;0.146387;0.762938;10.024654;0
-1.000000;0.135849;0.762938;10.024654;0
-0.997456;0.128924;0.770373;10.024654;0
-0.991147;0.127667;0.770373;10.024654;0
-0.982316;0.134028;0.776406;10.024654;0
-0.970644;0.143566;0.776406;10.024654;0
-0.950701;0.143598;0.776406;10.024654;0
-0.931926;0.143382;0.776406;10.024654;0
-0.910939;0.146924;0.776406;10.024654;0
-0.887939;0.154172;0.780913;10.024654;0
-0.862635;0.163615;0.780913;10.024654;0
-0.834544;0.165220;0.780913;10.024654;0
-0.794181;0.153155;0.783795;10.024654;0
-0.762339;0.145484;0.783795;10.024654;0
-0.729990;0.144307;0.783795;10.024654;0
-0.696669;0.148258;0.784978;10.024654;0
-0.652743;0.145261;0.784978;10.024654;0
-0.616874;0.144553;0.784978;10.024654;0
-0.581414;0.147500;0.784413;10.024654;0
-0.545875;0.155958;0.784413;10.024654;0
-0.510368;0.167031;0.784413;10.024654;0
-0.475675;0.167949;0.784413;10.024654;0
-0.440947;0.156190;0.782077;10.024654;0
-0.396597;0.142811;0.782077;10.024654;0
-0.364566;0.141350;0.782077;10.024654;0
-0.332943;0.146527;0.777971;10.024654;0
-0.302916;0.145692;0.777971;10.024654;0
-0.272106;0.136042;0.777971;10.024654;0
-0.237588;0.125636;0.772121;10.024654;0
-0.211341;0.125232;0.764576;10.024654;0
-0.186744;0.132176;0.764576;10.024654;0
-0.162870;0.139223;0.764576;10.024654;0
-0.140283;0.132000;0.755412;10.024654;0
-0.112483;0.119495;0.755412;10.024654;0
-0.093386;0.114634;0.755412;10.024654;0
-0.075293;0.113939;0.744728;10.024654;0
-0.057839;0.112824;0.744728;10.024654;0
-0.036024;0.095284;0.744728;10.024654;0
-0.020796;0.083478;0.732648;10.024654;0
