-0.290091;0.104636;0.627847;10.024654;0
-0.282133;0.098273;0.633690;10.024654;0
-0.273836;0.088708;0.633690;10.024654;0
-0.264696;0.079093;0.639025;10.024654;0
-0.251737;0.069582;0.639025;10.024654;0
-0.241739;0.055707;0.639025;10.024654;0
-0.231291;0.046770;0.643847;10.024654;0
-0.220985;0.048982;0.643847;10.024654;0
-0.210103;0.061777;0.648174;10.024654;0
-0.195705;0.077255;0.648174;10.024654;0
-0.184940;0.082627;0.652043;10.024654;0
-0.174017;0.088967;0.652043;10.024654;0
-0.162965;0.100779;0.655516;10.024654;0
-0.148523;0.108997;0.655516;10.024654;0
-0.137562;0.106893;0.658678;10.024654;0
-0.127048;0.107217;0.658678;10.024654;0
-0.117148;0.112428;0.661636;10.024654;0
-0.107497;0.108302;0.661636;10.024654;0
-0.097851;0.099245;0.661636;10.024654;0
-0.085752;0.092961;0.664519;10.024654;0
-0.076989;0.097354;0.664519;10.024654;0
-0.068700;0.103304;0.667474;10.024654;0
-0.060750;0.096979;0.667474;10.024654;0
-0.051458;0.088508;0.670663;10.024654;0
-0.043443;0.089909;0.670663;10.024654;0
-0.036522;0.091738;0.674261;10.024654;0
-0.029924;0.081549;0.674261;10.024654;0
-0.023864;0.073272;0.678445;10.024654;0
-0.017894;0.072298;0.678445;10.024654;0
-0.010488;0.081324;0.683392;10.024654;0
-0.005097;0.084055;0.683392;10.024654;0
0.000078;0.077608;0.689269;10.024654;0
0.005012;0.073679;0.689269;10.024654;0
0.009549;0.075160;0.696223;10.024654;0
0.015465;0.077162;0.696223;10.024654;0
0.019850;0.051482;0.696223;10.024654;0
0.024013;0.016779;0.704372;10.024654;0
0.028084;-0.005905;0.704372;10.024654;0
0.031924;-0.005828;0.713801;10.024654;0
0.035450;0.015676;0.713801;10.024654;0
0.039963;0.055570;0.724547;10.024654;0
0.043184;0.075273;0.724547;10.024654;0
0.046453;0.094221;0.736599;10.024654;0
0.049877;0.111907;0.736599;10.024654;0
0.053721;0.129584;0.749890;10.024654;0
0.058363;0.141442;0.749890;10.024654;0
0.066399;0.131982;0.764294;10.024654;0
0.074652;0.119852;0.764294;10.024654;0
-1.000000;0.102152;0.764294;10.024654;0
-1.000000;0.108445;0.779629;10.024654;0
-1.000000;0.106141;0.779629;10.024654;0
-1.000000;0.103945;0.795675;10.024654;0
-1.000000;0.107390;0.795675;10.024654;0
-1.000000;0.110239;0.795675;10.024654;0
-1.000000;0.105998;0.812197;10.024654;0
-1.000000;0.102684;0.812197;10.024654;0
-1.000000;0.107024;0.812197;10.024654;0
-1.000000;0.114165;0.828962;10.024654;0
-1.000000;0.116703;0.828962;10.024654;0
-1.000000;0.115145;0.828962;10.024654;0
-1.000000;0.114833;0.845741;10.024654;0
-1.000000;0.121291;0.845741;10.024654;0
-1.000000;0.130498;0.845741;10.024654;0
-1.000000;0.133737;0.862316;10.024654;0
-1.000000;0.132759;0.862316;10.024654;0
-0.991302;0.134346;0.862316;10.024654;0
-0.975931;0.139623;0.878487;10.024654;0
-0.959591;0.146040;0.878487;10.024654;0
-0.941773;0.145095;0.878487;10.024654;0
-0.923120;0.139350;0.878487;10.024654;0
-0.904010;0.136638;0.894071;10.024654;0
-0.878677;0.142520;0.894071;10.024654;0
-0.858948;0.147269;0.894071;10.024654;0
-0.838686;0.142847;0.908905;10.024654;0
-0.818282;0.137967;0.908905;10.024654;0
-0.790955;0.137081;0.908905;10.024654;0
-0.770511;0.139222;0.908905;10.024654;0
-0.749947;0.136066;0.922852;10.024654;0
-0.729487;0.130897;0.922852;10.024654;0
-0.708916;0.129980;0.922852;10.024654;0
-0.682241;0.139963;0.922852;10.024654;0
-0.662067;0.147899;0.935794;10.024654;0
-0.641921;0.145196;0.935794;10.024654;0
-0.622762;0.141748;0.935794;10.024654;0
-0.603949;0.142487;0.947638;10.024654;0
-0.579375;0.145233;0.947638;10.024654;0
-0.560755;0.139164;0.947638;10.024654;0
-0.542225;0.131793;0.947638;10.024654;0
-0.524188;0.128968;0.958313;10.024654;0
-0.506920;0.132366;0.958313;10.024654;0
-0.484325;0.141216;0.958313;10.024654;0
-0.467736;0.138548;0.958313;10.024654;0
-0.451272;0.132419;0.967770;10.024654;0
-0.435296;0.130322;0.967770;10.024654;0
-0.419776;0.133253;0.967770;10.024654;0
-0.400424;0.138436;0.975981;10.024654;0
-0.385947;0.130995;0.975981;10.024654;0
-0.372178;0.122223;0.975981;10.024654;0
-0.358393;0.117164;0.975981;10.024654;0
-0.341172;0.119835;0.982938;10.024654;0
-0.328350;0.127314;0.982938;10.024654;0
-0.316248;0.130635;0.982938;10.024654;0
-0.304013;0.121321;0.982938;10.024654;0
-0.292411;0.111159;0.988652;10.024654;0
-0.277710;0.105267;0.988652;10.024654;0
-0.266807;0.110777;0.988652;10.024654;0
-0.256169;0.112199;0.993149;10.024654;0
-0.246194;0.108000;0.993149;10.024654;0
-0.236542;0.106484;0.993149;10.024654;0
-0.223686;0.110525;0.993149;10.024654;0
-0.214350;0.116157;0.996471;10.024654;0
-0.205363;0.112175;0.996471;10.024654;0
-0.196657;0.101125;0.996471;10.024654;0
-0.188264;0.092923;0.996471;10.024654;0
-0.177313;0.095229;0.998675;10.024654;0
-0.169494;0.103742;0.998675;10.024654;0
-0.161861;0.101050;0.998675;10.024654;0
-0.154338;0.095973;0.998675;10.024654;0
-0.147179;0.097379;0.998675;10.024654;0
-0.138040;0.105994;0.998675;10.024654;0
-0.131204;0.109401;0.998675;10.024654;0
-0.124798;0.098994;0.999826;10.024654;0
-0.118396;0.087803;0.999826;10.024654;0
-0.112239;0.083549;0.999826;10.024654;0
-0.104659;0.090833;0.999826;10.024654;0
-0.099140;0.099177;1.000000;10.024654;0
-0.093874;0.095199;1.000000;10.024654;0
-0.088526;0.086121;1.000000;10.024654;0
-0.082014;0.078991;0.999278;10.024654;0
-0.077256;0.081868;0.999278;10.024654;0
-0.072585;0.088183;0.999278;10.024654;0
-0.068032;0.086990;0.999278;10.024654;0
-0.062528;0.083020;0.997747;10.024654;0
-0.058614;0.087085;0.997747;10.024654;0
-0.055137;0.095850;0.997747;10.024654;0
-0.051863;0.100654;0.992609;10.024654;0
-0.048932;0.097697;0.992609;10.024654;0
-0.046136;0.096816;0.992609;10.024654;0
-0.045051;0.103518;0.992609;10.024654;0
-0.045116;0.111574;0.989178;10.024654;0
0.051719;0.088570;0.989178;10.024654;0
0.055607;0.079698;0.989178;10.024654;0
0.059922;0.073018;0.989178;10.024654;0
0.062383;0.076725;0.985271;10.024654;0
0.064114;0.083407;0.985271;10.024654;0
0.065284;0.085701;0.985271;10.024654;0
0.065829;0.092227;0.980931;10.024654;0
0.065526;0.103630;0.980931;10.024654;0
0.064694;0.114095;0.980931;10.024654;0
0.063389;0.110998;0.980931;10.024654;0
0.061697;0.107168;0.976177;10.024654;0
0.058892;0.111836;0.976177;10.024654;0
0.056394;0.123841;0.976177;10.024654;0
0.053865;0.134223;0.971009;10.024654;0
0.051228;0.131923;0.971009;10.024654;0
0.048522;0.127701;0.971009;10.024654;0
0.045007;0.133735;0.965413;10.024654;0
0.042457;0.148388;0.965413;10.024654;0
0.039961;0.167183;0.965413;10.024654;0
0.037686;0.174378;0.965413;10.024654;0
0.035572;0.170568;0.959372;10.024654;0
0.033668;0.166475;0.959372;10.024654;0
0.031401;0.168441;0.959372;10.024654;0
0.029908;0.168379;0.952867;10.024654;0
0.028659;0.153645;0.952867;10.024654;0
0.027596;0.137736;0.952867;10.024654;0
0.026387;0.130499;0.945888;10.024654;0
0.025607;0.138679;0.945888;10.024654;0
0.024979;0.147201;0.945888;10.024654;0
0.024504;0.144766;0.938431;10.024654;0
0.024115;0.145155;0.938431;10.024654;0
0.023678;0.154999;0.938431;10.024654;0
0.023413;0.166047;0.930512;10.024654;0
0.023229;0.163506;0.930512;10.024654;0
0.023061;0.156989;0.922162;10.024654;0
0.022893;0.154614;0.922162;10.024654;0
0.022632;0.162489;0.922162;10.024654;0
0.022396;0.174343;0.913438;10.024654;0
0.022203;0.173920;0.913438;10.024654;0
0.022040;0.161947;0.913438;10.024654;0
0.021863;0.151527;0.904417;10.024654;0
0.021574;0.149054;0.904417;10.024654;0
0.021372;0.147068;0.895204;10.024654;0
0.021221;0.132786;0.895204;10.024654;0
0.021068;0.118976;0.895204;10.024654;0
0.020831;0.113849;0.948476;10.024654;0
0.020614;0.120553;0.885928;10.024654;0
0.020483;0.122218;0.885928;10.024654;0
0.020407;0.109979;0.885928;10.024654;0
0.020342;0.097779;0.876744;10.024654;0
0.020240;0.092484;0.876744;10.024654;0
0.020147;0.101710;0.867827;10.024654;0
0.020106;0.108668;0.867827;10.024654;0
0.020148;0.102615;0.859369;10.024654;0
0.020220;0.099424;0.859369;10.024654;0
0.020314;0.105412;0.859369;10.024654;0
0.020404;0.116433;0.851575;10.024654;0
0.020596;0.117705;0.851575;10.024654;0
0.020886;0.108927;0.844652;10.024654;0
0.021238;0.101153;0.844652;10.024654;0
0.021783;0.102542;0.838798;10.024654;0
0.022311;0.102906;0.838798;10.024654;0
0.023125;0.067781;0.834197;10.024654;0
0.024168;0.022292;0.834197;10.024654;0
0.025524;-0.010805;0.830997;10.024654;0
0.027469;-0.010726;0.830997;10.024654;0
0.029479;0.019109;0.829305;10.024654;0
0.032218;0.048513;0.829305;10.024654;0
0.525068;0.052722;0.829168;10.024654;0
0.534271;0.070823;0.829168;10.024654;0
0.541829;0.081829;0.830567;10.024654;0
0.549252;0.093734;0.830567;10.024654;0
0.556528;0.093549;0.833414;10.024654;0
0.563736;0.086209;0.833414;10.024654;0
0.571059;0.084776;0.837576;10.024654;0
0.580321;0.095241;0.837576;10.024654;0
0.586584;0.107506;0.842878;10.024654;0
0.592217;0.109324;0.842878;10.024654;0
0.597096;0.107411;0.842878;10.024654;0
0.602220;0.111704;0.849114;10.024654;0
0.604896;0.122285;0.849114;10.024654;0
0.606211;0.133096;0.856056;10.024654;0
0.606004;0.129956;0.856056;10.024654;0
0.604391;0.121744;0.863464;10.024654;0
0.600070;0.115170;0.863464;10.024654;0
0.595260;0.120099;0.871093;10.024654;0
0.588969;0.132711;0.871093;10.024654;0
0.580955;0.143861;0.878701;10.024654;0
0.571336;0.138513;0.878701;10.024654;0
0.556803;0.129697;0.886055;10.024654;0
0.544884;0.130701;0.886055;10.024654;0
0.531658;0.139462;0.886055;10.024654;0
0.517078;0.142017;0.892937;10.024654;0
0.502196;0.138006;0.892937;10.024654;0
0.480554;0.136255;0.899145;10.024654;0
0.463903;0.143509;0.899145;10.024654;0
0.446370;0.160310;0.899145;10.024654;0
0.428566;0.174945;0.904501;10.024654;0
0.410358;0.173257;0.904501;10.024654;0
0.386125;0.168273;0.908849;10.024654;0
0.367405;0.169818;0.908849;10.024654;0
0.349337;0.176222;0.908849;10.024654;0
0.330699;0.173199;0.912057;10.024654;0
0.312736;0.161650;0.912057;10.024654;0
0.289332;0.150674;0.914019;10.024654;0
0.272341;0.150517;0.914019;10.024654;0
0.255431;0.159340;0.914019;10.024654;0
0.239823;0.160163;0.914657;10.024654;0
0.219353;0.145581;0.914657;10.024654;0
0.204275;0.140806;0.913918;10.024654;0
0.189679;0.147563;0.913918;10.024654;0
0.175528;0.157680;0.913918;10.024654;0
0.162193;0.152070;0.911777;10.024654;0
0.149421;0.142212;0.911777;10.024654;0
0.133071;0.137092;0.908235;10.024654;0
0.121312;0.144129;0.908235;10.024654;0
0.110336;0.149686;0.908235;10.024654;0
0.096256;0.135584;0.903322;10.024654;0
0.085565;0.125539;0.903322;10.024654;0
0.075729;0.122995;0.897094;10.024654;0
0.065947;0.130913;0.897094;10.024654;0
0.056316;0.137403;0.889636;10.024654;0
0.044483;0.125665;0.889636;10.024654;0
0.035335;0.116222;0.889636;10.024654;0
0.026616;0.115113;0.881061;10.024654;0
0.018171;0.115584;0.881061;10.024654;0
0.009794;0.106908;0.871511;10.024654;0
-0.001201;0.090611;0.871511;10.024654;0
-0.009610;0.087765;0.871511;10.024654;0
-0.018299;0.094506;0.861155;10.024654;0
-0.026926;0.095719;0.861155;10.024654;0
0.536104;0.065246;0.850192;10.024654;0
0.542825;0.043725;0.850192;10.024654;0
0.549337;0.033834;0.838841;10.024654;0
0.557100;0.035853;0.838841;10.024654;0
0.566257;0.042020;0.838841;10.024654;0
0.576044;0.038631;0.827310;10.024654;0
0.590198;0.041543;0.827310;10.024654;0
0.601442;0.055634;0.815799;10.024654;0
0.612777;0.080650;0.815799;10.024654;0
0.623441;0.099791;0.804494;10.024654;0
0.636280;0.110768;0.804494;10.024654;0
0.644938;0.116942;0.804494;10.024654;0
0.652743;0.125166;0.793568;10.024654;0
0.658945;0.131180;0.793568;10.024654;0
0.663406;0.122591;0.783182;10.024654;0
0.666832;0.110258;0.783182;10.024654;0
0.667368;0.110904;0.783182;10.024654;0
0.665962;0.122538;0.773478;10.024654;0
0.662588;0.137615;0.773478;10.024654;0
0.656909;0.143616;0.764587;10.024654;0
0.646118;0.139264;0.764587;10.024654;0
0.636088;0.139140;0.764587;10.024654;0
0.624155;0.147479;0.756619;10.024654;0
0.610452;0.157981;0.756619;10.024654;0
0.595386;0.155483;0.749669;10.024654;0
0.578830;0.153833;0.749669;10.024654;0
0.555330;0.163999;0.749669;10.024654;0
0.536226;0.178607;0.743810;10.024654;0
0.516448;0.181848;0.743810;10.024654;0
0.495725;0.173588;0.739098;10.024654;0
0.468796;0.164637;0.739098;10.024654;0
0.447602;0.164689;0.735564;10.024654;0
0.426709;0.169091;0.735564;10.024654;0
0.405905;0.163239;0.735564;10.024654;0
0.385460;0.156506;0.733223;10.024654;0
0.365044;0.155617;0.733223;10.024654;0
0.338416;0.168273;0.732066;10.024654;0
0.319225;0.175684;0.732066;10.024654;0
0.300624;0.166628;0.732062;10.024654;0
0.282431;0.155269;0.732062;10.024654;0
0.265265;0.148142;0.733161;10.024654;0
0.243863;0.150587;0.733161;10.024654;0
0.227901;0.152049;0.735294;10.024654;0
0.213018;0.140842;0.735294;10.024654;0
0.198901;0.130564;0.738372;10.024654;0
0.185206;0.128040;0.738372;10.024654;0
0.168312;0.134250;0.742290;10.024654;0
0.156117;0.124339;0.742290;10.024654;0
0.144648;0.109469;0.746928;10.024654;0
0.133762;0.102930;0.746928;10.024654;0
0.123861;0.107998;0.746928;10.024654;0
0.110752;0.117644;0.752149;10.024654;0
0.101607;0.106315;0.752149;10.024654;0
0.092763;0.092981;0.757806;10.024654;0
0.084564;0.084614;0.757806;10.024654;0
0.073768;0.085393;0.763741;10.024654;0
0.065747;0.094254;0.763741;10.024654;0
0.058059;0.095448;0.769787;10.024654;0
0.519997;0.131560;0.769787;10.024654;0
0.515475;0.115073;0.775768;10.024654;0
0.512226;0.109173;0.775768;10.024654;0
0.509232;0.104556;0.781513;10.024654;0
0.506411;0.092760;0.781513;10.024654;0
0.503739;0.086055;0.786872;10.024654;0
0.500791;0.088045;0.786872;10.024654;0
0.496502;0.103615;0.791724;10.024654;0
0.492463;0.115659;0.791724;10.024654;0
0.487701;0.116244;0.795970;10.024654;0
0.482178;0.116205;0.795970;10.024654;0
0.475888;0.122325;0.799541;10.024654;0
0.466142;0.142708;0.799541;10.024654;0
0.457446;0.154536;0.799541;10.024654;0
0.447592;0.147327;0.802392;10.024654;0
0.436390;0.135189;0.802392;10.024654;0
0.420121;0.130639;0.804500;10.024654;0
0.406549;0.131662;0.804500;10.024654;0
0.392360;0.124494;0.805870;10.024654;0
0.377694;0.116665;0.805870;10.024654;0
0.361981;0.118123;0.805870;10.024654;0
0.339955;0.131284;0.806527;10.024654;0
0.322376;0.142772;0.806527;10.024654;0
0.304883;0.140676;0.806521;10.024654;0
0.285987;0.136177;0.806521;10.024654;0
0.260473;0.139333;0.805923;10.024654;0
0.241283;0.150358;0.805923;10.024654;0
0.221777;0.158679;0.804825;10.024654;0
0.201904;0.149626;0.804825;10.024654;0
0.175805;0.131582;0.803337;10.024654;0
0.155453;0.125729;0.803337;10.024654;0
0.135568;0.124336;0.803337;10.024654;0
0.116373;0.113638;0.801586;10.024654;0
0.097135;0.105643;0.801586;10.024654;0
0.078441;0.106129;0.799716;10.024654;0
0.054282;0.121460;0.799716;10.024654;0
0.035770;0.126277;0.797877;10.024654;0
0.017929;0.124946;0.797877;10.024654;0
0.000645;0.123403;0.796230;10.024654;0
-0.022188;0.116305;0.796230;10.024654;0
-0.038748;0.079644;0.794933;10.024654;0
-0.054883;0.029645;0.794933;10.024654;0
-0.070839;-0.005214;0.794143;10.024654;0
-0.091176;-0.009631;0.794143;10.024654;0
-0.107133;0.018134;0.794004;10.024654;0
-0.122654;0.048082;0.794004;10.024654;0
-0.138424;0.073560;0.794643;10.024654;0
-0.154336;0.099252;0.794643;10.024654;0
-0.175341;0.133179;0.796159;10.024654;0
-0.192166;0.157366;0.796159;10.024654;0
-0.208449;0.170080;0.798622;10.024654;0
-0.225224;0.160949;0.798622;10.024654;0
-0.243735;0.144128;0.802059;10.024654;0
-0.270779;0.126086;0.802059;10.024654;0
-0.294232;0.123675;0.806454;10.024654;0
-0.320742;0.129144;0.806454;10.024654;0
-0.351576;0.129322;0.811739;10.024654;0
0.851407;0.001292;0.811739;10.024654;0
0.871327;-0.024891;0.817799;10.024654;0
0.893233;-0.047086;0.817799;10.024654;0
0.917028;-0.054796;0.824478;10.024654;0
0.942140;-0.055393;0.824478;10.024654;0
0.968528;-0.052038;0.824478;10.024654;0
1.000000;-0.035880;0.831589;10.024654;0
1.000000;-0.014329;0.831589;10.024654;0
1.000000;0.012344;0.838927;10.024654;0
1.000000;0.037237;0.838927;10.024654;0
1.000000;0.047789;0.838927;10.024654;0
1.000000;0.054784;0.846276;10.024654;0
1.000000;0.062261;0.846276;10.024654;0
1.000000;0.074490;0.846276;10.024654;0
1.000000;0.086439;0.853418;10.024654;0
1.000000;0.091092;0.853418;10.024654;0
1.000000;0.093833;0.853418;10.024654;0
1.000000;0.098301;0.853418;10.024654;0
1.000000;0.105430;0.860138;10.024654;0
1.000000;0.109084;0.860138;10.024654;0
1.000000;0.108394;0.860138;10.024654;0
1.000000;0.110437;0.860138;10.024654;0
1.000000;0.115698;0.860138;10.024654;0
1.000000;0.125424;0.860138;10.024654;0
1.000000;0.132335;0.866230;10.024654;0
1.000000;0.133669;0.866230;10.024654;0
1.000000;0.135554;0.866230;10.024654;0
1.000000;0.141926;0.866230;10.024654;0
1.000000;0.145971;0.871505;10.024654;0
1.000000;0.146999;0.871505;10.024654;0
1.000000;0.151510;0.871505;10.024654;0
1.000000;0.159902;0.871505;10.024654;0
1.000000;0.168588;0.875787;10.024654;0
1.000000;0.166934;0.875787;10.024654;0
0.978785;0.160730;0.875787;10.024654;0
0.949240;0.159898;0.875787;10.024654;0
0.920225;0.164758;0.878921;10.024654;0
0.890624;0.165507;0.878921;10.024654;0
0.860776;0.163254;0.878921;10.024654;0
0.830346;0.164353;0.878921;10.024654;0
0.790295;0.173191;0.880776;10.024654;0
0.759819;0.181499;0.880776;10.024654;0
0.729861;0.178326;0.880776;10.024654;0
0.700864;0.171779;0.880776;10.024654;0
0.662266;0.165635;0.881241;10.024654;0
0.633724;0.161043;0.881241;10.024654;0
0.606514;0.149478;0.881241;10.024654;0
0.580366;0.137178;0.880229;10.024654;0
0.554868;0.130057;0.880229;10.024654;0
0.524185;0.131607;0.880229;10.024654;0
0.501408;0.142279;0.880229;10.024654;0
0.479108;0.151995;0.877676;10.024654;0
0.457757;0.147546;0.877676;10.024654;0
0.437493;0.139598;0.877676;10.024654;0
0.418304;0.137066;0.877676;10.024654;0
0.394533;0.138082;0.873544;10.024654;0
0.377913;0.127883;0.873544;10.024654;0
0.362296;0.117445;0.873544;10.024654;0
0.347855;0.113505;0.867819;10.024654;0
0.333697;0.118374;0.867819;10.024654;0
0.315964;0.125888;0.867819;10.024654;0
0.303773;0.118924;0.867819;10.024654;0
0.292298;0.113202;0.860512;10.024654;0
0.281238;0.113586;0.860512;10.024654;0
0.270707;0.119465;0.860512;10.024654;0
0.257652;0.116126;0.851658;10.024654;0
0.248573;0.104622;0.851658;10.024654;0
0.239850;0.094807;0.851658;10.024654;0
0.231583;0.090576;0.851658;10.024654;0
0.223838;0.093370;0.841318;10.024654;0
0.214170;0.094327;0.841318;10.024654;0
0.207404;0.081175;0.841318;10.024654;0
0.201071;0.069565;0.829579;10.024654;0
0.195095;0.063828;0.829579;10.024654;0
0.189424;0.066223;0.829579;10.024654;0
0.182145;0.081348;0.816553;10.024654;0
0.177064;0.086693;0.816553;10.024654;0
0.172444;0.074759;0.802380;10.024654;0
0.168292;0.063173;0.802380;10.024654;0
0.164684;0.059699;0.802380;10.024654;0
0.160581;0.062085;0.787226;10.024654;0
0.158269;0.055615;0.787226;10.024654;0
0.156868;0.051510;0.787226;10.024654;0
0.156566;0.052807;0.771286;10.024654;0
0.157813;0.053212;0.771286;10.024654;0
0.162970;0.035732;0.771286;10.024654;0
0.170487;0.023331;0.754785;10.024654;0
0.194409;0.062161;0.754785;10.024654;0
0.190817;0.068805;0.754785;10.024654;0
0.188316;0.075007;0.737967;10.024654;0
0.186710;0.064111;0.737967;10.024654;0
0.186891;0.059611;0.737967;10.024654;0
0.188169;0.063561;0.721078;10.024654;0
0.190361;0.074118;0.721078;10.024654;0
0.193210;0.087099;0.704354;10.024654;0
0.197921;0.092589;0.704354;10.024654;0
0.201919;0.089195;0.704354;10.024654;0
0.205899;0.087406;0.688019;10.024654;0
0.209920;0.091147;0.688019;10.024654;0
0.213569;0.096886;0.688019;10.024654;0
0.217716;0.086252;0.672288;10.024654;0
0.220118;0.078842;0.672288;10.024654;0
0.221789;0.080480;0.657361;10.024654;0
0.222553;0.090404;0.657361;10.024654;0
0.222087;0.101802;0.657361;10.024654;0
0.220636;0.097952;0.643428;10.024654;0
0.218159;0.094412;0.643428;10.024654;0
0.214663;0.093953;0.630660;10.024654;0
0.210338;0.099301;0.630660;10.024654;0
0.203229;0.107677;0.619213;10.024654;0
0.196897;0.100170;0.619213;10.024654;0
0.189777;0.090244;0.609224;10.024654;0
0.182029;0.087399;0.609224;10.024654;0
0.173680;0.093969;0.600805;10.024654;0
0.162212;0.092165;0.600805;10.024654;0
0.153342;0.088394;0.594048;10.024654;0
0.144222;0.089643;0.594048;10.024654;0
0.134549;0.097281;0.589016;10.024654;0
0.124752;0.104033;0.589016;10.024654;0
0.111975;0.094114;0.585746;10.024654;0
0.102389;0.087156;0.585746;10.024654;0
0.092914;0.086085;0.584248;10.024654;0
0.083726;0.093764;0.584248;10.024654;0
0.074615;0.098368;0.584502;10.024654;0
0.063407;0.092852;0.584502;10.024654;0
0.055116;0.091247;0.586465;10.024654;0
0.046934;0.095466;0.590066;10.024654;0
0.039057;0.099695;0.590066;10.024654;0
0.031724;0.088918;0.595216;10.024654;0
0.022687;0.071056;0.595216;10.024654;0
0.016214;0.064636;0.601803;10.024654;0
0.009892;0.066985;0.601803;10.024654;0
0.003727;0.076736;0.609704;10.024654;0
-0.003781;0.078647;0.609704;10.024654;0
-0.009119;0.068386;0.618781;10.024654;0
-0.014169;0.058692;0.618781;10.024654;0
-0.019182;0.054703;0.628884;10.024654;0
-0.025711;0.054998;0.639861;10.024654;0
-0.030774;0.046920;0.639861;10.024654;0
-0.036022;0.038654;0.651550;10.024654;0
-0.041590;0.034627;0.651550;10.024654;0
0.693157;0.052986;0.651550;10.024654;0
0.702118;0.053802;0.663787;10.024654;0
0.709492;0.044741;0.663787;10.024654;0
0.716705;0.041004;0.676411;10.024654;0
0.726582;0.049480;0.676411;10.024654;0
0.733963;0.069682;0.689273;10.024654;0
0.740338;0.092072;0.689273;10.024654;0
0.745947;0.104651;0.702250;10.024654;0
0.750460;0.113452;0.702250;10.024654;0
0.754302;0.109705;0.702250;10.024654;0
0.755818;0.103121;0.715236;10.024654;0
0.756037;0.091722;0.715236;10.024654;0
0.754923;0.089121;0.728140;10.024654;0
0.752024;0.099452;0.728140;10.024654;0
0.745854;0.129345;0.728140;10.024654;0
0.738823;0.154213;0.740891;10.024654;0
0.729760;0.166276;0.740891;10.024654;0
0.718342;0.175604;0.740891;10.024654;0
0.700627;0.189076;0.753432;10.024654;0
0.684877;0.200729;0.753432;10.024654;0
0.667871;0.201358;0.765717;10.024654;0
0.648862;0.193375;0.765717;10.024654;0
0.629596;0.186674;0.765717;10.024654;0
0.602179;0.188694;0.777713;10.024654;0
0.580839;0.192875;0.777713;10.024654;0
0.558488;0.184886;0.789400;10.024654;0
0.536372;0.175340;0.789400;10.024654;0
0.514305;0.174422;0.789400;10.024654;0
0.484428;0.189645;0.800763;10.024654;0
0.462397;0.192786;0.800763;10.024654;0
0.440660;0.187966;0.811799;10.024654;0
0.419037;0.185525;0.811799;10.024654;0
0.398334;0.189914;0.811799;10.024654;0
0.371049;0.198673;0.822510;10.024654;0
0.351323;0.192835;0.822510;10.024654;0
0.332399;0.185877;0.832901;10.024654;0
0.314921;0.183547;0.832901;10.024654;0
0.297869;0.189304;0.832901;10.024654;0
0.276678;0.198079;0.842986;10.024654;0
0.261321;0.188925;0.842986;10.024654;0
0.246837;0.174998;0.852775;10.024654;0
0.233176;0.167627;0.852775;10.024654;0
0.216181;0.172884;0.852775;10.024654;0
0.203834;0.175882;0.862283;10.024654;0
0.192407;0.164567;0.862283;10.024654;0
0.181272;0.153368;0.871522;10.024654;0
0.171092;0.149828;0.871522;10.024654;0
0.161242;0.153177;0.871522;10.024654;0
0.149204;0.142812;0.880501;10.024654;0
0.141088;0.133424;0.880501;10.024654;0
0.133029;0.130953;0.889225;10.024654;0
0.125122;0.136540;0.889225;10.024654;0
0.115269;0.144644;0.897693;10.024654;0
0.108107;0.135469;0.897693;10.024654;0
0.101355;0.126654;0.897693;10.024654;0
0.094810;0.125671;0.905898;10.024654;0
0.088470;0.127100;0.905898;10.024654;0
0.080544;0.111813;0.913821;10.024654;0
0.074940;0.098417;0.913821;10.024654;0
0.069604;0.094276;0.913821;10.024654;0
0.064312;0.100249;0.921436;10.024654;0
0.057769;0.106742;0.921436;10.024654;0
0.052928;0.098569;0.928704;10.024654;0
0.048432;0.091098;0.928704;10.024654;0
0.044346;0.090727;0.928704;10.024654;0
0.040434;0.096924;0.935575;10.024654;0
0.053709;0.105286;0.935575;10.024654;0
0.048266;0.090828;0.941990;10.024654;0
0.043078;0.068459;0.941990;10.024654;0
0.038217;0.052771;0.941990;10.024654;0
0.033740;0.050331;0.947877;10.024654;0
0.028743;0.059500;0.947877;10.024654;0
0.024734;0.060437;0.953162;10.024654;0
0.021436;0.060777;0.953162;10.024654;0
0.018353;0.069229;0.953162;10.024654;0
0.015402;0.084383;0.957767;10.024654;0
0.011793;0.113404;0.957767;10.024654;0
0.009331;0.127428;0.961618;10.024654;0
0.007025;0.121370;0.961618;10.024654;0
0.004918;0.112882;0.961618;10.024654;0
0.002894;0.109557;0.964643;10.024654;0
0.000299;0.115566;0.964643;10.024654;0
-0.001548;0.117994;0.964643;10.024654;0
-0.003251;0.106291;0.966781;10.024654;0
-0.004903;0.095842;0.966781;10.024654;0
-0.006832;0.098903;0.967978;10.024654;0
-0.008537;0.107845;0.967978;10.024654;0
-0.009949;0.102424;0.967978;10.024654;0
-0.011287;0.099043;0.968195;10.024654;0
-0.012618;0.103661;0.968195;10.024654;0
-0.014328;0.118806;0.968195;10.024654;0
-0.015608;0.130100;0.967403;10.024654;0
-0.016736;0.125181;0.967403;10.024654;0
-0.017825;0.115984;0.965591;10.024654;0
-0.018859;0.111796;0.965591;10.024654;0
-0.019837;0.116883;0.965591;10.024654;0
-0.020866;0.115129;0.962762;10.024654;0
-0.021545;0.108870;0.962762;10.024654;0
-0.022230;0.108008;0.962762;10.024654;0
-0.022909;0.114265;0.958939;10.024654;0
-0.023777;0.131869;0.958939;10.024654;0
-0.024274;0.133345;0.954158;10.024654;0
-0.024700;0.124789;0.954158;10.024654;0
-0.025093;0.116003;0.954158;10.024654;0
-0.025472;0.113839;0.948476;10.024654;0
-0.025725;0.106005;0.948476;10.024654;0
-0.025973;0.086512;0.941966;10.024654;0
-0.026161;0.081583;0.941966;10.024654;0
-0.026357;0.090395;0.941966;10.024654;0
-0.026539;0.106880;0.934717;10.024654;0
-0.026503;0.115945;0.934717;10.024654;0
-0.026400;0.106475;0.926836;10.024654;0
-0.026340;0.097326;0.926836;10.024654;0
-0.026350;0.093458;0.926836;10.024654;0
-0.026415;0.097053;0.918442;10.024654;0
-0.026462;0.097901;0.918442;10.024654;0
-0.026518;0.088815;0.909667;10.024654;0
-0.026632;0.086443;0.909667;10.024654;0
-0.026800;0.092240;0.909667;10.024654;0
-0.026993;0.102962;0.900652;10.024654;0
-0.027152;0.098430;0.900652;10.024654;0
-0.027417;0.087124;0.891546;10.024654;0
-0.027688;0.084559;0.891546;10.024654;0
-0.028028;0.088007;0.891546;10.024654;0
-0.028415;0.099000;0.882497;10.024654;0
-0.028787;0.102622;0.882497;10.024654;0
-0.029317;0.085041;0.873651;10.024654;0
-0.029888;0.070718;0.873651;10.024654;0
-0.030649;0.063299;0.873651;10.024654;0
-0.031685;0.063169;0.865144;10.024654;0
-0.033163;0.061307;0.865144;10.024654;0
-0.036131;0.032638;0.857099;10.024654;0
-0.583390;0.034330;0.857099;10.024654;0
-0.590479;0.013997;0.849613;10.024654;0
-0.600560;-0.008949;0.849613;10.024654;0
-0.608962;-0.023002;0.849613;10.024654;0
-0.618220;-0.038612;0.842758;10.024654;0
-0.627853;-0.041650;0.842758;10.024654;0
-0.638111;-0.028705;0.836575;10.024654;0
-0.651631;0.005139;0.836575;10.024654;0
-0.661701;0.022827;0.836575;10.024654;0
-0.671301;0.038163;0.831076;10.024654;0
-0.680674;0.057053;0.831076;10.024654;0
-0.689289;0.075275;0.826248;10.024654;0
-0.699377;0.078193;0.826248;10.024654;0
-0.705999;0.075346;0.826248;10.024654;0
-0.711498;0.076351;0.822053;10.024654;0
-0.716147;0.084413;0.822053;10.024654;0
-0.719390;0.090788;0.822053;10.024654;0
-0.721510;0.084826;0.818430;10.024654;0
-0.721637;0.081353;0.818430;10.024654;0
-0.720485;0.083829;0.818430;10.024654;0
-0.717940;0.083393;0.815302;10.024654;0
-0.714230;0.078130;0.815302;10.024654;0
-0.707146;0.077991;0.815302;10.024654;0
-0.700533;0.088504;0.812579;10.024654;0
-0.692648;0.102003;0.812579;10.024654;0
-0.683452;0.104714;0.812579;10.024654;0
-0.673187;0.105304;0.810160;10.024654;0
-0.657759;0.113448;0.810160;10.024654;0
-0.645106;0.125493;0.810160;10.024654;0
-0.631471;0.135019;0.807938;10.024654;0
-0.616908;0.132754;0.807938;10.024654;0
-0.601750;0.128074;0.807938;10.024654;0
-0.586435;0.128527;0.805802;10.024654;0
-0.565039;0.139913;0.805802;10.024654;0
-0.548764;0.146776;0.805802;10.024654;0
-0.531838;0.142722;0.803644;10.024654;0
-0.515125;0.137704;0.803644;10.024654;0
-0.498441;0.138033;0.803644;10.024654;0
-0.476080;0.136851;0.801357;10.024654;0
-0.459515;0.129580;0.801357;10.024654;0
-0.443231;0.127059;0.801357;10.024654;0
-0.426937;0.129770;0.798843;10.024654;0
-0.411147;0.128853;0.798843;10.024654;0
-0.390828;0.119072;0.798843;10.024654;0
-0.375791;0.098213;0.796008;10.024654;0
-0.361460;0.074337;0.796008;10.024654;0
-0.348384;0.049301;0.796008;10.024654;0
-0.335556;0.037140;0.792772;10.024654;0
-0.319566;0.049670;0.792772;10.024654;0
-0.307952;0.079202;0.792772;10.024654;0
-0.296896;0.112170;0.789062;10.024654;0
-0.285966;0.131433;0.789062;10.024654;0
-0.275542;0.145515;0.789062;10.024654;0
-0.261990;0.163155;0.784823;10.024654;0
-0.251942;0.175525;0.784823;10.024654;0
-0.242196;0.172738;0.784823;10.024654;0
-0.232556;0.158912;0.780008;10.024654;0
-0.223293;0.145791;0.780008;10.024654;0
-0.214552;0.139041;0.780008;10.024654;0
-0.203163;0.135345;0.774588;10.024654;0
-0.195014;0.123588;0.774588;10.024654;0
-0.187536;0.114136;0.774588;10.024654;0
-0.180287;0.111454;0.768549;10.024654;0
-0.173343;0.117050;0.768549;10.024654;0
-0.164431;0.128157;0.761891;10.024654;0
-0.158189;0.123982;0.761891;10.024654;0
-0.152237;0.114680;0.761891;10.024654;0
-0.146659;0.108592;0.754634;10.024654;0
-0.141612;0.109609;0.754634;10.024654;0
-0.135921;0.112140;0.754634;10.024654;0
-0.132711;0.103101;0.746813;10.024654;0
-0.130454;0.094504;0.746813;10.024654;0
-0.129633;0.090692;0.746813;10.024654;0
-0.344837;0.089879;0.738487;10.024654;0
-0.339609;0.090151;0.738487;10.024654;0
-0.334780;0.080866;0.729730;10.024654;0
-0.330386;0.073340;0.729730;10.024654;0
-0.325391;0.079494;0.729730;10.024654;0
-0.321928;0.089953;0.720634;10.024654;0
-0.318476;0.093001;0.720634;10.024654;0
-0.315137;0.097887;0.720634;10.024654;0
-0.310828;0.114956;0.711300;10.024654;0
-0.307069;0.135595;0.711300;10.024654;0
-0.303061;0.145807;0.701835;10.024654;0
-0.298210;0.147770;0.701835;10.024654;0
-0.291116;0.152700;0.701835;10.024654;0
-0.284733;0.163456;0.692359;10.024654;0
-0.277551;0.162942;0.692359;10.024654;0
-0.269414;0.156829;0.682996;10.024654;0
-0.260522;0.156983;0.682996;10.024654;0
-0.251223;0.163608;0.673883;10.024654;0
-0.237150;0.169651;0.673883;10.024654;0
-0.226183;0.161836;0.665158;10.024654;0
-0.214340;0.155038;0.665158;10.024654;0
-0.202094;0.153708;0.665158;10.024654;0
-0.186106;0.165124;0.656970;10.024654;0
-0.173049;0.171558;0.656970;10.024654;0
-0.160045;0.162177;0.649469;10.024654;0
-0.147500;0.151584;0.649469;10.024654;0
-0.134328;0.147555;0.642807;10.024654;0
-0.117192;0.152722;0.642807;10.024654;0
-0.104573;0.152389;0.637133;10.024654;0
-0.092232;0.137782;0.632590;10.024654;0
-0.080251;0.123645;0.632590;10.024654;0
-0.068449;0.116776;0.629307;10.024654;0
-0.053294;0.124193;0.629307;10.024654;0
-0.042507;0.126132;0.627399;10.024654;0
-0.031914;0.124214;0.626958;10.024654;0
-0.021893;0.124448;0.626958;10.024654;0
-0.012038;0.131435;0.628045;10.024654;0
0.000502;0.139250;0.628045;10.024654;0
0.009859;0.127577;0.630691;10.024654;0
0.018484;0.115425;0.634891;10.024654;0
0.027089;0.111821;0.634891;10.024654;0
0.035417;0.118003;0.640598;10.024654;0
0.046409;0.127813;0.647728;10.024654;0
0.055077;0.118850;0.647728;10.024654;0
0.063699;0.103479;0.656157;10.024654;0
0.072686;0.094857;0.665720;10.024654;0
0.081661;0.095610;0.665720;10.024654;0
0.094531;0.094951;0.676221;10.024654;0
0.105190;0.088453;0.676221;10.024654;0
0.117228;0.085860;0.687426;10.024654;0
0.130739;0.090666;0.699076;10.024654;0
-0.820363;0.041057;0.699076;10.024654;0
-0.838887;0.014896;0.710886;10.024654;0
-0.854294;-0.002486;0.710886;10.024654;0
-0.870866;-0.008409;0.722568;10.024654;0
-0.889024;-0.001500;0.722568;10.024654;0
-0.914551;0.011863;0.733852;10.024654;0
-0.933998;0.023639;0.733852;10.024654;0
-0.953351;0.043959;0.733852;10.024654;0
-0.972491;0.068214;0.744488;10.024654;0
-0.990576;0.081264;0.744488;10.024654;0
-1.000000;0.094879;0.754251;10.024654;0
-1.000000;0.108063;0.754251;10.024654;0
-1.000000;0.122993;0.754251;10.024654;0
-1.000000;0.129267;0.762938;10.024654;0
-1.000000;0.127095;0.762938;10.024654;0
-1.000000;0.125478;0.762938;10.024654;0
-1.000000;0.131859;0.770373;10.024654;0
-1.000000;0.138276;0.770373;10.024654;0
-1.000000;0.137944;0.776406;10.024654;0
-1.000000;0.138588;0.776406;10.024654;0
-1.000000;0.141829;0.776406;10.024654;0
-1.000000;0.151024;0.776406;10.024654;0
-1.000000;0.156925;0.776406;10.024654;0
-1.000000;0.154286;0.780913;10.024654;0
-0.994179;0.151728;0.780913;10.024654;0
-0.973622;0.155103;0.780913;10.024654;0
-0.944534;0.166651;0.783795;10.024654;0
-0.919548;0.166632;0.783795;10.024654;0
-0.893537;0.163057;0.783795;10.024654;0
-0.866892;0.162419;0.784978;10.024654;0
-0.838286;0.167383;0.784978;10.024654;0
-0.798658;0.179484;0.784978;10.024654;0
-0.768405;0.177978;0.784413;10.024654;0
-0.737183;0.174424;0.784413;10.024654;0
-0.705790;0.173410;0.784413;10.024654;0
-0.675473;0.178711;0.782077;10.024654;0
-0.634038;0.183396;0.782077;10.024654;0
-0.603294;0.174000;0.782077;10.024654;0
-0.573163;0.165121;0.782077;10.024654;0
-0.543243;0.162366;0.777971;10.024654;0
-0.514594;0.161519;0.777971;10.024654;0
-0.477618;0.144072;0.777971;10.024654;0
-0.450438;0.131821;0.772121;10.024654;0
-0.424934;0.129174;0.772121;10.024654;0
-0.400945;0.132388;0.772121;10.024654;0
-0.377609;0.129825;0.764576;10.024654;0
-0.349511;0.121835;0.764576;10.024654;0
