0.114470;-0.393819;0.256553;9.740709
0.127024;-0.499791;0.249781;9.724783
0.100153;-0.196545;0.257732;9.736590
0.088692;-0.044073;0.257683;9.741841
0.069246;0.192893;0.261692;9.749489
0.052350;0.384611;0.265812;9.760982
0.094756;-0.102492;0.239284;9.757747
0.078594;0.087216;0.238844;9.755603
0.071198;0.141205;0.234440;9.762685
0.060512;0.254001;0.232115;9.770770
0.053342;0.317052;0.228507;9.778437
0.091888;-0.207995;0.197758;9.751143
0.077566;0.005047;0.193329;9.755604
0.074857;0.044639;0.184009;9.757835
0.068690;0.145381;0.177328;9.764281
0.063304;0.237031;0.171415;9.772286
0.088768;-0.145761;0.143664;9.744697
0.078763;0.039821;0.138051;9.753069
0.076382;0.099280;0.129898;9.755559
0.074788;0.151321;0.122240;9.761808
0.099141;-0.335697;0.097437;9.738812
0.089959;-0.084126;0.092059;9.746802
0.085710;0.034594;0.085898;9.752652
0.082918;0.149507;0.080426;9.760743
0.081085;0.244027;0.075830;9.768786
0.100126;-0.320311;0.057160;9.754359
0.094662;-0.095473;0.053591;9.757198
0.092168;0.019047;0.049617;9.764279
0.091182;0.092535;0.044618;9.771212
0.091037;0.142572;0.039746;9.778454
0.098399;-0.261018;0.027664;9.768052
0.095504;-0.044366;0.023187;9.773635
0.095423;0.062266;0.018264;9.781023
0.095108;0.210415;0.013856;9.791416
0.098817;-0.296167;0.003558;9.776056
0.097394;-0.344140;-0.006886;9.770323
0.095337;0.116748;-0.012625;9.777072
0.096107;0.506055;-0.018452;9.785114
0.089134;0.744326;-0.024035;9.805710
0.072881;0.059376;-0.029332;9.817389
0.050169;0.185753;-0.032089;9.811265
0.025769;0.214382;-0.031669;9.822214
0.000015;0.194100;-0.027840;9.827896
-0.021010;0.116025;-0.020089;9.827863
-0.044643;0.069837;-0.007831;9.826833
-0.036501;-0.506389;0.005664;9.783309
-0.076249;-0.262645;0.028828;9.795061
-0.103752;-0.211504;0.056597;9.794046
-0.155395;-0.090853;0.094178;9.799463
-0.035004;-0.476284;0.122568;9.786274
-0.011405;-0.158102;0.170654;9.794938
0.016551;-0.003100;0.216023;9.801265
0.029442;0.143525;0.261897;9.811120
0.037572;0.203942;0.305998;9.821234
0.032430;0.237163;0.349541;9.829961
0.100498;-0.234202;0.363450;9.820921
0.058954;-0.052053;0.402402;9.822973
0.033257;0.015733;0.434456;9.827791
0.000573;0.133268;0.468270;9.834100
-0.023619;0.204232;0.500015;9.839750
0.062337;-0.240593;0.486619;9.824530
0.032951;-0.067169;0.509042;9.824924
0.009680;0.059757;0.530687;9.830220
-0.009871;0.168719;0.550655;9.836741
0.083447;-0.245246;0.520243;9.825677
0.035300;0.021855;0.543296;9.827035
0.021716;0.073803;0.552021;9.828801
0.007761;0.152011;0.560915;9.835383
-0.006594;0.209155;0.571023;9.842599
0.084699;-0.315429;0.514427;9.824782
0.070262;-0.122903;0.526053;9.821386
0.053505;-0.041567;0.527507;9.825547
0.023512;0.115442;0.535535;9.832856
0.001991;0.219224;0.542282;9.839877
0.105138;-0.270786;0.485594;9.816647
0.077430;-0.105397;0.486769;9.816810
0.059425;-0.015876;0.485042;9.822872
0.036679;0.116326;0.486857;9.829231
0.027063;0.162699;0.484775;9.832915
0.026737;0.158581;0.479337;9.834809
0.091249;-0.166956;0.427104;9.800819
0.046898;0.071559;0.437431;9.812124
0.036833;0.121326;0.433582;9.816938
0.026304;0.187730;0.433189;9.825029
0.103378;-0.247858;0.382410;9.800980
0.076869;-0.060452;0.382477;9.807061
0.063471;0.035360;0.379248;9.813037
0.048053;0.138025;0.378825;9.819944
0.037976;0.205072;0.377823;9.826982
0.113635;-0.295749;0.326082;9.797774
0.090281;-0.115720;0.323718;9.803474
0.072748;0.009526;0.321165;9.809434
0.055643;0.141470;0.321359;9.815124
0.039095;0.259556;0.323641;9.823276
0.097623;-0.200927;0.283096;9.798117
0.074383;-0.004929;0.285517;9.803452
0.061101;0.091582;0.285094;9.809420
0.047729;0.197638;0.286542;9.816906
0.114547;-0.375221;0.242815;9.786568
0.090593;-0.139180;0.244112;9.791989
0.081219;-0.049491;0.240045;9.796873
0.062373;0.150580;0.242752;9.805388
0.046283;0.296650;0.246643;9.813704
0.107568;-0.329702;0.207568;9.785407
0.088621;-0.110008;0.209484;9.789536
0.078296;-0.021540;0.207942;9.795336
0.062106;0.154451;0.210344;9.803192
0.052642;0.254434;0.212211;9.810546
0.107527;-0.377698;0.178379;9.782633
0.086754;-0.111982;0.181711;9.788441
0.077060;0.000456;0.181695;9.794628
0.068822;0.105059;0.180673;9.799813
0.101127;-0.309967;0.156937;9.785352
0.086465;-0.090816;0.157326;9.788159
0.076099;0.039043;0.157016;9.794812
0.065446;0.200679;0.158321;9.802739
0.059212;0.282582;0.159404;9.811391
0.096002;-0.290974;0.136964;9.791322
0.084386;-0.097518;0.137472;9.793701
0.072426;0.077348;0.139989;9.802129
0.065048;0.185832;0.140059;9.807622
0.064212;0.189271;0.137911;9.812019
0.093196;-0.332659;0.118832;9.790104
0.080721;-0.091038;0.120174;9.797102
0.073071;0.041730;0.120268;9.804234
0.066151;0.182786;0.120409;9.811939
0.065753;0.173282;0.117631;9.815886
0.089789;-0.327947;0.099851;9.790035
0.080174;-0.046294;0.099832;9.800561
0.080079;0.057589;0.097420;9.803710
0.083610;0.161289;0.094697;9.810759
0.089335;0.236661;0.091677;9.818156
0.106910;0.003147;0.075714;9.799067
0.111767;0.113688;0.069351;9.803979
0.116758;0.199546;0.060978;9.809081
0.122122;0.205243;0.050306;9.812511
0.128528;0.270280;0.038552;9.817845
0.128072;-0.239968;0.017577;9.783042
0.132993;-0.095418;0.001556;9.787858
0.140788;0.029783;-0.016586;9.788925
0.100809;0.238854;-0.035495;9.798511
0.057795;-0.203572;-0.051151;9.775331
0.039297;0.029080;-0.064432;9.780740
0.032452;0.213165;-0.074796;9.790557
0.034735;0.343895;-0.082536;9.801173
0.043618;0.412396;-0.087585;9.813707
0.050062;0.040503;-0.087432;9.781109
0.061505;0.075507;-0.087534;9.787663
0.071631;0.177248;-0.086185;9.796115
0.079745;0.287020;-0.083712;9.807677
0.083370;0.241954;-0.079325;9.810137
0.075310;-0.440211;-0.068439;9.756248
0.074984;-0.310295;-0.063468;9.751596
0.075100;-0.059543;-0.059135;9.771611
0.075402;0.089774;-0.054438;9.779822
0.075335;0.197114;-0.049438;9.788005
0.068582;-0.409713;-0.038388;9.744849
0.071148;-0.071256;-0.034939;9.762416
0.072706;0.065119;-0.031427;9.774006
0.073939;0.189263;-0.028184;9.782924
0.075239;0.258532;-0.025250;9.793610
0.075912;0.279738;-0.022637;9.802532
0.072889;-0.263057;-0.016608;9.760898
0.074585;0.020733;-0.016621;9.780800
0.075403;0.088883;-0.016106;9.786250
0.076094;0.160885;-0.015977;9.793397
0.077100;0.235665;-0.016231;9.803765
0.074568;-0.378672;-0.013064;9.752043
0.076674;-0.045678;-0.015310;9.772198
0.077572;-0.004456;-0.016456;9.777952
0.079127;0.130883;-0.018063;9.787159
0.080157;0.172779;-0.019315;9.792038
0.081552;0.255503;-0.020881;9.802168
0.079804;-0.135663;-0.019863;9.757722
0.081151;0.045743;-0.021980;9.771936
0.082938;0.253683;-0.024198;9.783912
0.084804;0.383204;-0.026087;9.797655
0.081014;-0.480175;-0.023178;9.725031
0.082414;-0.159582;-0.025779;9.744246
0.084249;0.008408;-0.027694;9.761074
0.085601;0.115503;-0.029064;9.766481
0.087023;0.264609;-0.030526;9.779288
0.084749;-0.210561;-0.028596;9.749501
0.085627;-0.024855;-0.029863;9.757845
0.086587;0.073460;-0.030621;9.767306
0.088738;0.294689;-0.031977;9.783132
0.089792;0.345192;-0.032452;9.792109
0.084979;-0.464462;-0.028069;9.738023
0.086435;-0.247409;-0.029068;9.744999
0.088276;-0.069337;-0.030112;9.758761
0.090219;0.164776;-0.031529;9.768681
0.092723;0.299696;-0.032693;9.777113
0.087915;-0.424659;-0.028754;9.736894
0.090935;-0.082842;-0.031096;9.749523
0.093765;0.039063;-0.032706;9.756569
0.095735;0.159257;-0.034365;9.764587
0.097393;0.180243;-0.035634;9.771394
0.090747;-0.438918;-0.032642;9.732900
0.094510;-0.035774;-0.036799;9.749088
0.093060;0.172624;-0.040184;9.756838
0.087856;0.256682;-0.042383;9.764997
0.079843;0.290288;-0.043699;9.773731
0.063876;-0.367701;-0.039058;9.746711
0.054203;-0.146311;-0.039192;9.751523
0.042475;-0.068365;-0.037069;9.755491
0.028121;-0.035516;-0.032783;9.757177
0.017441;-0.695159;-0.024090;9.734100
0.132590;-0.157238;-0.020147;9.749926
0.212080;0.007365;-0.022913;9.751760
0.267773;0.225917;-0.032771;9.763971
0.294161;0.359414;-0.049398;9.779941
0.254306;0.008496;-0.062950;9.778573
0.234968;0.117981;-0.087720;9.786909
0.216364;0.267830;-0.117908;9.799471
0.200455;0.382359;-0.152921;9.812453
0.193280;0.472449;-0.192037;9.827385
0.119721;0.005552;-0.206508;9.807445
0.122640;0.072538;-0.240637;9.814456
0.141574;0.230637;-0.279962;9.823006
0.153736;0.281702;-0.314668;9.829832
0.066539;-0.400718;-0.311714;9.800322
0.093001;-0.171756;-0.343288;9.804491
0.118874;-0.012434;-0.373455;9.813303
0.153337;0.220481;-0.407510;9.824101
0.163465;0.260650;-0.430814;9.832243
0.061316;-0.388122;-0.405610;9.802369
0.067795;-0.283752;-0.421068;9.790765
0.085327;-0.112877;-0.436056;9.803095
0.102652;0.020312;-0.447679;9.815145
0.129929;0.205593;-0.463453;9.830106
0.148636;0.310893;-0.476237;9.843824
0.039287;-0.365759;-0.425595;9.802604
0.067599;-0.114606;-0.433965;9.812283
0.088304;0.016598;-0.437463;9.827383
0.119382;0.220754;-0.446210;9.841690
0.147487;0.388190;-0.455837;9.860064
0.070983;-0.136979;-0.409399;9.821135
0.090815;0.040219;-0.410260;9.831330
0.100721;0.103144;-0.405936;9.842430
0.108385;0.148369;-0.400461;9.850848
0.022783;-0.471109;-0.340728;9.796181
0.056129;-0.153316;-0.343327;9.812993
0.071994;-0.029804;-0.337194;9.823211
0.085675;0.096785;-0.330084;9.829142
0.113182;0.323460;-0.334252;9.846912
0.023687;-0.450560;-0.271489;9.782640
0.048730;-0.172386;-0.271417;9.794524
0.071115;0.025376;-0.271710;9.812234
0.093538;0.242018;-0.275288;9.824178
0.098788;0.270020;-0.271034;9.829425
0.031610;-0.428011;-0.223683;9.775707
0.044153;-0.270737;-0.224056;9.767671
0.065958;-0.020682;-0.228430;9.787346
0.088929;0.221669;-0.235759;9.805177
0.106038;0.383830;-0.242321;9.819755
0.042204;-0.410982;-0.200283;9.757540
0.059496;-0.187098;-0.203181;9.766182
0.071329;-0.084619;-0.203865;9.779516
0.093362;0.155229;-0.211252;9.793435
0.049140;-0.422817;-0.180685;9.748856
0.070260;-0.141544;-0.185583;9.755482
0.083258;-0.004925;-0.188891;9.766671
0.091084;0.243142;-0.198150;9.779166
0.076756;0.294667;-0.200873;9.784968
-0.000485;-0.518231;-0.165033;9.735404
-0.019804;-0.230617;-0.165710;9.744571
-0.045690;-0.061261;-0.161047;9.752465
-0.078929;0.048849;-0.148428;9.755553
-0.123626;0.111140;-0.130328;9.759928
-0.153279;-0.655565;-0.086851;9.722900
0.065240;-0.246779;-0.063753;9.738224
0.230621;-0.059890;-0.050269;9.743680
0.351220;0.239103;-0.050286;9.755621
0.416621;0.474398;-0.062709;9.773793
0.337486;-0.233323;-0.058995;9.772896
0.316339;0.017435;-0.087289;9.774662
0.265937;0.064620;-0.116708;9.787455
0.231836;0.236479;-0.157734;9.800871
0.201189;0.337937;-0.202099;9.814225
0.056264;-0.420227;-0.203487;9.771267
0.070460;-0.140770;-0.250361;9.782093
0.086499;0.007960;-0.294216;9.793416
0.113813;0.179863;-0.340368;9.804738
0.127970;0.210905;-0.378672;9.813637
0.027892;-0.456867;-0.368958;9.784822
0.082000;-0.127971;-0.412159;9.797322
0.109113;-0.001800;-0.443984;9.806290
0.143947;0.191698;-0.478189;9.818617
0.160292;0.255688;-0.504163;9.828095
0.033944;-0.414509;-0.465579;9.783963
0.075440;-0.095395;-0.490983;9.797189
0.054841;-0.180571;-0.483532;9.795942
0.093769;0.091851;-0.500147;9.806902
0.121839;0.249653;-0.512310;9.819986
0.045242;-0.109832;-0.467519;9.787072
0.084669;0.142921;-0.478659;9.800462
0.107523;0.253094;-0.481659;9.816889
0.141061;0.414603;-0.492027;9.837088
0.155565;0.432383;-0.494298;9.853330
0.052578;-0.272810;-0.431037;9.803544
0.072595;-0.098837;-0.426460;9.812728
0.087229;0.000378;-0.419052;9.822605
0.110494;0.164455;-0.417125;9.835441
0.130240;0.293481;-0.415882;9.849016
0.120304;0.195083;-0.399619;9.845948
0.038226;-0.292186;-0.329953;9.787067
0.057169;-0.136184;-0.320477;9.800085
0.080910;0.082658;-0.315792;9.809430
0.105259;0.287834;-0.317020;9.822901
0.103443;0.250221;-0.306032;9.825011
0.017584;-0.537724;-0.244063;9.769412
0.040223;-0.266135;-0.243795;9.784394
0.061604;-0.052510;-0.244134;9.799810
0.073233;0.086071;-0.240619;9.803598
0.089124;0.260371;-0.243208;9.816239
0.026953;-0.392362;-0.197507;9.775247
0.057956;-0.005045;-0.206222;9.792551
0.064932;0.070808;-0.204458;9.798399
0.075208;0.182902;-0.206052;9.808987
0.078564;0.207018;-0.205275;9.816140
0.037606;-0.310149;-0.177609;9.787298
0.050114;-0.107230;-0.180248;9.794014
0.063597;0.056716;-0.184088;9.803748
0.075112;0.160944;-0.186907;9.810023
0.091620;0.267344;-0.192350;9.819350
0.049586;-0.509882;-0.159198;9.762634
0.088422;-0.292419;-0.165739;9.771383
0.170969;-0.073606;-0.175540;9.787450
0.232135;0.147575;-0.193992;9.798769
0.169496;-0.429048;-0.178966;9.785357
0.193989;-0.119262;-0.206916;9.794879
0.202826;0.090156;-0.238416;9.808856
0.207390;0.301569;-0.276773;9.821948
0.206010;0.430268;-0.317629;9.838660
0.062556;-0.365111;-0.301114;9.811853
0.092819;-0.056528;-0.343208;9.818846
0.106932;0.059438;-0.378380;9.828589
0.139215;0.266979;-0.419560;9.841873
0.145013;0.266189;-0.447497;9.847878
0.037199;-0.369332;-0.420976;9.805689
0.073344;-0.120030;-0.448980;9.818958
0.109225;0.072409;-0.476286;9.830367
0.126883;0.169315;-0.494542;9.837531
0.019077;-0.425765;-0.451204;9.803003
0.063004;-0.094571;-0.471071;9.813254
0.074952;-0.016720;-0.475161;9.819596
0.097811;0.143916;-0.482582;9.830272
0.137868;0.373843;-0.500195;9.846541
0.030047;-0.302744;-0.441609;9.806694
0.059084;-0.046895;-0.446752;9.812741
0.089381;0.132178;-0.452395;9.827625
0.119080;0.329887;-0.459170;9.841882
0.122043;0.326313;-0.452949;9.847499
0.022205;-0.390353;-0.386697;9.790908
0.045672;-0.138442;-0.383018;9.801059
0.054734;-0.068471;-0.371547;9.807885
0.063452;0.033279;-0.358086;9.812034
-0.021609;-0.538964;-0.285002;9.756436
0.030352;-0.038906;-0.288341;9.767379
0.000619;-0.182973;-0.239161;9.753218
0.042228;0.249183;-0.243005;9.767347
0.068059;0.526915;-0.245443;9.784953
0.082889;0.662379;-0.246570;9.808851
0.087864;0.691818;-0.247061;9.834320
0.036551;-0.034501;-0.208885;9.799079
0.045345;0.158229;-0.210044;9.811916
0.040762;0.114121;-0.201175;9.816828
0.038136;0.137411;-0.191943;9.822850
-0.001517;-0.571219;-0.148984;9.748985
0.001422;-0.326920;-0.137977;9.759268
0.002982;-0.155383;-0.125883;9.770014
0.003599;0.087768;-0.113108;9.777890
-0.002288;0.160102;-0.095776;9.778610
-0.012625;-0.596484;-0.055938;9.724668
-0.023177;-0.265603;-0.038618;9.739758
-0.036277;-0.110404;-0.017121;9.748457
-0.039922;0.103452;0.006687;9.757298
-0.040489;0.349309;0.032299;9.772103
-0.032112;0.391414;0.060233;9.783479
0.012085;-0.144518;0.086933;9.754994
0.014700;-0.058685;0.111455;9.761539
0.010023;-0.006196;0.135683;9.767884
-0.004787;0.010883;0.159569;9.772594
-0.038076;-0.016043;0.184677;9.773926
0.211204;-0.338957;0.192173;9.752822
0.340784;-0.041635;0.196346;9.758252
0.420929;0.056384;0.182915;9.764271
0.411701;-0.431055;0.152022;9.773623
0.396946;-0.079780;0.115691;9.780575
0.348851;0.062729;0.071325;9.788397
0.302373;0.277162;0.015853;9.801695
0.253640;0.371088;-0.045329;9.816645
0.111911;-0.330513;-0.091682;9.819516
0.114887;-0.084815;-0.157487;9.818748
0.121000;0.034839;-0.223807;9.823396
0.140962;0.163391;-0.291615;9.831058
0.044090;-0.390389;-0.325477;9.829796
0.063007;-0.283889;-0.383640;9.820375
0.108067;-0.062518;-0.446727;9.828324
0.143320;0.085724;-0.506082;9.838816
0.159884;0.138280;-0.556952;9.849558
0.176641;0.176275;-0.606706;9.861042
0.177606;0.140537;-0.649144;9.870216
0.068711;-0.229026;-0.644192;9.858579
0.127598;0.009787;-0.695914;9.864932
0.132166;0.053823;-0.725052;9.870541
0.146760;0.124157;-0.755770;9.880664
0.145465;0.123750;-0.778189;9.887579
0.012166;-0.276605;-0.735901;9.862518
0.055338;-0.065206;-0.760370;9.869967
0.082300;0.043659;-0.776787;9.876561
0.106428;0.134880;-0.791170;9.883755
0.131626;0.214112;-0.806749;9.892224
0.003215;-0.222416;-0.740035;9.868471
0.036272;-0.059800;-0.745749;9.871141
0.069716;0.060603;-0.752168;9.877938
0.096102;0.155468;-0.755961;9.884206
-0.028742;-0.301687;-0.672297;9.855315
0.029283;-0.030762;-0.683114;9.862913
0.063577;0.096457;-0.683479;9.869741
0.093727;0.218221;-0.682617;9.876507
-0.031828;-0.323379;-0.588169;9.837710
0.010177;-0.083373;-0.584800;9.841752
0.033442;0.010222;-0.571715;9.847584
0.071897;0.193488;-0.569979;9.857080
0.092449;0.272235;-0.561062;9.863309
-0.020325;-0.345530;-0.468585;9.815541
0.004340;-0.163245;-0.456206;9.818277
0.022669;-0.067769;-0.440406;9.826427
0.051218;0.103456;-0.431672;9.833959
0.070486;0.218159;-0.421504;9.840306
-0.012656;-0.345046;-0.345679;9.797718
0.014240;-0.115538;-0.338360;9.802707
0.029812;-0.011129;-0.327739;9.810078
0.045138;0.117285;-0.318254;9.816259
0.058866;0.218229;-0.311152;9.823356
-0.007036;-0.376260;-0.250493;9.782007
0.009243;-0.185679;-0.243238;9.784432
0.023892;-0.055468;-0.236466;9.792753
0.037199;0.095854;-0.230445;9.797954
0.040119;0.136951;-0.220382;9.799806
-0.003509;-0.382614;-0.176170;9.771268
0.008668;-0.207646;-0.173188;9.763369
0.024101;0.030722;-0.172709;9.773029
0.034202;0.185556;-0.170229;9.780156
0.035506;0.204304;-0.162598;9.783347
0.007765;-0.308577;-0.131733;9.760691
0.019590;-0.044747;-0.130246;9.763742
0.026716;0.102835;-0.127087;9.769353
0.029260;0.186113;-0.120985;9.772829
0.010364;-0.360728;-0.092418;9.750114
0.017078;-0.094933;-0.087299;9.753050
0.021185;0.067967;-0.080687;9.757391
0.023286;0.248880;-0.073743;9.762788
0.023304;0.305063;-0.064358;9.768485
0.019684;-0.283040;-0.040220;9.742651
0.018538;0.025043;-0.031855;9.752199
0.017866;0.029596;-0.019261;9.753325
0.016579;0.099498;-0.006562;9.760468
0.013653;0.141229;0.007063;9.767451
0.026121;-0.399001;0.025358;9.739433
0.020327;-0.141368;0.038299;9.750025
0.013319;-0.029325;0.052140;9.758751
0.005456;0.086595;0.067407;9.768951
-0.006679;0.172076;0.084677;9.780690
0.142051;-0.106423;0.091679;9.769300
0.220458;0.034406;0.090891;9.773294
0.267419;0.230024;0.080418;9.782590
0.284629;0.383608;0.060093;9.794134
0.231008;-0.164267;0.035242;9.792884
0.207811;0.000338;0.001648;9.790030
0.176177;0.070566;-0.035731;9.797232
0.161267;0.260184;-0.079243;9.807017
0.139140;0.272240;-0.121274;9.812860
0.057495;-0.346242;-0.148249;9.782419
0.064591;-0.154397;-0.190554;9.788280
0.083044;0.037348;-0.234463;9.798328
0.096788;0.147028;-0.272907;9.802398
0.039646;-0.354697;-0.284766;9.785518
0.072985;-0.064198;-0.320935;9.792518
0.097659;0.092109;-0.351200;9.800913
0.116665;0.214390;-0.377931;9.810570
0.137201;0.322606;-0.403734;9.823193
0.058020;-0.288302;-0.383851;9.794635
0.083858;-0.030865;-0.401640;9.803464
0.087442;0.010591;-0.406552;9.807989
0.100123;0.134376;-0.412925;9.816248
0.025500;-0.399560;-0.373811;9.791348
0.046919;-0.124781;-0.374442;9.796422
0.068706;0.074577;-0.374696;9.806004
0.091092;0.272707;-0.375222;9.814993
0.096179;0.308649;-0.366869;9.822133
0.029008;-0.305906;-0.316428;9.794550
0.042816;-0.100519;-0.309502;9.797697
0.054281;0.012464;-0.299175;9.807811
0.066490;0.164203;-0.290361;9.815306
0.067915;0.191817;-0.276427;9.819036
0.014536;-0.401450;-0.226069;9.784935
0.017572;-0.296061;-0.211662;9.773850
0.036230;0.018407;-0.207445;9.788880
0.044229;0.148298;-0.197243;9.795426
0.043411;0.170693;-0.182704;9.800040
0.011311;-0.375473;-0.142583;9.775233
0.022762;-0.099552;-0.134687;9.783635
0.026672;0.022314;-0.123730;9.790855
0.027759;0.122696;-0.112064;9.795684
0.027397;0.174577;-0.099935;9.801518
0.023805;0.164730;-0.086178;9.804686
0.013325;-0.111446;-0.059040;9.781840
0.018500;0.025894;-0.048301;9.786865
0.024848;0.116307;-0.036128;9.791133
0.032771;0.255737;-0.025823;9.800169
0.042085;-0.388362;-0.003980;9.776401
0.050787;-0.169021;0.003823;9.779215
0.057247;-0.070238;0.011327;9.784308
0.062195;0.110674;0.017057;9.789664
0.064927;0.246200;0.021580;9.796570
0.068265;-0.327362;0.029357;9.780050
0.069232;-0.107362;0.030211;9.779014
0.069892;-0.072963;0.030535;9.781409
0.207696;0.105614;0.022289;9.787733
0.293808;0.207749;0.000779;9.793571
0.338928;0.202573;-0.030766;9.800074
0.286900;-0.265767;-0.063470;9.786310
0.276887;-0.118683;-0.109812;9.790283
0.260169;0.052965;-0.167850;9.800655
0.247036;0.244330;-0.234433;9.811316
0.102320;-0.282859;-0.262699;9.799594
0.115523;-0.005942;-0.341215;9.800713
0.115862;0.093374;-0.403326;9.812586
0.121293;0.167089;-0.461725;9.821835
0.147895;0.277560;-0.523367;9.834916
0.024384;-0.348850;-0.523831;9.800518
0.069535;-0.118419;-0.573230;9.809910
0.105762;0.010440;-0.613428;9.823546
0.145820;0.174163;-0.652609;9.835291
0.154789;0.186653;-0.674766;9.841585
0.020970;-0.417683;-0.627342;9.799114
0.074358;-0.106514;-0.652316;9.816832
0.110784;0.063925;-0.664736;9.832553
0.121473;0.129331;-0.661858;9.836586
0.134872;0.192995;-0.658205;9.846078
0.019557;-0.345537;-0.580814;9.799814
0.085201;0.054646;-0.588739;9.827733
0.093875;0.095319;-0.569158;9.828717
0.110862;0.198960;-0.553436;9.839791
0.011528;-0.377821;-0.468271;9.793367
0.047975;-0.087067;-0.456590;9.806065
0.067364;0.025118;-0.437396;9.818980
0.080837;0.125403;-0.415994;9.826455
0.104584;0.283389;-0.404442;9.843394
0.111438;0.313504;-0.387429;9.853793
0.036969;-0.157288;-0.309381;9.797921
0.049115;-0.058258;-0.292017;9.808926
0.069843;0.135271;-0.283012;9.820155
0.079636;0.228367;-0.271669;9.827444
0.014653;-0.409850;-0.212740;9.776114
0.038965;-0.120490;-0.210392;9.790990
0.054398;0.043629;-0.205985;9.805793
0.064413;0.169534;-0.200746;9.811474
0.069821;0.229736;-0.195962;9.818690
0.019233;-0.446900;-0.153071;9.766121
0.036018;-0.172369;-0.154519;9.779592
0.047116;-0.005258;-0.153933;9.794265
0.051499;0.088794;-0.150121;9.796714
0.054072;0.154777;-0.146450;9.803482
0.054471;0.180025;-0.142173;9.808919
0.020655;-0.467073;-0.110391;9.758350
0.031269;-0.130233;-0.111114;9.776222
0.034554;0.009662;-0.107428;9.782105
0.037520;0.184087;-0.104463;9.793576
0.038898;0.351436;-0.101838;9.806950
0.018400;-0.429405;-0.074504;9.764451
0.019435;-0.068884;-0.071640;9.780492
0.014387;0.055312;-0.063473;9.792832
0.009124;0.178879;-0.053391;9.801937
0.009159;0.183766;-0.040202;9.807879
0.022007;-0.514956;-0.018033;9.765051
0.026155;-0.241929;-0.005424;9.777598
0.026354;-0.005089;0.007959;9.791622
0.023363;0.128618;0.023237;9.797291
0.041163;-0.546553;0.039346;9.763960
0.013298;-0.294418;0.054833;9.770922
-0.023181;-0.396864;0.071438;9.775798
0.074653;0.014725;0.090276;9.786746
0.145291;0.193328;0.101480;9.791176
0.195777;0.299802;0.106109;9.802260
0.224408;-0.082976;0.098842;9.779683
0.219003;0.216823;0.091530;9.787330
0.199406;0.335816;0.079317;9.799319
0.173081;0.407602;0.063478;9.811493
0.129398;-0.215053;0.044559;9.792334
0.108102;-0.053975;0.023542;9.788593
0.094706;0.049374;0.001942;9.793416
0.089422;0.189045;-0.020707;9.798723
0.091865;0.339226;-0.044412;9.806886
0.071910;-0.326780;-0.061445;9.768019
0.084169;-0.069624;-0.083448;9.771943
0.095325;0.086122;-0.103537;9.782230
0.106415;0.226991;-0.122882;9.789135
0.114737;0.302542;-0.139923;9.797400
0.085914;-0.353879;-0.143353;9.741099
0.093020;-0.148472;-0.156404;9.748546
0.100194;0.000405;-0.167255;9.763355
0.112631;0.265495;-0.179446;9.778892
0.073321;-0.452615;-0.167740;9.732380
0.084520;-0.110648;-0.174835;9.746114
0.089108;-0.006468;-0.177071;9.755296
0.097581;0.180553;-0.179695;9.768090
0.107038;0.350745;-0.182595;9.783400
0.069055;-0.381619;-0.160528;9.743986
0.080885;-0.065517;-0.161641;9.754667
0.090955;0.135287;-0.161794;9.770916
0.094896;0.230055;-0.159199;9.777662
0.097830;0.299010;-0.156180;9.787288
0.098109;0.304447;-0.152103;9.796316
0.074991;-0.085236;-0.131144;9.756224
0.084289;0.137561;-0.130430;9.772883
0.084991;0.185099;-0.125535;9.774016
0.087132;0.252067;-0.121685;9.783046
0.064899;-0.338082;-0.101581;9.741034
0.075546;0.029305;-0.102549;9.762116
0.077425;0.100083;-0.098948;9.766110
0.077896;0.140770;-0.094646;9.770820
0.079538;0.222280;-0.091956;9.780383
0.059255;-0.465662;-0.072336;9.728063
0.067320;-0.073602;-0.072812;9.749336
0.067835;0.019010;-0.069425;9.751861
0.070026;0.178523;-0.067589;9.762016
0.069603;0.213004;-0.063832;9.768555
0.058277;-0.396431;-0.049342;9.734195
0.061274;0.007354;-0.048978;9.750399
0.061372;0.159075;-0.046372;9.756835
0.059436;0.228006;-0.042173;9.764627
0.057380;0.317311;-0.037873;9.776152
0.053295;-0.534578;-0.024231;9.734187
0.050602;-0.209328;-0.020270;9.744036
0.046279;-0.031107;-0.014800;9.752862
0.041650;0.173240;-0.008064;9.760896
0.036037;0.244004;0.000025;9.767408
0.047764;-0.528347;0.010310;9.736851
0.035837;-0.163145;0.019346;9.747284
0.030458;0.039351;0.030165;9.753566
0.045947;0.152567;0.040990;9.758925
0.072679;0.319311;0.051637;9.769251
0.132466;-0.405148;0.054691;9.747958
0.176502;-0.096742;0.057479;9.750765
0.228472;-0.043028;0.053921;9.752339
0.295110;-0.034202;0.042500;9.753303
0.385091;-0.154365;0.021471;9.748615
0.445556;-1.231801;0.003892;9.719173
0.170706;-0.635846;-0.043425;9.749618
-0.056617;-0.325441;-0.074135;9.747958
-0.225423;0.098490;-0.095621;9.753450
-0.323258;0.454666;-0.102961;9.763045
-0.317633;0.213087;-0.089453;9.806449
-0.275890;0.327922;-0.070308;9.818612
-0.206835;0.375162;-0.039843;9.837711
-0.138510;0.421262;0.000215;9.849081
0.001158;-0.141174;0.038540;9.868867
0.028565;-0.044186;0.089462;9.857757
0.027270;0.068947;0.146596;9.853156
0.005518;0.207133;0.209982;9.853972
-0.009723;0.228284;0.272498;9.856349
0.071970;-0.269646;0.309262;9.851095
0.031064;-0.069201;0.371643;9.847669
-0.001309;0.060663;0.433600;9.848450
-0.034316;0.198578;0.496427;9.853340
0.050842;-0.162190;0.521871;9.853044
0.029570;-0.028169;0.570331;9.848091
0.018799;0.030995;0.611854;9.853330
-0.005921;0.159418;0.656103;9.860798
-0.035069;0.274973;0.700032;9.869103
0.098084;-0.244380;0.670774;9.855592
0.068379;-0.086079;0.694202;9.852612
0.037486;0.046098;0.715450;9.859336
0.009854;0.177739;0.732041;9.865669
-0.001201;0.225149;0.739114;9.871907
0.076024;-0.021991;0.682352;9.848285
0.063270;0.040085;0.672600;9.852945
0.031523;0.198957;0.671259;9.862142
0.006780;0.300676;0.667892;9.871523
0.083852;-0.011005;0.589942;9.842001
0.067632;0.061332;0.571096;9.849187
0.057853;0.125142;0.547744;9.854163
0.047524;0.181731;0.525908;9.860166
0.044330;0.192560;0.502562;9.863750
0.117158;-0.212861;0.420619;9.825435
0.097464;-0.078354;0.396541;9.833812
0.075504;0.083368;0.378367;9.840864
0.065133;0.163972;0.357293;9.843973
0.189898;-0.668984;0.232053;9.777382
0.147435;-0.377943;0.216807;9.780292
0.089019;0.116581;0.215254;9.792110
0.061796;0.360090;0.209583;9.800066
0.048786;0.520820;0.206633;9.816801
0.046835;0.565152;0.204465;9.833986
0.097566;0.013982;0.168692;9.805345
0.079834;0.191468;0.172651;9.821991
0.075089;0.191568;0.171446;9.831182
0.071096;0.200036;0.170177;9.837714
0.112759;-0.433966;0.136100;9.775425
0.096507;-0.204571;0.135542;9.791182
0.085987;-0.074542;0.133074;9.799789
0.081899;0.015145;0.128199;9.799888
0.077907;0.127679;0.125846;9.806087
0.075854;0.216394;0.123658;9.813354
0.099211;-0.144700;0.098767;9.776333
0.096790;-0.033994;0.093892;9.784403
0.093273;0.118138;0.089631;9.791488
0.093053;0.206972;0.084417;9.797562
0.107912;-0.243498;0.065183;9.770301
0.102757;0.053236;0.060731;9.781890
0.104452;0.069173;0.051823;9.782430
0.104488;0.191990;0.044440;9.790274
0.109939;-0.340614;0.025220;9.758974
0.110492;0.003999;0.016526;9.771137
0.105832;0.063878;0.005633;9.771094
0.096970;0.134298;-0.004791;9.776095
0.085328;0.164698;-0.014192;9.780283
0.071226;0.220902;-0.021909;9.786889
0.056469;-0.373460;-0.030716;9.747803
0.042212;-0.126826;-0.034368;9.755982
0.030218;0.061472;-0.034912;9.766043
0.018850;0.221253;-0.032249;9.773289
0.021355;-0.293679;-0.028500;9.756357
0.009869;-0.100411;-0.019376;9.759121
-0.001794;-0.040675;-0.006726;9.766512
-0.061539;0.167740;0.013465;9.779434
-0.055157;-0.217453;0.035559;9.768469
-0.075759;-0.002924;0.068517;9.771960
-0.075840;0.096742;0.105146;9.781941
-0.065820;0.185724;0.145486;9.792574
-0.060682;0.315442;0.191995;9.806045
0.032579;-0.233054;0.217281;9.784448
0.026127;-0.048134;0.260662;9.790723
0.025112;0.021291;0.299342;9.802406
0.022004;0.096492;0.335089;9.810528
0.003408;0.236291;0.373839;9.823749
0.087293;-0.327247;0.372096;9.787779
0.052922;-0.058424;0.402097;9.798750
0.037058;0.036975;0.422033;9.809953
0.007417;0.239014;0.445756;9.825043
0.084488;-0.269184;0.421810;9.790149
0.045351;0.038035;0.437898;9.803471
0.027609;0.153168;0.444783;9.818657
0.023037;0.199727;0.443823;9.824774
0.021248;0.224924;0.440007;9.832509
0.101719;-0.281687;0.384847;9.777903
0.065820;0.036525;0.384509;9.807502
0.042969;0.256046;0.380246;9.820211
0.040122;0.299156;0.367562;9.826498
0.126269;-0.415654;0.304424;9.770338
0.102912;-0.157407;0.294418;9.786969
0.087679;-0.003813;0.281634;9.803942
0.064109;0.253702;0.276086;9.819920
0.068238;0.233962;0.259004;9.820151
0.139432;-0.509556;0.201778;9.757678
0.117504;-0.201427;0.192394;9.776513
0.106113;-0.028250;0.181585;9.790346
0.096586;0.158037;0.172048;9.798364
0.094445;0.237577;0.161791;9.805037
0.094874;0.294284;0.153676;9.813040
0.137128;-0.335957;0.115141;9.753085
0.125005;-0.014500;0.110224;9.774833
0.127241;0.030205;0.099388;9.776072
0.129642;0.123543;0.090508;9.782411
0.135653;0.143765;0.080079;9.785440
0.156596;-0.298319;0.052445;9.739078
0.157295;0.063691;0.045820;9.754644
0.158300;0.184049;0.034814;9.760661
0.160428;0.215050;0.021555;9.766790
0.156972;-0.267337;-0.002397;9.726642
0.157926;0.055330;-0.015906;9.741170
0.163364;0.143722;-0.031395;9.749206
0.173180;0.254192;-0.047912;9.761497
0.192390;0.300993;-0.066642;9.774018
0.172949;-0.487695;-0.082248;9.733715
0.214851;-0.220991;-0.105744;9.742755
0.002777;-0.161850;-0.122416;9.746014
-0.141094;0.052779;-0.126326;9.751857
-0.234432;0.118987;-0.115641;9.757580
-0.225773;-0.468444;-0.092980;9.749402
-0.221403;-0.188772;-0.061069;9.760049
-0.184969;0.001496;-0.020266;9.772007
-0.142988;0.221493;0.032789;9.784890
-0.091119;0.274515;0.088023;9.798688
0.059876;-0.374552;0.125615;9.803039
0.046643;-0.097226;0.188800;9.807049
0.033955;0.022476;0.251768;9.814450
-0.002211;0.199201;0.319268;9.824723
-0.011146;0.177171;0.377578;9.834931
0.113006;-0.459396;0.395003;9.829253
0.066411;-0.229950;0.451521;9.833841
0.022976;-0.053964;0.506824;9.839172
-0.016431;0.112914;0.560187;9.846434
-0.036825;0.197811;0.608217;9.857839
0.111027;-0.338154;0.594604;9.857215
0.049471;-0.064243;0.642742;9.857284
0.023555;0.036150;0.677692;9.862626
-0.025777;0.220147;0.721823;9.872189
0.096435;-0.204524;0.694194;9.868979
0.029049;0.060752;0.733228;9.869146
-0.010471;0.171651;0.763395;9.875657
-0.010359;0.165995;0.774465;9.881248
-0.022648;0.199310;0.790503;9.888986
0.132434;-0.342980;0.721388;9.858917
0.085314;-0.127975;0.730645;9.858088
0.066885;-0.047078;0.728661;9.863400
0.055557;0.037994;0.722009;9.868069
0.046838;0.101507;0.713738;9.873980
0.021156;0.209305;0.715354;9.882574
0.152573;-0.295187;0.625438;9.850501
0.105966;-0.073809;0.620717;9.856062
0.068792;0.078349;0.617398;9.863224
0.053289;0.148889;0.604519;9.867850
0.151017;-0.282493;0.523691;9.840783
0.110041;-0.070443;0.513350;9.838314
0.088368;0.029326;0.499954;9.844921
0.069781;0.136897;0.487798;9.851325
0.052763;0.228429;0.478628;9.859184
0.141372;-0.255135;0.404142;9.828518
0.101592;-0.008536;0.400861;9.836593
0.089981;0.048838;0.386277;9.838654
0.075948;0.141880;0.376429;9.844482
0.063838;0.213961;0.369290;9.850791
0.148949;-0.388108;0.303903;9.811826
0.117080;-0.149261;0.300982;9.816833
0.101454;-0.056583;0.292700;9.821822
0.080485;0.101743;0.288438;9.827785
0.067990;0.191998;0.284608;9.832788
0.127628;-0.297894;0.235583;9.801275
0.095629;-0.001170;0.237322;9.811637
