-0.290202;0.096816;0.627847;10.024654;0
-0.279754;0.094997;0.633690;10.024654;0
-0.271201;0.083031;0.633690;10.024654;0
-0.262012;0.060442;0.639025;10.024654;0
-0.252295;0.040021;0.639025;10.024654;0
-0.240807;0.030730;0.639025;10.024654;0
-0.228533;0.040685;0.643847;10.024654;0
-0.217764;0.056388;0.643847;10.024654;0
-0.206803;0.063873;0.648174;10.024654;0
-0.195948;0.070402;0.648174;10.024654;0
-0.184861;0.081127;0.652043;10.024654;0
-0.170073;0.102363;0.652043;10.024654;0
-0.159175;0.110185;0.655516;10.024654;0
-0.148391;0.110121;0.655516;10.024654;0
-0.137809;0.109529;0.658678;10.024654;0
-0.127466;0.112024;0.658678;10.024654;0
-0.113999;0.119954;0.661636;10.024654;0
-0.104237;0.115346;0.661636;10.024654;0
-0.094637;0.108948;0.664519;10.024654;0
-0.085404;0.107344;0.664519;10.024654;0
-0.076542;0.110249;0.664519;10.024654;0
-0.068009;0.108295;0.667474;10.024654;0
-0.057349;0.092249;0.667474;10.024654;0
-0.049841;0.083545;0.670663;10.024654;0
-0.042579;0.080681;0.670663;10.024654;0
-0.035791;0.085786;0.674261;10.024654;0
-0.027264;0.093574;0.674261;10.024654;0
-0.021140;0.087255;0.678445;10.024654;0
-0.015217;0.080871;0.678445;10.024654;0
-0.009886;0.078603;0.683392;10.024654;0
-0.004618;0.080388;0.683392;10.024654;0
0.002101;0.076651;0.689269;10.024654;0
0.006866;0.068110;0.689269;10.024654;0
0.011399;0.062976;0.696223;10.024654;0
0.015738;0.060944;0.696223;10.024654;0
0.021290;0.033884;0.696223;10.024654;0
0.025407;0.002793;0.704372;10.024654;0
0.029426;-0.018268;0.704372;10.024654;0
0.033081;-0.016634;0.713801;10.024654;0
0.036551;0.009864;0.713801;10.024654;0
0.040937;0.060753;0.724547;10.024654;0
0.044238;0.086064;0.724547;10.024654;0
0.047493;0.106411;0.736599;10.024654;0
0.050885;0.124793;0.736599;10.024654;0
0.054722;0.140220;0.749890;10.024654;0
0.061088;0.153490;0.749890;10.024654;0
0.067571;0.145819;0.764294;10.024654;0
0.075988;0.127062;0.764294;10.024654;0
-1.000000;0.099798;0.764294;10.024654;0
-1.000000;0.101661;0.779629;10.024654;0
-1.000000;0.105168;0.779629;10.024654;0
-1.000000;0.100951;0.795675;10.024654;0
-1.000000;0.097879;0.795675;10.024654;0
-1.000000;0.099197;0.795675;10.024654;0
-1.000000;0.104811;0.812197;10.024654;0
-1.000000;0.116223;0.812197;10.024654;0
-1.000000;0.119256;0.812197;10.024654;0
-1.000000;0.116828;0.828962;10.024654;0
-1.000000;0.114568;0.828962;10.024654;0
-1.000000;0.117041;0.828962;10.024654;0
-1.000000;0.124772;0.845741;10.024654;0
-1.000000;0.127555;0.845741;10.024654;0
-1.000000;0.125503;0.845741;10.024654;0
-1.000000;0.124658;0.862316;10.024654;0
-1.000000;0.129883;0.862316;10.024654;0
-0.987007;0.135105;0.862316;10.024654;0
-0.970980;0.133510;0.878487;10.024654;0
-0.954159;0.133374;0.878487;10.024654;0
-0.936672;0.137086;0.878487;10.024654;0
-0.912271;0.148083;0.878487;10.024654;0
-0.893179;0.154725;0.894071;10.024654;0
-0.873279;0.151344;0.894071;10.024654;0
-0.852656;0.145848;0.894071;10.024654;0
-0.832248;0.143491;0.908905;10.024654;0
-0.804432;0.149677;0.908905;10.024654;0
-0.783318;0.155067;0.908905;10.024654;0
-0.763035;0.151031;0.908905;10.024654;0
-0.742433;0.144868;0.922852;10.024654;0
-0.715039;0.141921;0.922852;10.024654;0
-0.693834;0.146550;0.922852;10.024654;0
-0.673437;0.150031;0.935794;10.024654;0
-0.652726;0.146107;0.935794;10.024654;0
-0.632315;0.141057;0.935794;10.024654;0
-0.612306;0.141067;0.935794;10.024654;0
-0.586861;0.148944;0.947638;10.024654;0
-0.567486;0.148113;0.947638;10.024654;0
-0.548457;0.141553;0.947638;10.024654;0
-0.530240;0.136556;0.947638;10.024654;0
-0.512186;0.136706;0.958313;10.024654;0
-0.489701;0.144122;0.958313;10.024654;0
-0.472179;0.142292;0.958313;10.024654;0
-0.455382;0.132782;0.967770;10.024654;0
-0.439409;0.124184;0.967770;10.024654;0
-0.423691;0.121361;0.967770;10.024654;0
-0.404772;0.129056;0.967770;10.024654;0
-0.389950;0.131063;0.975981;10.024654;0
-0.375528;0.127594;0.975981;10.024654;0
-0.361796;0.125952;0.975981;10.024654;0
-0.348477;0.129371;0.975981;10.024654;0
-0.331135;0.131389;0.982938;10.024654;0
-0.318800;0.120910;0.982938;10.024654;0
-0.306908;0.109897;0.982938;10.024654;0
-0.295248;0.104478;0.988652;10.024654;0
-0.280621;0.111585;0.988652;10.024654;0
-0.269715;0.118528;0.988652;10.024654;0
-0.259097;0.113064;0.988652;10.024654;0
-0.248661;0.105094;0.993149;10.024654;0
-0.238596;0.102024;0.993149;10.024654;0
-0.225840;0.110403;0.993149;10.024654;0
-0.216409;0.115152;0.996471;10.024654;0
-0.207386;0.107866;0.996471;10.024654;0
-0.198672;0.100001;0.996471;10.024654;0
-0.190255;0.096621;0.996471;10.024654;0
-0.179371;0.095820;0.998675;10.024654;0
-0.171537;0.086556;0.998675;10.024654;0
-0.163994;0.078755;0.998675;10.024654;0
-0.156852;0.078138;0.998675;10.024654;0
-0.149680;0.087296;0.998675;10.024654;0
-0.140382;0.101150;0.998675;10.024654;0
-0.133738;0.097049;0.998675;10.024654;0
-0.127191;0.092977;0.999826;10.024654;0
-0.120963;0.094269;0.999826;10.024654;0
-0.114917;0.101502;0.999826;10.024654;0
-0.107364;0.109505;0.999826;10.024654;0
-0.101669;0.103379;1.000000;10.024654;0
-0.096168;0.097537;1.000000;10.024654;0
-0.090952;0.097555;1.000000;10.024654;0
-0.084106;0.106251;0.999278;10.024654;0
-0.078984;0.102563;0.999278;10.024654;0
-0.074142;0.091680;0.999278;10.024654;0
-0.069685;0.085037;0.999278;10.024654;0
-0.065305;0.085299;0.997747;10.024654;0
-0.061232;0.089819;0.997747;10.024654;0
-0.056169;0.083637;0.997747;10.024654;0
-0.052804;0.081505;0.997747;10.024654;0
-0.050001;0.085647;0.992609;10.024654;0
-0.047676;0.095471;0.992609;10.024654;0
-0.045795;0.112599;0.992609;10.024654;0
-0.045565;0.111578;0.989178;10.024654;0
0.048327;0.082648;0.989178;10.024654;0
0.052455;0.076125;0.989178;10.024654;0
0.056807;0.079099;0.989178;10.024654;0
0.059494;0.080807;0.985271;10.024654;0
0.061540;0.078539;0.985271;10.024654;0
0.062887;0.081877;0.985271;10.024654;0
0.063630;0.094027;0.980931;10.024654;0
0.063758;0.113361;0.980931;10.024654;0
0.063297;0.116494;0.980931;10.024654;0
0.062332;0.118341;0.980931;10.024654;0
0.060961;0.123475;0.976177;10.024654;0
0.059208;0.134752;0.976177;10.024654;0
0.056435;0.155598;0.976177;10.024654;0
0.054208;0.165516;0.971009;10.024654;0
0.052013;0.161058;0.971009;10.024654;0
0.049815;0.149022;0.971009;10.024654;0
0.046867;0.140158;0.965413;10.024654;0
0.044647;0.142896;0.965413;10.024654;0
0.042622;0.143777;0.965413;10.024654;0
0.040743;0.132914;0.965413;10.024654;0
0.039057;0.124465;0.959372;10.024654;0
0.037482;0.123751;0.959372;10.024654;0
0.035621;0.135016;0.959372;10.024654;0
0.034381;0.149346;0.952867;10.024654;0
0.033381;0.154083;0.952867;10.024654;0
0.032554;0.150621;0.952867;10.024654;0
0.031646;0.149065;0.945888;10.024654;0
0.031078;0.152811;0.945888;10.024654;0
0.030604;0.161187;0.945888;10.024654;0
0.030246;0.169932;0.938431;10.024654;0
0.030021;0.164558;0.938431;10.024654;0
0.029876;0.157583;0.938431;10.024654;0
0.029744;0.154240;0.930512;10.024654;0
0.029676;0.157843;0.930512;10.024654;0
0.029654;0.159672;0.922162;10.024654;0
0.029701;0.147370;0.922162;10.024654;0
0.029781;0.135770;0.922162;10.024654;0
0.029881;0.134636;0.913438;10.024654;0
0.029965;0.145515;0.913438;10.024654;0
0.030089;0.152845;0.913438;10.024654;0
0.030246;0.143220;0.904417;10.024654;0
0.030393;0.131553;0.904417;10.024654;0
0.030529;0.124173;0.895204;10.024654;0
0.030598;0.128706;0.895204;10.024654;0
0.030676;0.128690;0.895204;10.024654;0
0.030767;0.121897;0.885928;10.024654;0
0.030838;0.115620;0.885928;10.024654;0
0.030904;0.119534;0.885928;10.024654;0
0.030931;0.132781;0.876744;10.024654;0
0.030994;0.143061;0.876744;10.024654;0
0.031134;0.132305;0.876744;10.024654;0
0.031326;0.115583;0.867827;10.024654;0
0.031630;0.104275;0.867827;10.024654;0
0.031883;0.109475;0.859369;10.024654;0
0.032213;0.113109;0.859369;10.024654;0
0.032665;0.101910;0.851575;10.024654;0
0.033186;0.092426;0.851575;10.024654;0
0.033926;0.089524;0.844652;10.024654;0
0.034585;0.092702;0.844652;10.024654;0
0.035436;0.086147;0.844652;10.024654;0
0.036444;0.071507;0.838798;10.024654;0
0.037617;0.063018;0.838798;10.024654;0
0.039375;0.067997;0.834197;10.024654;0
0.040969;0.080354;0.834197;10.024654;0
0.042995;0.083328;0.830997;10.024654;0
0.045671;0.074299;0.830997;10.024654;0
0.049214;0.063228;0.829305;10.024654;0
0.521993;0.065826;0.829305;10.024654;0
0.528331;0.053629;0.829168;10.024654;0
0.534766;0.030649;0.829168;10.024654;0
0.541683;0.015765;0.830567;10.024654;0
0.548582;0.015282;0.833414;10.024654;0
0.557932;0.026219;0.833414;10.024654;0
0.564662;0.027595;0.833414;10.024654;0
0.571502;0.032380;0.837576;10.024654;0
0.577869;0.043945;0.837576;10.024654;0
0.583595;0.063479;0.842878;10.024654;0
0.589929;0.092315;0.842878;10.024654;0
0.593493;0.100804;0.849114;10.024654;0
0.596096;0.105065;0.849114;10.024654;0
0.597730;0.111502;0.856056;10.024654;0
0.598178;0.129022;0.856056;10.024654;0
0.597001;0.139324;0.863464;10.024654;0
0.594375;0.133898;0.863464;10.024654;0
0.590508;0.125867;0.871093;10.024654;0
0.585522;0.124761;0.871093;10.024654;0
0.577298;0.137337;0.878701;10.024654;0
0.569510;0.148053;0.878701;10.024654;0
0.560654;0.146921;0.886055;10.024654;0
0.550615;0.137913;0.886055;10.024654;0
0.540141;0.130715;0.886055;10.024654;0
0.524736;0.131486;0.892937;10.024654;0
0.512414;0.142239;0.892937;10.024654;0
0.499380;0.152716;0.899145;10.024654;0
0.485961;0.149957;0.899145;10.024654;0
0.471684;0.144357;0.899145;10.024654;0
0.452499;0.146626;0.904501;10.024654;0
0.437908;0.160091;0.904501;10.024654;0
0.423332;0.168825;0.908849;10.024654;0
0.408378;0.171938;0.908849;10.024654;0
0.388599;0.176637;0.908849;10.024654;0
0.373422;0.183151;0.912057;10.024654;0
0.358334;0.185586;0.912057;10.024654;0
0.344020;0.173938;0.914019;10.024654;0
0.329649;0.161138;0.914019;10.024654;0
0.311716;0.152593;0.914019;10.024654;0
0.298431;0.158284;0.914657;10.024654;0
0.285789;0.164580;0.914657;10.024654;0
0.273858;0.155019;0.913918;10.024654;0
0.262312;0.142815;0.913918;10.024654;0
0.247525;0.140108;0.913918;10.024654;0
0.237167;0.149287;0.911777;10.024654;0
0.227256;0.158499;0.911777;10.024654;0
0.217901;0.154632;0.908235;10.024654;0
0.208955;0.143118;0.908235;10.024654;0
0.197982;0.137218;0.908235;10.024654;0
0.190126;0.147141;0.903322;10.024654;0
0.182787;0.157404;0.903322;10.024654;0
0.175810;0.150184;0.897094;10.024654;0
0.169351;0.137933;0.897094;10.024654;0
0.161684;0.130181;0.897094;10.024654;0
0.156346;0.126758;0.889636;10.024654;0
0.151710;0.112332;0.889636;10.024654;0
0.147670;0.098839;0.881061;10.024654;0
0.144272;0.094279;0.881061;10.024654;0
0.140629;0.105228;0.871511;10.024654;0
0.138845;0.111361;0.871511;10.024654;0
0.138222;0.096806;0.871511;10.024654;0
0.139203;0.079042;0.861155;10.024654;0
0.143761;0.065155;0.861155;10.024654;0
0.557142;0.091294;0.850192;10.024654;0
0.556838;0.077889;0.850192;10.024654;0
0.557097;0.052071;0.850192;10.024654;0
0.558289;0.029289;0.838841;10.024654;0
0.561430;0.023752;0.838841;10.024654;0
0.564658;0.042131;0.827310;10.024654;0
0.568232;0.067264;0.827310;10.024654;0
0.571994;0.081981;0.815799;10.024654;0
0.576943;0.096514;0.815799;10.024654;0
0.580484;0.110573;0.815799;10.024654;0
0.583686;0.127769;0.804494;10.024654;0
0.586196;0.141403;0.804494;10.024654;0
0.587772;0.138131;0.793568;10.024654;0
0.588522;0.130014;0.793568;10.024654;0
0.587927;0.129837;0.793568;10.024654;0
0.586144;0.137097;0.783182;10.024654;0
0.582965;0.144403;0.783182;10.024654;0
0.576507;0.135645;0.773478;10.024654;0
0.569888;0.128489;0.773478;10.024654;0
0.562384;0.129388;0.764587;10.024654;0
0.553309;0.137586;0.764587;10.024654;0
0.539322;0.144756;0.764587;10.024654;0
0.531422;0.139524;0.756619;10.024654;0
0.514666;0.123889;0.756619;10.024654;0
0.501067;0.117509;0.749669;10.024654;0
0.487024;0.117243;0.749669;10.024654;0
0.472201;0.115287;0.749669;10.024654;0
0.456933;0.113334;0.743810;10.024654;0
0.436528;0.122658;0.743810;10.024654;0
0.420105;0.142407;0.739098;10.024654;0
0.403901;0.168373;0.739098;10.024654;0
0.387359;0.182588;0.735564;10.024654;0
0.371008;0.182536;0.735564;10.024654;0
0.348855;0.177587;0.733223;10.024654;0
0.332260;0.178453;0.733223;10.024654;0
0.315894;0.187218;0.732066;10.024654;0
0.300324;0.193763;0.732066;10.024654;0
0.285152;0.180275;0.732062;10.024654;0
0.266021;0.154385;0.732062;10.024654;0
0.252137;0.141807;0.733161;10.024654;0
0.238619;0.141792;0.733161;10.024654;0
0.225635;0.151927;0.735294;10.024654;0
0.213384;0.161782;0.735294;10.024654;0
0.198020;0.145314;0.738372;10.024654;0
0.187228;0.128414;0.738372;10.024654;0
0.177275;0.119520;0.742290;10.024654;0
0.167711;0.121258;0.742290;10.024654;0
0.156409;0.115730;0.746928;10.024654;0
0.148262;0.103529;0.746928;10.024654;0
0.140970;0.097364;0.746928;10.024654;0
0.134176;0.099177;0.752149;10.024654;0
0.127865;0.106738;0.752149;10.024654;0
0.120321;0.108795;0.757806;10.024654;0
0.115394;0.100575;0.757806;10.024654;0
0.111308;0.094840;0.763741;10.024654;0
0.107832;0.095995;0.763741;10.024654;0
0.105347;0.103589;0.769787;10.024654;0
0.566982;0.124867;0.769787;10.024654;0
0.564117;0.110915;0.775768;10.024654;0
0.561476;0.096125;0.775768;10.024654;0
0.559104;0.091303;0.781513;10.024654;0
0.556702;0.093430;0.781513;10.024654;0
0.554250;0.087170;0.786872;10.024654;0
0.550633;0.081766;0.786872;10.024654;0
0.547661;0.089412;0.791724;10.024654;0
0.543827;0.108807;0.791724;10.024654;0
0.539197;0.128609;0.795970;10.024654;0
0.533550;0.130273;0.795970;10.024654;0
0.524701;0.128183;0.795970;10.024654;0
0.516797;0.133798;0.799541;10.024654;0
0.507898;0.147257;0.799541;10.024654;0
0.497918;0.152219;0.802392;10.024654;0
0.486409;0.144718;0.802392;10.024654;0
0.469701;0.136989;0.804500;10.024654;0
0.456049;0.139059;0.804500;10.024654;0
0.441113;0.140268;0.805870;10.024654;0
0.425344;0.129814;0.805870;10.024654;0
0.409202;0.119933;0.805870;10.024654;0
0.392150;0.115197;0.806527;10.024654;0
0.368441;0.126628;0.806527;10.024654;0
0.350274;0.138364;0.806521;10.024654;0
0.332066;0.136582;0.806521;10.024654;0
0.312948;0.134108;0.805923;10.024654;0
0.293575;0.139829;0.805923;10.024654;0
0.267644;0.160914;0.805923;10.024654;0
0.248023;0.173122;0.804825;10.024654;0
0.228824;0.167367;0.804825;10.024654;0
0.204308;0.155301;0.803337;10.024654;0
0.185281;0.141590;0.803337;10.024654;0
0.167004;0.105497;0.803337;10.024654;0
0.149071;0.075130;0.801586;10.024654;0
0.131827;0.043671;0.801586;10.024654;0
0.110289;0.024088;0.799716;10.024654;0
0.094134;0.035474;0.799716;10.024654;0
0.077974;0.067125;0.797877;10.024654;0
0.062262;0.110686;0.797877;10.024654;0
0.046796;0.144795;0.796230;10.024654;0
0.031578;0.164940;0.796230;10.024654;0
0.016733;0.178661;0.794933;10.024654;0
-0.003314;0.191260;0.794933;10.024654;0
-0.018206;0.190860;0.794143;10.024654;0
-0.032788;0.170787;0.794143;10.024654;0
-0.046749;0.148656;0.794004;10.024654;0
-0.060991;0.132559;0.794004;10.024654;0
-0.079969;0.127505;0.794643;10.024654;0
-0.094627;0.122269;0.794643;10.024654;0
-0.108773;0.101587;0.796159;10.024654;0
-0.123414;0.080288;0.796159;10.024654;0
-0.143403;0.066383;0.798622;10.024654;0
-0.159465;0.071635;0.798622;10.024654;0
-0.176001;0.086772;0.802059;10.024654;0
-0.193562;0.090031;0.802059;10.024654;0
-0.212506;0.087410;0.806454;10.024654;0
-0.242743;0.083946;0.806454;10.024654;0
0.824001;0.024485;0.811739;10.024654;0
0.839035;0.015916;0.811739;10.024654;0
0.855313;-0.000935;0.817799;10.024654;0
0.872504;-0.012301;0.817799;10.024654;0
0.898636;-0.008305;0.824478;10.024654;0
0.918773;0.002572;0.824478;10.024654;0
0.939596;0.010180;0.824478;10.024654;0
0.959905;0.021675;0.831589;10.024654;0
0.980020;0.039745;0.831589;10.024654;0
1.000000;0.071815;0.838927;10.024654;0
1.000000;0.091882;0.838927;10.024654;0
1.000000;0.097833;0.838927;10.024654;0
1.000000;0.099949;0.846276;10.024654;0
1.000000;0.104231;0.846276;10.024654;0
1.000000;0.111471;0.846276;10.024654;0
1.000000;0.109498;0.853418;10.024654;0
1.000000;0.104096;0.853418;10.024654;0
1.000000;0.102608;0.853418;10.024654;0
1.000000;0.109692;0.860138;10.024654;0
1.000000;0.120606;0.860138;10.024654;0
1.000000;0.132452;0.860138;10.024654;0
1.000000;0.133642;0.866230;10.024654;0
1.000000;0.132137;0.866230;10.024654;0
1.000000;0.134825;0.866230;10.024654;0
1.000000;0.140889;0.866230;10.024654;0
1.000000;0.148051;0.866230;10.024654;0
0.987359;0.149134;0.866230;10.024654;0
0.965162;0.143884;0.871505;10.024654;0
0.933860;0.139776;0.871505;10.024654;0
0.909063;0.142217;0.871505;10.024654;0
0.882628;0.150526;0.875787;10.024654;0
0.855440;0.153897;0.875787;10.024654;0
0.827362;0.150406;0.875787;10.024654;0
0.789358;0.147750;0.875787;10.024654;0
0.759503;0.151292;0.878921;10.024654;0
0.729173;0.153929;0.878921;10.024654;0
0.698615;0.148567;0.878921;10.024654;0
0.668116;0.145151;0.880776;10.024654;0
0.630793;0.150437;0.880776;10.024654;0
0.597850;0.154229;0.880776;10.024654;0
0.568457;0.146849;0.880776;10.024654;0
0.539642;0.139538;0.881241;10.024654;0
0.511431;0.138808;0.881241;10.024654;0
0.475480;0.149646;0.881241;10.024654;0
0.448500;0.156893;0.880229;10.024654;0
0.422244;0.149860;0.880229;10.024654;0
0.396455;0.138769;0.880229;10.024654;0
0.371621;0.131386;0.880229;10.024654;0
0.340290;0.133894;0.877676;10.024654;0
0.317477;0.136239;0.877676;10.024654;0
0.296056;0.127334;0.877676;10.024654;0
0.275629;0.118639;0.873544;10.024654;0
0.255771;0.114177;0.873544;10.024654;0
0.236766;0.117285;0.873544;10.024654;0
0.212696;0.122980;0.873544;10.024654;0
0.196612;0.112758;0.867819;10.024654;0
0.180787;0.100324;0.867819;10.024654;0
0.165475;0.092172;0.867819;10.024654;0
0.146651;0.092070;0.860512;10.024654;0
0.132969;0.092458;0.860512;10.024654;0
0.120082;0.084098;0.851658;10.024654;0
0.107885;0.073814;0.851658;10.024654;0
0.096248;0.070338;0.851658;10.024654;0
0.085469;0.075194;0.841318;10.024654;0
0.072021;0.083505;0.841318;10.024654;0
0.062177;0.076898;0.841318;10.024654;0
0.052932;0.072117;0.829579;10.024654;0
0.043705;0.074062;0.829579;10.024654;0
0.032296;0.075964;0.829579;10.024654;0
0.024038;0.064954;0.816553;10.024654;0
0.016158;0.056338;0.816553;10.024654;0
0.008729;0.057351;0.816553;10.024654;0
0.001732;0.068606;0.802380;10.024654;0
-0.007102;0.075631;0.802380;10.024654;0
-0.013123;0.070877;0.802380;10.024654;0
-0.019064;0.066900;0.787226;10.024654;0
-0.024811;0.065650;0.787226;10.024654;0
-0.031854;0.066674;0.787226;10.024654;0
-0.036752;0.057423;0.771286;10.024654;0
-0.041364;0.041007;0.771286;10.024654;0
-0.045775;0.027719;0.771286;10.024654;0
0.275980;0.049914;0.754785;10.024654;0
0.282395;0.045449;0.754785;10.024654;0
0.288314;0.032581;0.754785;10.024654;0
0.294928;0.024073;0.737967;10.024654;0
0.302341;0.026175;0.737967;10.024654;0
0.309891;0.040104;0.737967;10.024654;0
0.320205;0.066240;0.721078;10.024654;0
0.327840;0.074883;0.721078;10.024654;0
0.335242;0.080936;0.704354;10.024654;0
0.341828;0.090273;0.704354;10.024654;0
0.349560;0.110585;0.704354;10.024654;0
0.354196;0.118684;0.688019;10.024654;0
0.357504;0.112147;0.688019;10.024654;0
0.359696;0.104446;0.672288;10.024654;0
0.360485;0.103329;0.672288;10.024654;0
0.359316;0.104084;0.672288;10.024654;0
0.356704;0.095743;0.657361;10.024654;0
0.352705;0.091467;0.657361;10.024654;0
0.347252;0.095053;0.643428;10.024654;0
0.338106;0.111552;0.643428;10.024654;0
0.329107;0.116832;0.643428;10.024654;0
0.319043;0.113532;0.630660;10.024654;0
0.307881;0.109783;0.630660;10.024654;0
0.295942;0.110404;0.619213;10.024654;0
0.283381;0.112417;0.619213;10.024654;0
0.265852;0.098273;0.609224;10.024654;0
0.251925;0.089159;0.609224;10.024654;0
0.237087;0.090967;0.600805;10.024654;0
0.222146;0.102175;0.600805;10.024654;0
0.207480;0.116269;0.594048;10.024654;0
0.186917;0.115369;0.594048;10.024654;0
0.171814;0.110097;0.589016;10.024654;0
0.157119;0.109988;0.589016;10.024654;0
0.142836;0.116176;0.585746;10.024654;0
0.128273;0.122484;0.585746;10.024654;0
0.110326;0.113539;0.584248;10.024654;0
0.097112;0.102563;0.584248;10.024654;0
0.084069;0.099316;0.584502;10.024654;0
0.071633;0.102907;0.584502;10.024654;0
0.055861;0.106957;0.586465;10.024654;0
0.044558;0.097417;0.590066;10.024654;0
0.033742;0.088551;0.590066;10.024654;0
0.023167;0.085992;0.595216;10.024654;0
0.013182;0.090105;0.595216;10.024654;0
0.000507;0.091738;0.601803;10.024654;0
-0.008521;0.079760;0.601803;10.024654;0
-0.016997;0.070068;0.609704;10.024654;0
-0.025152;0.067210;0.609704;10.024654;0
-0.033038;0.072225;0.618781;10.024654;0
-0.043346;0.079293;0.628884;10.024654;0
-0.050851;0.069678;0.628884;10.024654;0
-0.058256;0.057976;0.639861;10.024654;0
-0.065777;0.051685;0.639861;10.024654;0
-0.073976;0.054250;0.651550;10.024654;0
-0.086474;0.061987;0.651550;10.024654;0
0.659009;0.051691;0.663787;10.024654;0
0.666312;0.045590;0.663787;10.024654;0
0.673926;0.044011;0.663787;10.024654;0
0.682122;0.052426;0.676411;10.024654;0
0.692588;0.075649;0.676411;10.024654;0
0.699970;0.088761;0.689273;10.024654;0
0.706753;0.094484;0.689273;10.024654;0
0.712674;0.099715;0.702250;10.024654;0
0.718913;0.116567;0.702250;10.024654;0
0.721932;0.132210;0.702250;10.024654;0
0.723117;0.137817;0.715236;10.024654;0
0.722459;0.142031;0.715236;10.024654;0
0.719798;0.148971;0.728140;10.024654;0
0.713139;0.166957;0.728140;10.024654;0
0.705207;0.177890;0.740891;10.024654;0
0.694733;0.176058;0.740891;10.024654;0
0.682540;0.172656;0.740891;10.024654;0
0.668186;0.174847;0.753432;10.024654;0
0.645935;0.187251;0.753432;10.024654;0
0.626676;0.193616;0.765717;10.024654;0
0.605658;0.187493;0.765717;10.024654;0
0.583426;0.182398;0.765717;10.024654;0
0.560156;0.183842;0.777713;10.024654;0
0.535955;0.191548;0.777713;10.024654;0
0.503322;0.190572;0.789400;10.024654;0
0.478282;0.184184;0.789400;10.024654;0
0.452727;0.182885;0.789400;10.024654;0
0.427216;0.187040;0.800763;10.024654;0
0.401843;0.192669;0.800763;10.024654;0
0.369938;0.183063;0.811799;10.024654;0
0.346221;0.176448;0.811799;10.024654;0
0.323218;0.175616;0.811799;10.024654;0
0.300944;0.182745;0.822510;10.024654;0
0.279388;0.192386;0.822510;10.024654;0
0.251916;0.183073;0.832901;10.024654;0
0.232609;0.171837;0.832901;10.024654;0
0.214299;0.166632;0.832901;10.024654;0
0.196892;0.170433;0.842986;10.024654;0
0.180043;0.177939;0.842986;10.024654;0
0.159108;0.166925;0.852775;10.024654;0
0.144505;0.158128;0.852775;10.024654;0
0.130929;0.157103;0.862283;10.024654;0
0.117778;0.164441;0.862283;10.024654;0
0.105461;0.172490;0.862283;10.024654;0
0.090236;0.159826;0.871522;10.024654;0
0.079213;0.148257;0.871522;10.024654;0
0.068835;0.142790;0.880501;10.024654;0
0.058641;0.143624;0.880501;10.024654;0
0.048764;0.149139;0.880501;10.024654;0
0.036524;0.140669;0.889225;10.024654;0
0.027543;0.123612;0.889225;10.024654;0
0.018782;0.111000;0.897693;10.024654;0
0.010316;0.107286;0.897693;10.024654;0
0.001780;0.115187;0.905898;10.024654;0
-0.006380;0.127118;0.905898;10.024654;0
-0.017400;0.121704;0.905898;10.024654;0
-0.025480;0.116968;0.913821;10.024654;0
-0.033628;0.119191;0.913821;10.024654;0
-0.041736;0.126926;0.921436;10.024654;0
-0.052668;0.131606;0.921436;10.024654;0
-0.061447;0.116485;0.928704;10.024654;0
-0.070391;0.103546;0.928704;10.024654;0
-0.080449;0.099579;0.928704;10.024654;0
-0.095069;0.097089;0.935575;10.024654;0
0.082202;0.067666;0.935575;10.024654;0
0.083479;0.047122;0.941990;10.024654;0
0.085481;0.028291;0.941990;10.024654;0
0.088267;0.021255;0.941990;10.024654;0
0.093245;0.023894;0.947877;10.024654;0
0.097984;0.022348;0.947877;10.024654;0
0.103145;0.023047;0.953162;10.024654;0
0.108690;0.033751;0.953162;10.024654;0
0.114124;0.052995;0.953162;10.024654;0
0.121467;0.080583;0.957767;10.024654;0
0.126703;0.083859;0.957767;10.024654;0
0.131859;0.083603;0.957767;10.024654;0
0.136524;0.085688;0.961618;10.024654;0
0.140745;0.095983;0.961618;10.024654;0
0.145395;0.112956;0.964643;10.024654;0
0.148033;0.110366;0.964643;10.024654;0
0.149916;0.107586;0.964643;10.024654;0
0.151066;0.110646;0.966781;10.024654;0
0.151394;0.119697;0.966781;10.024654;0
0.150644;0.131754;0.966781;10.024654;0
0.149157;0.125687;0.967978;10.024654;0
0.146931;0.117855;0.967978;10.024654;0
0.143999;0.118334;0.967978;10.024654;0
0.140396;0.123042;0.968195;10.024654;0
0.136250;0.112937;0.968195;10.024654;0
0.129974;0.099805;0.968195;10.024654;0
0.124736;0.098294;0.967403;10.024654;0
0.119384;0.107458;0.967403;10.024654;0
0.113507;0.118930;0.965591;10.024654;0
0.105568;0.113885;0.965591;10.024654;0
0.099190;0.110642;0.965591;10.024654;0
0.092889;0.115646;0.962762;10.024654;0
0.086335;0.127360;0.962762;10.024654;0
0.079720;0.138320;0.962762;10.024654;0
0.070972;0.130080;0.958939;10.024654;0
0.064530;0.124586;0.958939;10.024654;0
0.058127;0.126681;0.954158;10.024654;0
0.051642;0.135683;0.954158;10.024654;0
0.045281;0.139991;0.954158;10.024654;0
0.037310;0.131485;0.948476;10.024654;0
0.031411;0.128893;0.948476;10.024654;0
0.025597;0.131146;0.948476;10.024654;0
0.019873;0.137614;0.941966;10.024654;0
0.014233;0.135185;0.941966;10.024654;0
0.007167;0.114547;0.934717;10.024654;0
0.001936;0.104276;0.934717;10.024654;0
-0.003138;0.103363;0.934717;10.024654;0
-0.008152;0.108339;0.926836;10.024654;0
-0.013015;0.106210;0.926836;10.024654;0
-0.019198;0.090181;0.918442;10.024654;0
-0.023744;0.086009;0.918442;10.024654;0
-0.028359;0.089341;0.918442;10.024654;0
-0.032982;0.100243;0.909667;10.024654;0
-0.039169;0.110429;0.909667;10.024654;0
-0.043585;0.097699;0.900652;10.024654;0
-0.048074;0.083433;0.900652;10.024654;0
-0.052445;0.078061;0.891546;10.024654;0
-0.056942;0.083011;0.891546;10.024654;0
-0.062794;0.087916;0.891546;10.024654;0
-0.067181;0.073653;0.882497;10.024654;0
-0.071739;0.060724;0.882497;10.024654;0
-0.076454;0.056926;0.873651;10.024654;0
-0.083117;0.068310;0.873651;10.024654;0
-0.088382;0.074502;0.873651;10.024654;0
-0.094341;0.066304;0.865144;10.024654;0
-0.101411;0.057302;0.865144;10.024654;0
-0.110505;0.051433;0.857099;10.024654;0
-0.675019;0.043268;0.857099;10.024654;0
-0.682542;0.009789;0.849613;10.024654;0
-0.690618;-0.044769;0.849613;10.024654;0
-0.700391;-0.093715;0.849613;10.024654;0
-0.711789;-0.119830;0.842758;10.024654;0
-0.727924;-0.115643;0.842758;10.024654;0
-0.741356;-0.099484;0.842758;10.024654;0
-0.754359;-0.072897;0.836575;10.024654;0
-0.767067;-0.039607;0.836575;10.024654;0
-0.783426;0.008569;0.831076;10.024654;0
-0.795033;0.039414;0.831076;10.024654;0
-0.805896;0.054130;0.831076;10.024654;0
-0.815466;0.061998;0.826248;10.024654;0
-0.825966;0.073720;0.826248;10.024654;0
-0.832280;0.086698;0.826248;10.024654;0
-0.836422;0.091689;0.826248;10.024654;0
-0.838401;0.088865;0.822053;10.024654;0
-0.838379;0.086812;0.822053;10.024654;0
-0.834972;0.093071;0.822053;10.024654;0
-0.829614;0.101291;0.818430;10.024654;0
-0.821770;0.102893;0.818430;10.024654;0
-0.811397;0.103290;0.818430;10.024654;0
-0.794715;0.108615;0.815302;10.024654;0
-0.779073;0.120403;0.815302;10.024654;0
-0.761762;0.132192;0.815302;10.024654;0
-0.741984;0.132713;0.815302;10.024654;0
-0.720427;0.130346;0.812579;10.024654;0
-0.689177;0.134050;0.812579;10.024654;0
-0.663747;0.138703;0.812579;10.024654;0
-0.637107;0.135053;0.810160;10.024654;0
-0.610142;0.131660;0.810160;10.024654;0
-0.582123;0.133522;0.810160;10.024654;0
-0.544564;0.141429;0.807938;10.024654;0
-0.515748;0.139703;0.807938;10.024654;0
-0.488043;0.138399;0.807938;10.024654;0
-0.459612;0.140113;0.807938;10.024654;0
-0.431593;0.146449;0.805802;10.024654;0
-0.404543;0.155251;0.805802;10.024654;0
-0.369242;0.151095;0.805802;10.024654;0
-0.343899;0.141446;0.803644;10.024654;0
-0.319563;0.135224;0.803644;10.024654;0
-0.296656;0.131378;0.803644;10.024654;0
-0.274078;0.108955;0.803644;10.024654;0
-0.246162;0.067444;0.801357;10.024654;0
-0.227238;0.045884;0.801357;10.024654;0
-0.209256;0.044671;0.801357;10.024654;0
-0.193000;0.062069;0.798843;10.024654;0
-0.177152;0.091702;0.798843;10.024654;0
-0.157656;0.126076;0.798843;10.024654;0
-0.143832;0.142306;0.796008;10.024654;0
-0.130967;0.157319;0.796008;10.024654;0
-0.118697;0.170267;0.796008;10.024654;0
-0.106717;0.176695;0.792772;10.024654;0
-0.092147;0.160714;0.792772;10.024654;0
-0.081745;0.145359;0.792772;10.024654;0
-0.071439;0.134362;0.789062;10.024654;0
-0.061723;0.130819;0.789062;10.024654;0
-0.049070;0.128014;0.789062;10.024654;0
-0.040149;0.114987;0.784823;10.024654;0
-0.031568;0.102674;0.784823;10.024654;0
-0.023151;0.096687;0.784823;10.024654;0
-0.015015;0.099305;0.780008;10.024654;0
-0.007110;0.100296;0.780008;10.024654;0
0.002918;0.092744;0.774588;10.024654;0
0.010241;0.091019;0.774588;10.024654;0
0.017312;0.095151;0.774588;10.024654;0
0.024180;0.091627;0.768549;10.024654;0
0.030733;0.080298;0.768549;10.024654;0
0.039171;0.072079;0.768549;10.024654;0
0.045007;0.072820;0.761891;10.024654;0
0.050886;0.077432;0.761891;10.024654;0
0.056576;0.084487;0.754634;10.024654;0
0.062456;0.088396;0.754634;10.024654;0
0.070743;0.075128;0.754634;10.024654;0
0.077344;0.066232;0.746813;10.024654;0
0.084719;0.065977;0.746813;10.024654;0
0.093567;0.070281;0.746813;10.024654;0
-0.380769;0.079303;0.738487;10.024654;0
-0.387722;0.074249;0.738487;10.024654;0
-0.393008;0.076108;0.729730;10.024654;0
-0.398112;0.082988;0.729730;10.024654;0
-0.402785;0.083306;0.729730;10.024654;0
-0.406969;0.085763;0.720634;10.024654;0
-0.411528;0.096481;0.720634;10.024654;0
-0.413729;0.111904;0.711300;10.024654;0
-0.414830;0.129169;0.711300;10.024654;0
-0.414485;0.134326;0.711300;10.024654;0
-0.412789;0.135412;0.701835;10.024654;0
-0.408325;0.138014;0.701835;10.024654;0
-0.403180;0.145714;0.692359;10.024654;0
-0.396524;0.153604;0.692359;10.024654;0
-0.388108;0.149833;0.692359;10.024654;0
-0.378450;0.145193;0.682996;10.024654;0
-0.363735;0.149662;0.682996;10.024654;0
-0.350879;0.157147;0.673883;10.024654;0
-0.337071;0.155019;0.673883;10.024654;0
-0.322340;0.154961;0.665158;10.024654;0
-0.301653;0.164084;0.665158;10.024654;0
-0.285162;0.171523;0.656970;10.024654;0
-0.268111;0.163229;0.656970;10.024654;0
-0.251427;0.151337;0.649469;10.024654;0
-0.228407;0.148273;0.649469;10.024654;0
-0.210614;0.158203;0.642807;10.024654;0
-0.192803;0.166914;0.642807;10.024654;0
-0.175793;0.159517;0.637133;10.024654;0
-0.158500;0.148771;0.637133;10.024654;0
-0.141580;0.146073;0.632590;10.024654;0
-0.119862;0.157048;0.632590;10.024654;0
-0.103779;0.161310;0.629307;10.024654;0
-0.088484;0.148007;0.629307;10.024654;0
-0.073998;0.132799;0.627399;10.024654;0
-0.059494;0.124175;0.626958;10.024654;0
-0.040850;0.128379;0.626958;10.024654;0
-0.027264;0.137848;0.628045;10.024654;0
-0.013993;0.136134;0.630691;10.024654;0
-0.001292;0.125889;0.630691;10.024654;0
0.011366;0.118260;0.634891;10.024654;0
0.027535;0.115973;0.634891;10.024654;0
0.040158;0.113826;0.640598;10.024654;0
0.052445;0.101118;0.647728;10.024654;0
0.065119;0.087798;0.647728;10.024654;0
0.077867;0.084155;0.656157;10.024654;0
0.091077;0.084893;0.665720;10.024654;0
0.109745;0.071439;0.665720;10.024654;0
0.124838;0.059007;0.676221;10.024654;0
0.141722;0.054652;0.676221;10.024654;0
0.161135;0.058892;0.687426;10.024654;0
0.187437;0.072277;0.699076;10.024654;0
-0.782993;0.065712;0.699076;10.024654;0
-0.794375;0.050753;0.710886;10.024654;0
-0.807169;0.034557;0.710886;10.024654;0
-0.821285;0.027395;0.722568;10.024654;0
-0.841968;0.036466;0.722568;10.024654;0
-0.858377;0.042818;0.733852;10.024654;0
-0.874755;0.045854;0.733852;10.024654;0
-0.890901;0.051811;0.744488;10.024654;0
-0.911368;0.069685;0.744488;10.024654;0
-0.927625;0.091254;0.744488;10.024654;0
-0.941904;0.107148;0.754251;10.024654;0
-0.954612;0.109834;0.754251;10.024654;0
-0.965867;0.109925;0.762938;10.024654;0
-0.978210;0.116683;0.762938;10.024654;0
-0.985664;0.126877;0.762938;10.024654;0
-0.990718;0.133430;0.770373;10.024654;0
-0.993028;0.127021;0.770373;10.024654;0
-0.993234;0.118716;0.776406;10.024654;0
-0.991381;0.116658;0.776406;10.024654;0
-0.985570;0.125973;0.776406;10.024654;0
-0.978867;0.133171;0.780913;10.024654;0
-0.969581;0.131990;0.780913;10.024654;0
-0.958070;0.130580;0.780913;10.024654;0
-0.940294;0.138003;0.780913;10.024654;0
-0.924623;0.145989;0.783795;10.024654;0
-0.906720;0.147620;0.783795;10.024654;0
-0.887216;0.151998;0.783795;10.024654;0
-0.866201;0.160980;0.784978;10.024654;0
-0.837148;0.176223;0.784978;10.024654;0
-0.812717;0.180972;0.784978;10.024654;0
-0.787472;0.173706;0.784413;10.024654;0
-0.761564;0.165414;0.784413;10.024654;0
-0.735701;0.160132;0.784413;10.024654;0
-0.699966;0.159059;0.782077;10.024654;0
-0.672534;0.164598;0.782077;10.024654;0
-0.644839;0.162886;0.782077;10.024654;0
-0.618177;0.154544;0.777971;10.024654;0
-0.591812;0.148592;0.777971;10.024654;0
-0.555977;0.149558;0.777971;10.024654;0
-0.530005;0.149328;0.772121;10.024654;0
-0.504568;0.140767;0.772121;10.024654;0
-0.479878;0.133791;0.772121;10.024654;0
-0.455966;0.132561;0.764576;10.024654;0
-0.424719;0.140467;0.764576;10.024654;0
-0.402157;0.140318;0.764576;10.024654;0
-0.380495;0.133980;0.755412;10.024654;0
-0.360495;0.129654;0.755412;10.024654;0
-0.341019;0.129974;0.755412;10.024654;0
-0.316235;0.139036;0.744728;10.024654;0
-0.298593;0.144514;0.744728;10.024654;0
-0.281768;0.136057;0.744728;10.024654;0
-0.265561;0.124938;0.732648;10.024654;0
-0.250512;0.118375;0.732648;10.024654;0
-0.231574;0.121186;0.719322;10.024654;0
-0.218516;0.115873;0.719322;10.024654;0
