0.102791;-0.343986;0.261442;9.744919
0.121430;-0.522765;0.253516;9.722433
0.097211;-0.242250;0.260344;9.735360
0.073284;0.030261;0.267605;9.742937
0.056134;0.246615;0.271968;9.749397
0.050165;0.321562;0.271551;9.758201
0.094632;-0.158641;0.242721;9.742077
0.067654;0.166087;0.246749;9.750370
0.052776;0.315236;0.246856;9.761404
0.050442;0.319764;0.241144;9.769294
0.099280;-0.317536;0.206246;9.740945
0.087257;-0.134526;0.199439;9.743674
0.080673;-0.044559;0.190955;9.749490
0.067381;0.169616;0.186346;9.758548
0.067692;0.176797;0.176052;9.760924
0.104217;-0.378597;0.143267;9.736066
0.089799;-0.100610;0.137008;9.743792
0.080299;0.069586;0.131172;9.750287
0.077474;0.148566;0.122758;9.755452
0.074400;0.221416;0.116152;9.764610
0.071364;0.298674;0.111714;9.774855
0.095606;-0.244465;0.088999;9.750087
0.090727;-0.085325;0.083180;9.753386
0.085944;0.048963;0.078706;9.761689
0.082630;0.173909;0.074859;9.768454
0.098365;-0.289029;0.057189;9.750033
0.092342;-0.042240;0.053384;9.756542
0.091043;0.045999;0.048356;9.764000
0.088753;0.188281;0.044734;9.774666
0.088452;0.260806;0.040963;9.784222
0.099310;-0.361422;0.027704;9.767765
0.097461;-0.156311;0.023068;9.770641
0.095764;0.027593;0.019002;9.778971
0.095677;0.189415;0.014392;9.786599
0.096794;0.228976;0.008978;9.795545
0.096678;-0.350362;-0.000883;9.781645
0.097716;-0.207136;-0.007035;9.775470
0.094620;-0.021961;-0.013933;9.785646
0.082967;0.065903;-0.020262;9.793775
0.065409;0.231505;-0.024991;9.804933
0.044455;-0.282620;-0.028475;9.788771
0.018765;-0.049760;-0.028357;9.794641
-0.002093;0.025802;-0.024417;9.800533
-0.027742;0.155132;-0.015625;9.808450
-0.056216;0.225784;-0.000696;9.814858
-0.036825;-0.390857;0.013615;9.794953
-0.072391;-0.215996;0.039271;9.796071
-0.109857;-0.139649;0.071972;9.802451
-0.112448;0.038857;0.112239;9.811414
-0.013004;-0.419865;0.138919;9.803692
-0.010334;-0.152602;0.186141;9.809178
-0.003701;0.005982;0.233914;9.816535
-0.014659;0.204473;0.288196;9.826134
-0.014361;0.253203;0.338154;9.835608
0.077435;-0.205616;0.359279;9.827270
0.044214;-0.018577;0.406546;9.830690
0.011892;0.111237;0.453343;9.838736
-0.010228;0.180184;0.495370;9.846874
-0.027228;0.216262;0.534810;9.854652
0.089866;-0.339424;0.521866;9.835079
0.044970;-0.112384;0.558141;9.836897
0.022140;-0.014656;0.584857;9.841916
0.001756;0.093571;0.609605;9.847063
-0.026447;0.214243;0.638103;9.856131
0.085752;-0.240712;0.602278;9.834354
0.035653;0.002948;0.626211;9.835348
0.019906;0.056417;0.636469;9.841533
-0.000421;0.149420;0.649090;9.850030
-0.013334;0.195545;0.658838;9.857468
0.104052;-0.282716;0.598233;9.827421
0.058095;-0.051460;0.607510;9.837228
0.047375;0.010089;0.602912;9.840880
0.024307;0.126567;0.605085;9.849059
-0.002360;0.241832;0.612217;9.859292
0.123317;-0.324987;0.536314;9.823887
0.085861;-0.119944;0.536272;9.829613
0.051394;0.035782;0.538261;9.839763
0.034148;0.134778;0.533348;9.844238
0.139760;-0.372886;0.457891;9.811303
0.087234;-0.064814;0.463488;9.821739
0.053504;0.108212;0.464090;9.832030
0.037048;0.197803;0.458780;9.836447
0.123966;-0.283573;0.393239;9.806809
0.081255;-0.014172;0.397137;9.816648
0.059279;0.104041;0.394567;9.824430
0.050335;0.163901;0.387318;9.828852
0.045110;0.193815;0.380290;9.834257
0.110033;-0.212822;0.324924;9.799344
0.084417;-0.018231;0.323346;9.811887
0.069353;0.093913;0.317976;9.816027
0.054724;0.205411;0.315430;9.823306
0.048032;0.255955;0.312513;9.829474
0.091819;-0.052750;0.268654;9.798754
0.080941;0.018868;0.264222;9.803475
0.066386;0.152728;0.263041;9.811519
0.055010;0.242858;0.263418;9.819147
0.117097;-0.352936;0.219819;9.782299
0.101508;-0.170398;0.217715;9.786918
0.086528;-0.026630;0.215862;9.795769
0.078820;0.062218;0.210683;9.797122
0.071812;0.156169;0.207818;9.802746
0.111245;-0.290619;0.176198;9.778221
0.089417;0.002499;0.177422;9.787231
0.081659;0.105049;0.174437;9.789791
0.074627;0.202141;0.171925;9.796687
0.105794;-0.248162;0.146323;9.778124
0.089832;0.021041;0.146922;9.782331
0.085795;0.061883;0.142065;9.784496
0.080053;0.171029;0.138996;9.791711
0.078980;0.187214;0.134072;9.795026
0.106702;-0.352416;0.109897;9.771418
0.098659;-0.193790;0.106663;9.763814
0.089494;0.027066;0.103995;9.773844
0.085664;0.112654;0.098497;9.777807
0.084094;0.177215;0.092917;9.783659
0.099503;-0.257328;0.073667;9.764624
0.092665;-0.001237;0.069267;9.770782
0.090884;0.119112;0.063554;9.775757
0.090154;0.192206;0.056905;9.781069
0.099206;-0.329298;0.039310;9.763376
0.095795;-0.056132;0.033620;9.767393
0.094918;-0.009511;0.025264;9.768843
0.093879;0.121188;0.017726;9.773709
0.094458;0.177300;0.009618;9.779450
0.093872;-0.250047;-0.003075;9.765319
0.095028;0.060449;-0.011009;9.769154
0.095907;0.154160;-0.019505;9.772155
0.093063;0.233675;-0.027916;9.779359
0.080548;-0.210191;-0.036621;9.767138
0.076459;0.095855;-0.044497;9.767389
0.070240;0.140062;-0.050672;9.772172
0.064463;0.188215;-0.055631;9.779462
0.053639;-0.249241;-0.057503;9.764216
0.050899;-0.049434;-0.059701;9.770180
0.049598;0.092495;-0.060233;9.778410
0.048137;0.129408;-0.058725;9.785049
0.045837;-0.432203;-0.052680;9.767783
0.045319;-0.351595;-0.048446;9.761688
0.053139;-0.052931;-0.043769;9.771547
0.058176;-0.479890;-0.037825;9.764475
0.064817;-0.051249;-0.032797;9.775109
0.068840;-0.149750;-0.025669;9.783093
0.069867;0.306427;-0.020950;9.782354
0.068970;0.562977;-0.016192;9.790475
0.066927;0.684820;-0.011193;9.812650
0.064056;0.664405;-0.006295;9.831220
0.061238;0.156327;-0.000450;9.811861
0.058093;0.179054;0.002937;9.818910
0.055972;0.158684;0.006025;9.823784
0.054893;0.195640;0.008700;9.831092
0.058265;-0.360242;0.011517;9.782747
0.059412;-0.178489;0.012524;9.788072
0.060848;-0.097844;0.013156;9.795278
0.061677;0.101613;0.013443;9.804355
0.063250;0.200423;0.013565;9.808860
0.069072;-0.425297;0.013082;9.758818
0.069121;-0.175253;0.012081;9.771318
0.069461;-0.038344;0.011051;9.781704
0.069121;0.098134;0.009931;9.788002
0.068759;0.193080;0.008980;9.796406
0.071859;-0.272037;0.007533;9.765154
0.070997;-0.025256;0.005992;9.769649
0.070662;0.070781;0.004770;9.782583
0.069511;0.313513;0.003915;9.800176
0.069292;0.336107;0.003365;9.808273
0.072473;-0.142453;0.001666;9.758714
0.071223;0.122794;0.000754;9.780852
0.071320;0.142990;0.000089;9.787952
0.070846;0.277790;-0.000030;9.804779
0.075516;-0.377229;-0.000439;9.754891
0.073837;-0.050899;-0.000602;9.774597
0.074165;0.007856;-0.000548;9.783253
0.074551;0.123877;-0.000239;9.791157
0.073861;0.319753;0.000616;9.809308
0.078633;-0.250206;0.000396;9.753956
0.077803;-0.086455;0.000722;9.770396
0.076346;0.144835;0.001492;9.785479
0.076369;0.213859;0.002498;9.792052
0.082282;-0.472088;0.002869;9.744947
0.080447;-0.169137;0.003438;9.759931
0.079412;0.005115;0.004300;9.773475
0.076474;0.323126;0.005716;9.790789
0.075527;0.390635;0.007264;9.800621
0.081411;-0.251087;0.007639;9.757994
0.077833;0.025814;0.008761;9.775571
0.076240;0.086605;0.010057;9.782664
0.074757;0.132215;0.011546;9.788784
0.071730;0.241003;0.013727;9.800923
0.079364;-0.429141;0.013732;9.748289
0.075580;-0.137147;0.015296;9.765183
0.072921;-0.022476;0.017066;9.771331
0.068074;0.205811;0.020050;9.785514
0.063776;0.369142;0.023910;9.798591
0.074453;-0.231621;0.023020;9.749347
0.068847;-0.052526;0.026068;9.765316
0.060629;0.186007;0.030808;9.780467
0.050060;0.410725;0.037334;9.796983
0.066413;-0.351573;0.037426;9.761101
0.056941;-0.090486;0.044250;9.770113
0.050889;0.045003;0.051913;9.785525
0.046666;0.177052;0.060059;9.794222
0.070846;-0.327880;0.058777;9.751548
0.065338;-0.120565;0.065917;9.763910
0.058693;0.025974;0.073738;9.775647
0.043479;0.228807;0.084771;9.788994
0.026161;0.289671;0.096895;9.800201
0.054792;-0.555751;0.093619;9.766463
0.185549;-0.207573;0.102889;9.772475
0.281206;0.001908;0.101083;9.778135
0.343084;0.185404;0.088835;9.786083
0.334975;-0.357372;0.063530;9.777105
0.331550;0.004755;0.033498;9.784028
0.300492;0.129199;-0.001431;9.792747
0.272308;0.325398;-0.043929;9.806016
0.176666;-0.183884;-0.080410;9.799692
0.162659;0.019487;-0.128296;9.799619
0.156701;0.130886;-0.176511;9.809357
0.152985;0.173257;-0.223847;9.815882
0.170387;0.290278;-0.276223;9.827525
0.075138;-0.414961;-0.291476;9.785289
0.112410;-0.126447;-0.340613;9.791019
0.141779;0.025308;-0.385673;9.805456
0.186606;0.261621;-0.435466;9.819810
0.082250;-0.355681;-0.431454;9.791795
0.122333;-0.075075;-0.470701;9.800531
0.149295;0.059284;-0.504340;9.815537
0.167617;0.161235;-0.532289;9.826707
0.181292;0.221363;-0.557117;9.838610
0.067920;-0.344556;-0.526122;9.809442
0.110498;-0.050594;-0.552523;9.821952
0.125423;0.021242;-0.564928;9.829841
0.143312;0.138484;-0.577141;9.841292
0.154797;0.194695;-0.585826;9.850922
0.020654;-0.447862;-0.520631;9.804551
0.056558;-0.172031;-0.528056;9.816553
0.092548;0.023151;-0.534769;9.830797
0.125829;0.210731;-0.541151;9.842376
0.135448;0.252886;-0.538166;9.850681
0.139148;0.254060;-0.533452;9.857433
0.033043;-0.258490;-0.463085;9.796155
0.083520;0.061970;-0.474698;9.820496
0.100230;0.158134;-0.471116;9.828548
0.110518;0.216100;-0.464512;9.836930
0.029966;-0.277909;-0.404814;9.793294
0.060880;-0.037938;-0.403119;9.808523
0.078615;0.067437;-0.396872;9.817244
0.099348;0.196289;-0.394655;9.829090
0.128318;0.368201;-0.400941;9.847149
0.028659;-0.404019;-0.334648;9.777553
0.060803;-0.116097;-0.339973;9.790036
0.081512;0.017160;-0.339895;9.809000
0.096135;0.126825;-0.337250;9.815090
0.120581;0.299362;-0.343202;9.832332
0.054713;-0.172401;-0.287441;9.772812
0.065883;-0.089302;-0.281168;9.782742
0.099566;0.203011;-0.290920;9.799597
0.119197;0.346086;-0.296187;9.809921
0.028146;-0.531225;-0.236090;9.740612
0.056417;-0.223621;-0.241745;9.754517
0.080655;-0.029373;-0.247021;9.767995
0.103554;0.155176;-0.253579;9.773541
0.109505;0.164445;-0.253019;9.775235
0.045621;-0.414464;-0.216096;9.738849
0.057247;-0.132031;-0.224191;9.748844
0.056366;0.073031;-0.232566;9.756001
0.047073;0.230632;-0.238837;9.761450
-0.025810;-0.249111;-0.203028;9.734073
-0.041120;-0.088510;-0.199865;9.738014
-0.061749;0.043027;-0.193012;9.742672
-0.090066;0.125523;-0.180755;9.746364
-0.133387;0.103944;-0.160654;9.745288
0.017288;-0.512770;-0.117789;9.743278
0.151526;-0.254748;-0.106961;9.749677
0.250327;0.004717;-0.105779;9.757990
0.301563;0.199355;-0.111484;9.767658
0.313736;0.335638;-0.124239;9.783191
0.219932;-0.210584;-0.116768;9.786663
0.209251;0.112673;-0.144753;9.789332
0.174032;0.186285;-0.169558;9.799971
0.151203;0.291718;-0.199157;9.813773
0.140712;0.389897;-0.233603;9.828245
0.029458;-0.420144;-0.221902;9.801645
0.048759;-0.183634;-0.253288;9.804329
0.064140;-0.080622;-0.279260;9.811545
0.099058;0.160257;-0.312273;9.821643
0.121870;0.278057;-0.340075;9.830674
0.050510;-0.297346;-0.323860;9.803715
0.093916;0.049112;-0.352865;9.816011
0.118050;0.201963;-0.374824;9.826202
0.148317;0.395373;-0.399325;9.843652
0.061098;-0.291131;-0.367811;9.811787
0.075234;-0.146752;-0.380640;9.803067
0.097814;0.042466;-0.393656;9.820382
0.105498;0.103065;-0.397162;9.831155
0.111757;0.146600;-0.398231;9.840770
0.021002;-0.539018;-0.344873;9.794059
0.061733;-0.125509;-0.353250;9.816571
0.086310;0.064741;-0.354185;9.826868
0.100126;0.188732;-0.350398;9.835016
0.038756;-0.341706;-0.304886;9.805672
0.069450;-0.008373;-0.307496;9.818470
0.085795;0.124155;-0.304309;9.832331
0.103299;0.288000;-0.303613;9.846499
0.103046;0.254664;-0.294450;9.851570
0.107078;0.266714;-0.289441;9.860051
0.043654;-0.383413;-0.241838;9.794815
-0.024342;-0.920622;-0.186927;9.753125
0.026126;-0.347493;-0.193148;9.794451
0.061078;0.099040;-0.197300;9.797709
0.030753;-0.214302;-0.167492;9.792595
0.067625;0.288912;-0.180500;9.799134
0.088535;0.521962;-0.190775;9.818108
0.103898;0.671043;-0.200441;9.842630
0.105094;0.598575;-0.204274;9.860504
0.071135;0.101703;-0.181358;9.816119
0.076390;0.110582;-0.183881;9.825295
0.088324;0.229628;-0.189327;9.835972
0.094771;0.239642;-0.191292;9.838798
0.047821;-0.524376;-0.161772;9.762706
0.056909;-0.290453;-0.164410;9.773514
0.060558;-0.155263;-0.164641;9.785322
0.062802;-0.019739;-0.163148;9.787193
0.022211;-0.652840;-0.133052;9.735760
0.034927;-0.270345;-0.134498;9.755174
0.042235;-0.093755;-0.132065;9.767303
0.048033;0.057877;-0.129363;9.777901
0.052678;0.010152;-0.123358;9.784240
0.139685;-0.517765;-0.102630;9.765788
0.246225;-0.141086;-0.116132;9.778738
0.303862;0.040226;-0.135837;9.789443
0.337725;0.266575;-0.167592;9.804041
0.326149;0.318344;-0.201590;9.818973
0.186519;-0.311125;-0.206357;9.807258
0.157831;-0.203489;-0.247786;9.794975
0.144636;-0.037374;-0.293443;9.806257
0.135086;0.078333;-0.339259;9.818152
0.128407;0.136697;-0.382554;9.826790
0.141042;0.228614;-0.430865;9.838853
0.020215;-0.384330;-0.424932;9.809321
0.058252;-0.169677;-0.471559;9.805152
0.102881;0.046390;-0.517608;9.819222
0.131866;0.160434;-0.554656;9.829476
0.155488;0.238275;-0.588299;9.840446
0.028198;-0.378380;-0.553149;9.802882
0.082133;-0.077333;-0.587527;9.815199
0.119130;0.079169;-0.613485;9.828495
0.160466;0.276622;-0.640696;9.844054
0.020693;-0.388837;-0.578246;9.794875
0.068924;-0.072612;-0.596474;9.808173
0.088607;0.022973;-0.598087;9.820153
0.121784;0.199292;-0.605611;9.832567
0.123802;0.203314;-0.596861;9.836921
-0.005425;-0.435983;-0.512540;9.770829
0.038691;-0.117958;-0.514562;9.789755
0.066810;0.044668;-0.507030;9.807025
0.085767;0.167169;-0.495048;9.815359
0.091985;0.193180;-0.477734;9.820472
-0.015074;-0.496060;-0.390840;9.767712
0.022187;-0.164642;-0.384417;9.783659
0.058375;0.084455;-0.380477;9.800546
0.075888;0.235637;-0.370067;9.807607
0.091076;0.359183;-0.361991;9.820782
0.043873;0.085232;-0.305209;9.778264
0.060662;0.237179;-0.299973;9.794050
0.073322;0.378328;-0.294820;9.808116
-0.004232;-0.450010;-0.225692;9.745737
0.012388;-0.185237;-0.218353;9.758058
0.029124;0.031763;-0.212576;9.775378
0.036814;0.186313;-0.203502;9.779499
-0.012823;-0.536171;-0.147871;9.729159
0.001001;-0.182337;-0.141437;9.743933
0.009253;0.078433;-0.135225;9.755914
0.010680;0.280402;-0.125777;9.763709
0.002332;0.279511;-0.110121;9.767353
-0.021064;-0.494059;-0.068741;9.730508
-0.028051;-0.183833;-0.056426;9.739079
-0.041244;-0.009322;-0.039779;9.745247
-0.043639;0.174766;-0.021159;9.751400
-0.034959;0.209070;0.000813;9.757727
0.000907;-0.240723;0.028895;9.724676
0.011092;0.033187;0.048366;9.733390
0.021096;0.163924;0.068230;9.743246
0.020904;0.300550;0.088278;9.753413
0.056310;-0.387407;0.104152;9.734280
0.026750;-0.114773;0.122999;9.734954
-0.008722;-0.122608;0.140900;9.733148
0.167441;-0.023284;0.152818;9.739153
0.285344;0.051148;0.152228;9.748521
0.364482;-0.261618;0.132024;9.746834
0.389184;-0.022658;0.107224;9.755925
0.376312;0.147092;0.072425;9.770668
0.344936;0.301204;0.028543;9.786424
0.218629;-0.277676;-0.011948;9.804992
0.199791;0.055018;-0.071128;9.804117
0.173152;0.165016;-0.128128;9.812436
0.155574;0.219216;-0.187010;9.825226
0.168245;0.353593;-0.254162;9.836125
0.092339;-0.066072;-0.291209;9.833954
0.105411;-0.022032;-0.346016;9.839554
0.131598;0.087798;-0.402122;9.849373
0.164564;0.196886;-0.461060;9.857212
0.057966;-0.342218;-0.472923;9.860586
0.092892;-0.142792;-0.522173;9.858122
0.110392;-0.067042;-0.562648;9.863817
0.136448;0.065143;-0.604109;9.871565
0.175151;0.223540;-0.652431;9.880567
0.030164;-0.321515;-0.625699;9.877864
0.085800;-0.042166;-0.668694;9.877300
0.123887;0.094877;-0.704574;9.883550
0.143506;0.174858;-0.731159;9.892748
0.010980;-0.299988;-0.685618;9.882178
0.043816;-0.113323;-0.704392;9.882059
0.060232;-0.044606;-0.712854;9.886298
0.109857;0.153288;-0.736297;9.896438
0.006011;-0.228539;-0.681645;9.881575
0.048568;-0.007806;-0.694229;9.881629
0.069823;0.065828;-0.696663;9.887616
0.098381;0.183755;-0.701944;9.895678
0.100661;0.173800;-0.694935;9.899115
-0.025933;-0.355361;-0.613893;9.864351
0.013393;-0.126219;-0.615068;9.868327
0.040961;-0.009964;-0.610190;9.874766
0.068933;0.126043;-0.604627;9.880446
-0.024245;-0.307240;-0.525984;9.848818
0.018485;-0.047172;-0.523129;9.854139
0.041927;0.062462;-0.512384;9.860627
0.062256;0.172102;-0.502025;9.866096
0.080928;0.257526;-0.493350;9.872992
-0.014709;-0.322008;-0.412995;9.830362
0.012768;-0.108714;-0.404937;9.834689
0.026672;-0.031227;-0.390154;9.839881
0.059619;0.191039;-0.388623;9.851107
0.069610;0.246703;-0.379461;9.853308
-0.009131;-0.346322;-0.311193;9.805498
0.012441;-0.142590;-0.304081;9.812299
0.032885;0.017134;-0.299346;9.823666
0.056163;0.217571;-0.299597;9.833168
0.055418;0.191768;-0.286417;9.831189
0.033479;-0.037702;-0.258911;9.814815
0.044112;0.071500;-0.254210;9.821203
-0.005594;-0.477711;-0.204867;9.776728
0.008065;-0.270779;-0.196127;9.783452
0.019949;-0.113747;-0.188525;9.789617
0.034798;0.110339;-0.185037;9.795978
0.042805;0.231913;-0.179351;9.801050
0.007584;-0.329129;-0.140574;9.769573
0.021718;-0.039773;-0.139452;9.775950
0.027925;0.088537;-0.134508;9.782789
0.030590;0.174736;-0.127928;9.785981
0.032524;0.253116;-0.121839;9.791805
0.014422;-0.210481;-0.095283;9.755325
0.018830;-0.004379;-0.089734;9.761629
0.019730;0.055939;-0.080918;9.764943
0.020746;0.151944;-0.072390;9.770067
0.022504;0.258372;-0.063841;9.776826
0.019324;-0.191414;-0.040829;9.741741
0.021207;-0.016729;-0.031815;9.750809
0.022476;0.091063;-0.021169;9.757180
0.021998;0.246689;-0.010728;9.766449
0.027791;-0.251687;0.006967;9.748551
0.024315;-0.023981;0.017789;9.752174
0.021383;0.051166;0.029435;9.759484
0.012835;0.198049;0.042181;9.768653
0.007768;0.188902;0.055643;9.774616
0.027265;-0.424372;0.067648;9.740383
0.141018;-0.158902;0.075737;9.746630
0.222460;0.035996;0.072795;9.756202
0.270681;0.125830;0.059962;9.761867
0.284537;0.165097;0.038810;9.770769
0.238628;-0.191327;0.012871;9.749232
0.219971;0.054188;-0.023874;9.760158
0.191116;0.183445;-0.063944;9.771158
0.162556;0.243674;-0.105930;9.781816
0.012360;-0.755467;-0.098448;9.756210
0.036500;-0.269625;-0.149996;9.761808
0.061891;0.108786;-0.195888;9.765862
0.092617;0.439444;-0.244594;9.775887
0.119608;0.609005;-0.289673;9.794114
0.060669;-0.007803;-0.304771;9.801295
0.062929;-0.050735;-0.330074;9.785073
0.105825;0.204994;-0.368381;9.798142
0.126549;0.277089;-0.396738;9.808587
0.141334;0.315553;-0.420416;9.820471
0.066064;-0.242596;-0.403866;9.787192
0.091365;-0.001736;-0.421561;9.800475
0.095355;0.037910;-0.427142;9.803339
0.100200;0.092057;-0.429687;9.808249
0.102239;0.117263;-0.428490;9.813200
0.114389;0.200320;-0.429984;9.822591
0.046872;-0.310776;-0.387767;9.784787
0.061725;-0.123468;-0.382397;9.793631
0.072907;-0.016237;-0.374289;9.800799
0.090631;0.147751;-0.368726;9.810102
0.022229;-0.401061;-0.311686;9.771433
0.043081;-0.127235;-0.302888;9.783831
0.055591;0.017837;-0.290701;9.791561
0.072367;0.228300;-0.284334;9.802131
0.016054;-0.347269;-0.231468;9.778816
0.037580;-0.018820;-0.227695;9.786645
0.042429;0.073295;-0.216051;9.793293
0.049562;0.211564;-0.206378;9.802469
0.051751;0.279928;-0.196134;9.811341
0.009395;-0.370058;-0.151674;9.781287
0.018590;-0.128031;-0.144037;9.785509
0.025480;0.038208;-0.135767;9.793509
0.027721;0.167925;-0.125669;9.797742
0.027109;0.212766;-0.114082;9.802704
0.023770;0.187037;-0.100633;9.804694
0.009739;-0.231265;-0.070848;9.776249
0.013374;0.017958;-0.061929;9.786188
0.018790;0.099007;-0.049704;9.787734
0.025433;0.100519;-0.036355;9.790418
0.034092;0.176968;-0.024814;9.796885
0.044262;-0.438072;-0.003269;9.764148
0.052353;-0.159560;0.004186;9.768794
0.058041;-0.015741;0.011187;9.775434
0.062536;0.103426;0.017493;9.781108
0.067289;-0.363187;0.026997;9.772862
0.067550;-0.049547;0.029218;9.777999
0.066932;0.048152;0.031062;9.782402
0.201371;0.164691;0.025061;9.789103
0.292985;0.309007;0.004192;9.798838
0.317706;0.049644;-0.022702;9.788675
0.327479;0.118142;-0.062497;9.795561
0.316224;0.213726;-0.112283;9.806533
0.309485;0.396840;-0.175802;9.821767
0.150267;-0.298625;-0.207586;9.797654
0.149692;-0.054504;-0.274413;9.803251
0.136220;0.018130;-0.334184;9.812563
0.128565;0.088675;-0.392370;9.819032
0.141616;0.198017;-0.452449;9.830604
0.050361;-0.229918;-0.473547;9.805186
0.088417;-0.008632;-0.526075;9.815971
0.107996;0.065916;-0.566490;9.823959
0.148301;0.223553;-0.612211;9.838940
0.161840;0.229930;-0.643331;9.846273
0.078742;-0.072987;-0.619961;9.812651
0.104678;0.027019;-0.638903;9.825039
0.137991;0.184608;-0.657301;9.838546
0.167489;0.302497;-0.672634;9.853193
0.170314;0.284858;-0.673680;9.860727
0.055378;-0.194285;-0.606822;9.800257
0.082566;-0.007966;-0.604460;9.818083
0.091655;0.055279;-0.589329;9.827219
0.107278;0.145477;-0.575599;9.838048
0.129392;0.254448;-0.565260;9.853449
0.033121;-0.246426;-0.480345;9.799820
0.054629;-0.091506;-0.460222;9.815817
0.072298;0.037419;-0.438729;9.825021
0.105057;0.254475;-0.430843;9.841481
0.013122;-0.392181;-0.348145;9.789161
0.044015;-0.095875;-0.338258;9.802479
0.065449;0.072350;-0.325693;9.818613
0.082755;0.228649;-0.315245;9.828811
0.088708;0.276272;-0.301847;9.837400
0.025480;-0.281725;-0.242643;9.777893
0.050274;0.003890;-0.240229;9.797578
0.056536;0.065381;-0.229244;9.805230
0.066448;0.169817;-0.222520;9.816148
0.075301;0.251346;-0.217687;9.827351
0.028214;-0.283168;-0.171506;9.772779
0.045909;-0.046989;-0.171812;9.792016
0.058090;0.126279;-0.171219;9.801430
0.061320;0.181917;-0.166607;9.806516
0.020978;-0.443268;-0.131315;9.762896
0.038088;-0.099120;-0.135483;9.778070
0.045252;0.050408;-0.135356;9.790184
0.047497;0.148829;-0.132057;9.796523
0.016964;-0.496612;-0.102590;9.757326
0.029646;-0.084885;-0.105544;9.774429
0.033162;0.074924;-0.102943;9.785667
0.034727;0.229172;-0.099347;9.795469
0.032944;0.309083;-0.093937;9.806812
0.018438;-0.285469;-0.070820;9.774700
0.015904;-0.009014;-0.064686;9.787393
0.009826;0.144724;-0.055644;9.799995
0.008556;0.324643;-0.045237;9.815426
0.017784;-0.237461;-0.023718;9.779716
0.020241;-0.009782;-0.010986;9.790305
0.022880;0.057494;0.003310;9.798520
0.020687;0.108120;0.018693;9.806035
0.042102;-0.656713;0.035578;9.757533
0.018433;-0.412573;0.051046;9.770093
-0.022237;-0.334007;0.068505;9.779115
0.076157;0.099427;0.087779;9.791011
0.168079;-0.367052;0.093089;9.777803
0.210132;-0.085123;0.097234;9.772494
0.225814;0.267245;0.095343;9.783144
0.218495;0.374033;0.087680;9.796126
0.197838;0.406537;0.075185;9.808600
0.172581;0.465109;0.059347;9.823015
0.129115;-0.241542;0.041456;9.785901
0.111602;-0.013529;0.020646;9.792033
0.097220;0.018870;-0.000429;9.793637
0.094790;0.213449;-0.023706;9.802535
0.069827;-0.455348;-0.040456;9.755021
0.081795;-0.100893;-0.064044;9.766455
0.092125;0.099627;-0.086239;9.776147
0.106013;0.326435;-0.108426;9.787286
0.112432;0.315268;-0.126005;9.790984
0.086904;-0.319151;-0.131850;9.744229
0.100305;0.001499;-0.148947;9.761108
0.110870;0.183463;-0.163058;9.772583
0.112765;0.219048;-0.172823;9.777528
0.116369;0.272519;-0.181378;9.786620
0.080700;-0.362650;-0.171637;9.743200
0.090069;-0.075047;-0.177968;9.757504
0.094035;0.042464;-0.180258;9.763347
0.100772;0.193000;-0.182480;9.772595
0.104633;0.266222;-0.183011;9.781351
0.072500;-0.228813;-0.163429;9.731295
0.088566;0.128147;-0.167301;9.750773
0.091949;0.205277;-0.164966;9.759556
0.097242;0.306952;-0.163369;9.772485
0.066337;-0.349478;-0.140871;9.737581
0.080781;0.037505;-0.142671;9.754797
0.082875;0.075632;-0.138310;9.760106
0.087664;0.212943;-0.135621;9.772299
0.090233;0.279034;-0.132230;9.782132
0.065237;-0.337478;-0.111485;9.738221
0.075918;0.018445;-0.112614;9.748528
0.077539;0.069633;-0.109075;9.758673
0.080999;0.200740;-0.106907;9.769452
0.059979;-0.429304;-0.087510;9.723219
0.064305;-0.179868;-0.085407;9.729325
0.068560;-0.025134;-0.083238;9.743228
0.073076;0.180671;-0.082034;9.755545
0.074381;0.268680;-0.079403;9.765165
0.058340;-0.421964;-0.062485;9.727509
0.063283;-0.055768;-0.062839;9.736960
0.064363;0.112999;-0.060896;9.750580
0.064461;0.229483;-0.057874;9.760002
0.062739;0.272990;-0.054043;9.769973
0.055033;-0.277641;-0.041069;9.722631
0.054525;-0.019052;-0.038213;9.737513
0.052163;0.102449;-0.033652;9.747922
0.049428;0.245656;-0.028445;9.760672
0.046068;0.311609;-0.021783;9.771464
0.049954;-0.425494;-0.009910;9.741567
0.040732;-0.054553;-0.003016;9.752043
0.048761;-0.668827;0.003860;9.726899
0.039097;-0.150056;0.011778;9.744284
0.046058;-0.365051;0.020706;9.748358
0.053545;-0.119516;0.031803;9.757083
0.070233;0.260038;0.042504;9.758844
0.101580;0.429672;0.051282;9.772400
0.142321;0.588419;0.057036;9.787056
0.191512;-0.326047;0.053997;9.767667
0.251220;-0.171002;0.046235;9.757636
0.324317;-0.243044;0.030717;9.753077
0.437307;-0.463823;0.006079;9.737644
0.624878;-1.121151;-0.020608;9.706796
0.164001;-1.050011;-0.063407;9.745752
-0.113386;-0.438339;-0.111381;9.748755
-0.303065;0.026384;-0.141003;9.749544
-0.399946;0.381568;-0.154584;9.768378
-0.418473;0.595606;-0.151732;9.791802
-0.307374;0.133616;-0.128253;9.853108
-0.234879;0.318513;-0.096792;9.842720
-0.143842;0.310052;-0.054385;9.855617
-0.078281;0.340264;-0.001750;9.861546
0.055705;-0.222246;0.047639;9.876868
0.055877;-0.079665;0.112971;9.863455
0.044836;-0.012115;0.180772;9.858067
0.020671;0.081401;0.252733;9.857832
-0.009139;0.168696;0.328043;9.859189
-0.047958;0.273606;0.410199;9.861308
0.031369;-0.125536;0.460373;9.851060
-0.013575;0.054439;0.536180;9.847628
-0.027965;0.093938;0.601251;9.852275
-0.032495;0.122356;0.660554;9.858198
-0.044110;0.173600;0.720122;9.864561
0.097390;-0.296785;0.712457;9.849341
0.060566;-0.104681;0.756341;9.850297
0.040553;0.002409;0.787471;9.856304
0.012469;0.142927;0.816290;9.862424
-0.000876;0.206597;0.833507;9.869111
0.135534;-0.281373;0.767551;9.850782
0.092828;-0.076959;0.771911;9.851732
0.065142;0.037323;0.766001;9.856870
0.039569;0.162379;0.755881;9.863013
0.022586;0.237198;0.740260;9.869308
0.121833;-0.207004;0.651755;9.845267
0.069079;0.057171;0.639588;9.850735
0.056908;0.097947;0.609845;9.855278
0.050488;0.143713;0.575823;9.858925
0.038489;0.210786;0.546094;9.866778
0.110725;-0.201730;0.457205;9.833105
0.086254;-0.020193;0.428014;9.841341
0.075889;0.052796;0.396237;9.845609
0.067023;0.131175;0.365474;9.850781
0.133118;-0.363008;0.281726;9.810189
0.110016;-0.153620;0.255467;9.817227
0.090177;0.017508;0.234641;9.827485
0.071499;0.203244;0.218899;9.835937
0.065248;0.273372;0.203008;9.841439
0.118696;-0.311668;0.147388;9.799290
0.101591;-0.090683;0.138427;9.808072
0.091005;0.034094;0.131010;9.818978
0.088394;0.075611;0.120154;9.819475
0.081493;0.190256;0.116253;9.829488
0.110062;-0.270491;0.085496;9.784959
0.095654;0.009184;0.085504;9.800947
0.092113;0.078569;0.081623;9.804967
0.090812;0.135764;0.078633;9.809834
0.114308;-0.387340;0.056796;9.774748
0.105554;-0.121335;0.056745;9.786442
0.103499;-0.028178;0.053870;9.791067
0.100075;0.116086;0.052040;9.798142
0.097484;0.257306;0.050984;9.807294
0.109212;-0.280894;0.036631;9.780359
0.107311;-0.088936;0.033366;9.784074
0.106670;0.008225;0.028839;9.791598
0.106793;0.205837;0.024435;9.802129
0.108313;0.286968;0.018143;9.808834
0.108921;-0.091465;0.003725;9.778108
0.111158;0.029940;-0.004850;9.785855
0.114358;0.204555;-0.014690;9.793316
0.117913;0.250670;-0.025835;9.799248
0.101971;-0.283446;-0.037219;9.773571
0.092784;-0.106561;-0.048984;9.774777
0.077775;-0.013903;-0.059431;9.781680
0.060516;0.128044;-0.068565;9.787140
0.041259;0.161740;-0.074511;9.790041
0.017354;-0.276908;-0.074272;9.752510
0.002998;-0.044290;-0.074538;9.754643
-0.009187;0.133214;-0.070434;9.765133
-0.021587;0.222225;-0.061077;9.772706
-0.032036;0.216097;-0.046458;9.778709
-0.021128;-0.318296;-0.026558;9.754579
-0.091360;0.081584;0.002331;9.769828
-0.118556;0.162531;0.037568;9.776311
-0.125360;0.220713;0.079713;9.786220
-0.040727;-0.315727;0.114120;9.763157
-0.037199;-0.081266;0.163769;9.771423
-0.038304;0.128569;0.217668;9.786197
-0.026498;0.214666;0.267370;9.794037
-0.022667;0.302628;0.317500;9.806872
-0.032108;0.401122;0.369880;9.824569
0.046710;-0.020079;0.381997;9.786561
0.034913;0.056061;0.416769;9.799626
0.018895;0.164847;0.447588;9.810446
-0.003024;0.281836;0.477672;9.823965
0.103143;-0.394901;0.450653;9.770847
0.073152;-0.146045;0.464748;9.784028
0.060516;-0.037632;0.468926;9.795654
0.031375;0.195025;0.477314;9.809743
0.027622;0.231305;0.472954;9.814230
0.027859;0.229965;0.464946;9.819325
0.104187;-0.253069;0.406026;9.760446
0.060470;0.089074;0.405213;9.788788
0.047904;0.198283;0.392726;9.798165
0.042715;0.256879;0.376909;9.807923
0.135380;-0.500999;0.305542;9.750124
0.103234;-0.151350;0.295315;9.773060
0.080101;0.075703;0.283823;9.792627
0.073392;0.168384;0.266438;9.796123
0.066687;0.267986;0.252476;9.808127
0.125570;-0.347648;0.197109;9.754479
0.096791;0.019761;0.191343;9.779721
0.092095;0.094087;0.177975;9.786539
0.085935;0.197789;0.168452;9.797313
0.127143;-0.345384;0.129337;9.757979
0.104752;0.037442;0.127837;9.779935
0.094160;0.213492;0.124662;9.791976
0.088978;0.342328;0.122028;9.804870
0.134270;-0.458618;0.088479;9.751841
0.124044;-0.221928;0.085744;9.761866
0.122368;-0.160765;0.079706;9.771400
0.114660;0.073431;0.078136;9.783446
0.113911;0.118482;0.073330;9.786154
0.137858;-0.410252;0.052709;9.752571
0.136763;-0.000097;0.052127;9.770290
0.149533;0.096457;0.046394;9.777213
0.170779;0.262505;0.040136;9.789182
0.197584;0.255106;0.029403;9.797498
0.222745;-0.353476;0.008071;9.769847
0.268029;-0.153308;-0.011769;9.774860
0.324408;-0.102026;-0.038349;9.779307
0.422607;-0.133248;-0.073980;9.783138
0.098178;-0.048967;-0.108236;9.779256
-0.158419;-0.538175;-0.117317;9.760719
-0.320852;-0.171568;-0.119174;9.763021
-0.388581;0.004862;-0.104033;9.770962
-0.384278;0.152795;-0.073433;9.786938
-0.335880;0.320912;-0.026355;9.803291
-0.135611;-0.283575;0.013424;9.820342
-0.071679;-0.094496;0.074260;9.820438
-0.025318;0.024784;0.141664;9.828596
-0.011239;0.177879;0.217881;9.839989
0.002348;0.190523;0.291274;9.850173
0.117928;-0.308738;0.337224;9.849164
0.065640;-0.093557;0.416738;9.851073
0.032451;-0.016200;0.487176;9.855455
-0.002961;0.079251;0.557275;9.863112
-0.053353;0.213425;0.634930;9.872266
0.075491;-0.242490;0.650580;9.862792
0.024200;-0.042495;0.712357;9.865279
-0.007291;0.068307;0.767826;9.872718
-0.032805;0.164294;0.820858;9.883118
0.116585;-0.270874;0.799877;9.873109
0.074655;-0.085523;0.837354;9.872571
0.056972;-0.010856;0.861427;9.878368
0.027208;0.114684;0.885987;9.885856
-0.036281;0.308778;0.926473;9.896730
0.129755;-0.226078;0.851856;9.871868
0.077218;-0.038313;0.867488;9.871903
0.241594;-0.507200;0.758823;9.843067
0.146957;-0.138072;0.768085;9.857492
0.222050;-0.329123;0.680592;9.845315
0.103817;0.140904;0.692597;9.848632
0.046135;0.339861;0.690037;9.851892
0.004048;0.481555;0.686828;9.865846
-0.023587;0.543267;0.684345;9.880093
0.082597;0.011587;0.603885;9.856320
0.052947;0.127536;0.597120;9.859609
0.049803;0.114281;0.577389;9.865055
0.025788;0.219189;0.570013;9.877176
0.121253;-0.279469;0.483288;9.826064
0.097428;-0.118533;0.461861;9.833843
0.097956;-0.098700;0.429172;9.830801
0.085577;0.009678;0.404650;9.835089
0.149055;-0.396000;0.328292;9.797311
0.120984;-0.158706;0.308306;9.802571
0.097869;0.016884;0.292752;9.812934
0.091406;0.102409;0.270503;9.814795
0.077199;0.273379;0.259343;9.825718
0.136889;-0.286491;0.196456;9.787567
0.120631;-0.058224;0.184597;9.797316
