-0.289267;0.102104;0.627847;10.024654;0
-0.281296;0.108891;0.633690;10.024654;0
-0.272833;0.103940;0.633690;10.024654;0
-0.263470;0.082533;0.639025;10.024654;0
-0.250695;0.058441;0.639025;10.024654;0
-0.240434;0.054636;0.639025;10.024654;0
-0.229827;0.063761;0.643847;10.024654;0
-0.219282;0.070262;0.643847;10.024654;0
-0.208357;0.072137;0.648174;10.024654;0
-0.193370;0.084145;0.648174;10.024654;0
-0.182062;0.101558;0.652043;10.024654;0
-0.170905;0.116128;0.652043;10.024654;0
-0.159588;0.113370;0.655516;10.024654;0
-0.148450;0.105530;0.655516;10.024654;0
-0.134355;0.102309;0.658678;10.024654;0
-0.124174;0.107244;0.658678;10.024654;0
-0.114248;0.109932;0.661636;10.024654;0
-0.104454;0.099168;0.661636;10.024654;0
-0.092255;0.087360;0.661636;10.024654;0
-0.083356;0.086498;0.664519;10.024654;0
-0.074697;0.092522;0.664519;10.024654;0
-0.066690;0.104173;0.667474;10.024654;0
-0.058698;0.109352;0.667474;10.024654;0
-0.048719;0.101039;0.670663;10.024654;0
-0.041563;0.095111;0.670663;10.024654;0
-0.034863;0.096080;0.674261;10.024654;0
-0.028547;0.092289;0.674261;10.024654;0
-0.022408;0.082244;0.678445;10.024654;0
-0.014576;0.073272;0.678445;10.024654;0
-0.009148;0.074303;0.683392;10.024654;0
-0.003886;0.083482;0.683392;10.024654;0
0.001080;0.092246;0.689269;10.024654;0
0.005946;0.085032;0.689269;10.024654;0
0.012040;0.073084;0.696223;10.024654;0
0.016359;0.073159;0.696223;10.024654;0
0.020485;0.081425;0.704372;10.024654;0
0.024527;0.090062;0.704372;10.024654;0
0.028502;0.089197;0.713801;10.024654;0
0.033437;0.079638;0.713801;10.024654;0
0.036994;0.076918;0.724547;10.024654;0
0.040436;0.081674;0.724547;10.024654;0
0.043817;0.082160;0.736599;10.024654;0
0.047412;0.075094;0.736599;10.024654;0
0.052498;0.068553;0.736599;10.024654;0
0.056980;0.070069;0.749890;10.024654;0
0.062492;0.079303;0.749890;10.024654;0
0.069716;0.088173;0.764294;10.024654;0
-1.000000;0.079113;0.764294;10.024654;0
-1.000000;0.082369;0.779629;10.024654;0
-1.000000;0.088494;0.779629;10.024654;0
-1.000000;0.095196;0.779629;10.024654;0
-1.000000;0.094412;0.795675;10.024654;0
-1.000000;0.093322;0.795675;10.024654;0
-1.000000;0.099850;0.795675;10.024654;0
-1.000000;0.111062;0.812197;10.024654;0
-1.000000;0.116574;0.812197;10.024654;0
-1.000000;0.116543;0.828962;10.024654;0
-1.000000;0.117422;0.828962;10.024654;0
-1.000000;0.124679;0.828962;10.024654;0
-1.000000;0.134661;0.845741;10.024654;0
-1.000000;0.143275;0.845741;10.024654;0
-1.000000;0.141376;0.845741;10.024654;0
-1.000000;0.136663;0.845741;10.024654;0
-1.000000;0.137560;0.862316;10.024654;0
-0.983840;0.144013;0.862316;10.024654;0
-0.965319;0.149721;0.862316;10.024654;0
-0.945247;0.147734;0.878487;10.024654;0
-0.917237;0.147286;0.878487;10.024654;0
-0.894523;0.152142;0.878487;10.024654;0
-0.872166;0.160280;0.894071;10.024654;0
-0.847978;0.161839;0.894071;10.024654;0
-0.823933;0.156027;0.894071;10.024654;0
-0.798684;0.150575;0.894071;10.024654;0
-0.765652;0.150626;0.908905;10.024654;0
-0.740512;0.157700;0.908905;10.024654;0
-0.715591;0.164261;0.908905;10.024654;0
-0.689961;0.158846;0.922852;10.024654;0
-0.655472;0.150187;0.922852;10.024654;0
-0.630432;0.149948;0.922852;10.024654;0
-0.605202;0.149744;0.922852;10.024654;0
-0.580736;0.140168;0.935794;10.024654;0
-0.556427;0.133265;0.935794;10.024654;0
-0.532717;0.134910;0.935794;10.024654;0
-0.502270;0.139195;0.947638;10.024654;0
-0.480516;0.133504;0.947638;10.024654;0
-0.459013;0.130427;0.947638;10.024654;0
-0.438140;0.132790;0.947638;10.024654;0
-0.411765;0.139490;0.958313;10.024654;0
-0.391783;0.133217;0.958313;10.024654;0
-0.372828;0.123511;0.958313;10.024654;0
-0.354564;0.117610;0.967770;10.024654;0
-0.331701;0.120214;0.967770;10.024654;0
-0.315068;0.123214;0.967770;10.024654;0
-0.298955;0.116782;0.967770;10.024654;0
-0.283424;0.110856;0.975981;10.024654;0
-0.263121;0.110061;0.975981;10.024654;0
-0.248265;0.117855;0.975981;10.024654;0
-0.234060;0.123218;0.975981;10.024654;0
-0.220050;0.114733;0.982938;10.024654;0
-0.206551;0.102879;0.982938;10.024654;0
-0.193545;0.095370;0.982938;10.024654;0
-0.180985;0.094730;0.988652;10.024654;0
-0.164835;0.090998;0.988652;10.024654;0
-0.153410;0.080866;0.988652;10.024654;0
-0.142385;0.075759;0.988652;10.024654;0
-0.131724;0.077935;0.993149;10.024654;0
-0.117923;0.082894;0.993149;10.024654;0
-0.107812;0.077634;0.993149;10.024654;0
-0.098213;0.074609;0.996471;10.024654;0
-0.088765;0.075646;0.996471;10.024654;0
-0.079609;0.082238;0.996471;10.024654;0
-0.069469;0.089632;0.996471;10.024654;0
-0.059459;0.084015;0.998675;10.024654;0
-0.051132;0.075860;0.998675;10.024654;0
-0.043100;0.073240;0.998675;10.024654;0
-0.035490;0.077173;0.998675;10.024654;0
-0.027990;0.077105;0.998675;10.024654;0
-0.018539;0.067559;0.998675;10.024654;0
-0.011818;0.065089;0.998675;10.024654;0
-0.005490;0.068335;0.999826;10.024654;0
0.000807;0.072871;0.999826;10.024654;0
0.006847;0.066068;0.999826;10.024654;0
0.014263;0.056185;1.000000;10.024654;0
0.019441;0.054637;1.000000;10.024654;0
0.024498;0.059120;1.000000;10.024654;0
0.029302;0.058005;1.000000;10.024654;0
0.033852;0.051211;0.999278;10.024654;0
0.038109;0.049977;0.999278;10.024654;0
0.043303;0.059254;0.999278;10.024654;0
0.046872;0.065951;0.997747;10.024654;0
0.050322;0.064773;0.997747;10.024654;0
0.053583;0.067088;0.997747;10.024654;0
0.056640;0.073039;0.997747;10.024654;0
0.060796;0.073353;0.992609;10.024654;0
0.064103;0.065577;0.992609;10.024654;0
0.067685;0.061134;0.992609;10.024654;0
0.071863;0.062682;0.992609;10.024654;0
-0.026796;0.084271;0.989178;10.024654;0
-0.029174;0.071551;0.989178;10.024654;0
-0.030957;0.054934;0.989178;10.024654;0
-0.032797;0.027443;0.989178;10.024654;0
-0.034700;0.001591;0.985271;10.024654;0
-0.036551;-0.010226;0.985271;10.024654;0
-0.038816;-0.014437;0.985271;10.024654;0
-0.040397;0.003796;0.980931;10.024654;0
-0.041928;0.040578;0.980931;10.024654;0
-0.043361;0.086145;0.980931;10.024654;0
-0.044597;0.119201;0.980931;10.024654;0
-0.045946;0.147784;0.976177;10.024654;0
-0.046815;0.163808;0.976177;10.024654;0
-0.047529;0.178020;0.976177;10.024654;0
-0.048071;0.188658;0.971009;10.024654;0
-0.048435;0.180150;0.971009;10.024654;0
-0.048575;0.167802;0.971009;10.024654;0
-0.048638;0.161058;0.965413;10.024654;0
-0.048664;0.163138;0.965413;10.024654;0
-0.048620;0.167343;0.965413;10.024654;0
-0.048351;0.152227;0.965413;10.024654;0
-0.048103;0.140012;0.959372;10.024654;0
-0.047877;0.133905;0.959372;10.024654;0
-0.047685;0.135552;0.959372;10.024654;0
-0.047377;0.140153;0.952867;10.024654;0
-0.047081;0.135111;0.952867;10.024654;0
-0.046841;0.131227;0.952867;10.024654;0
-0.046667;0.135796;0.945888;10.024654;0
-0.046544;0.147806;0.945888;10.024654;0
-0.046284;0.153185;0.945888;10.024654;0
-0.046128;0.153642;0.938431;10.024654;0
-0.046081;0.157746;0.938431;10.024654;0
-0.046142;0.167619;0.938431;10.024654;0
-0.046259;0.178341;0.930512;10.024654;0
-0.046373;0.171013;0.930512;10.024654;0
-0.046535;0.164553;0.930512;10.024654;0
-0.046789;0.162434;0.922162;10.024654;0
-0.047122;0.168138;0.922162;10.024654;0
-0.047417;0.162722;0.922162;10.024654;0
-0.047859;0.146694;0.913438;10.024654;0
-0.048280;0.141081;0.913438;10.024654;0
-0.048802;0.145150;0.913438;10.024654;0
-0.049342;0.148954;0.904417;10.024654;0
-0.049837;0.136399;0.954158;10.024654;0
-0.050361;0.122413;0.948476;10.024654;0
-0.051176;0.120706;0.948476;10.024654;0
-0.051867;0.135045;0.948476;10.024654;0
-0.052554;0.143326;0.948476;10.024654;0
-0.053237;0.141465;0.948476;10.024654;0
-0.053995;0.141156;0.885928;10.024654;0
-0.055114;0.144370;0.876744;10.024654;0
-0.056082;0.152435;0.876744;10.024654;0
-0.057006;0.148045;0.876744;10.024654;0
-0.057944;0.132785;0.867827;10.024654;0
-0.059020;0.118068;0.867827;10.024654;0
-0.060650;0.112378;0.859369;10.024654;0
-0.061963;0.117779;0.859369;10.024654;0
-0.063316;0.110414;0.851575;10.024654;0
-0.064785;0.099059;0.851575;10.024654;0
-0.066416;0.092722;0.844652;10.024654;0
-0.068983;0.104240;0.844652;10.024654;0
-0.071052;0.117095;0.838798;10.024654;0
-0.073347;0.115360;0.838798;10.024654;0
-0.075960;0.110540;0.834197;10.024654;0
-0.078902;0.108517;0.834197;10.024654;0
-0.083504;0.093814;0.830997;10.024654;0
-0.087909;0.076976;0.830997;10.024654;0
-0.093355;0.065238;0.829305;10.024654;0
-0.100470;0.065249;0.829305;10.024654;0
0.542957;0.040120;0.829168;10.024654;0
0.556204;0.046947;0.829168;10.024654;0
0.572783;0.031950;0.830567;10.024654;0
0.586491;0.022818;0.830567;10.024654;0
0.600916;0.025223;0.833414;10.024654;0
0.615299;0.034780;0.833414;10.024654;0
0.634444;0.038983;0.837576;10.024654;0
0.648385;0.046878;0.837576;10.024654;0
0.661978;0.063458;0.842878;10.024654;0
0.674516;0.082696;0.842878;10.024654;0
0.686164;0.090951;0.849114;10.024654;0
0.696629;0.097428;0.849114;10.024654;0
0.708484;0.109493;0.856056;10.024654;0
0.715498;0.122823;0.856056;10.024654;0
0.720803;0.131051;0.856056;10.024654;0
0.724221;0.127242;0.863464;10.024654;0
0.726168;0.122073;0.871093;10.024654;0
0.725804;0.128578;0.871093;10.024654;0
0.723631;0.137577;0.878701;10.024654;0
0.719455;0.135990;0.878701;10.024654;0
0.713717;0.134101;0.878701;10.024654;0
0.703792;0.139943;0.886055;10.024654;0
0.694342;0.151211;0.886055;10.024654;0
0.683275;0.160860;0.892937;10.024654;0
0.671130;0.158357;0.892937;10.024654;0
0.657695;0.155996;0.892937;10.024654;0
0.637920;0.159897;0.899145;10.024654;0
0.622582;0.168091;0.899145;10.024654;0
0.606073;0.172991;0.899145;10.024654;0
0.588531;0.163164;0.904501;10.024654;0
0.571030;0.153136;0.904501;10.024654;0
0.547333;0.152101;0.908849;10.024654;0
0.529108;0.161835;0.908849;10.024654;0
0.511000;0.172650;0.908849;10.024654;0
0.492794;0.171473;0.912057;10.024654;0
0.474435;0.163953;0.912057;10.024654;0
0.454164;0.162688;0.912057;10.024654;0
0.432680;0.170684;0.914019;10.024654;0
0.415522;0.169830;0.914019;10.024654;0
0.398517;0.162160;0.914657;10.024654;0
0.382048;0.157357;0.914657;10.024654;0
0.366380;0.157754;0.914657;10.024654;0
0.345878;0.173367;0.913918;10.024654;0
0.331242;0.186010;0.913918;10.024654;0
0.317342;0.182483;0.911777;10.024654;0
0.303793;0.175624;0.911777;10.024654;0
0.290843;0.172628;0.911777;10.024654;0
0.274175;0.173110;0.908235;10.024654;0
0.262672;0.160001;0.908235;10.024654;0
0.251740;0.144553;0.903322;10.024654;0
0.241550;0.137191;0.903322;10.024654;0
0.232152;0.141647;0.903322;10.024654;0
0.220632;0.148142;0.897094;10.024654;0
0.212791;0.132694;0.897094;10.024654;0
0.205872;0.116537;0.889636;10.024654;0
0.199436;0.108929;0.889636;10.024654;0
0.193693;0.110036;0.889636;10.024654;0
0.187399;0.101341;0.881061;10.024654;0
0.183803;0.085047;0.881061;10.024654;0
0.181287;0.074024;0.871511;10.024654;0
0.180000;0.071487;0.871511;10.024654;0
0.180304;0.059133;0.861155;10.024654;0
0.184039;0.037999;0.861155;10.024654;0
0.190322;0.026878;0.861155;10.024654;0
0.479269;0.077930;0.850192;10.024654;0
0.474710;0.078165;0.850192;10.024654;0
0.470754;0.076411;0.838841;10.024654;0
0.466499;0.055263;0.838841;10.024654;0
0.464153;0.042029;0.838841;10.024654;0
0.462502;0.041821;0.827310;10.024654;0
0.461316;0.054790;0.827310;10.024654;0
0.460235;0.069828;0.815799;10.024654;0
0.459455;0.076166;0.815799;10.024654;0
0.458729;0.085367;0.804494;10.024654;0
0.457783;0.099937;0.804494;10.024654;0
0.456520;0.120050;0.804494;10.024654;0
0.453987;0.141067;0.793568;10.024654;0
0.451191;0.136276;0.793568;10.024654;0
0.447786;0.126508;0.783182;10.024654;0
0.443798;0.121970;0.783182;10.024654;0
0.438984;0.127838;0.783182;10.024654;0
0.431158;0.129040;0.773478;10.024654;0
0.424259;0.122643;0.773478;10.024654;0
0.416571;0.122705;0.764587;10.024654;0
0.408379;0.132860;0.764587;10.024654;0
0.399236;0.149899;0.756619;10.024654;0
0.385791;0.158284;0.756619;10.024654;0
0.374794;0.157581;0.749669;10.024654;0
0.363236;0.159640;0.749669;10.024654;0
0.351166;0.165475;0.749669;10.024654;0
0.338649;0.167128;0.743810;10.024654;0
0.325908;0.151671;0.743810;10.024654;0
0.309193;0.136431;0.739098;10.024654;0
0.296511;0.137183;0.739098;10.024654;0
0.283867;0.141614;0.735564;10.024654;0
0.272051;0.136101;0.735564;10.024654;0
0.259836;0.132026;0.733223;10.024654;0
0.244141;0.139476;0.733223;10.024654;0
0.232474;0.153540;0.732066;10.024654;0
0.221037;0.169804;0.732066;10.024654;0
0.209949;0.169208;0.732062;10.024654;0
0.199609;0.134905;0.732062;10.024654;0
0.187058;0.074120;0.733161;10.024654;0
0.178350;0.047641;0.733161;10.024654;0
0.170486;0.039833;0.735294;10.024654;0
0.162916;0.036576;0.735294;10.024654;0
0.156126;0.048769;0.738372;10.024654;0
0.147127;0.090757;0.738372;10.024654;0
0.140627;0.124944;0.742290;10.024654;0
0.134568;0.140923;0.742290;10.024654;0
0.128753;0.150715;0.746928;10.024654;0
0.123137;0.160760;0.746928;10.024654;0
0.115880;0.178020;0.752149;10.024654;0
0.110722;0.184844;0.752149;10.024654;0
0.105889;0.171437;0.757806;10.024654;0
0.101696;0.152735;0.757806;10.024654;0
0.096860;0.132406;0.763741;10.024654;0
0.093923;0.115439;0.763741;10.024654;0
0.092076;0.087571;0.769787;10.024654;0
0.091500;0.064118;0.769787;10.024654;0
0.646558;0.075088;0.775768;10.024654;0
0.647703;0.072153;0.775768;10.024654;0
0.649724;0.066151;0.775768;10.024654;0
0.651610;0.054025;0.781513;10.024654;0
0.653751;0.048232;0.781513;10.024654;0
0.655895;0.054603;0.786872;10.024654;0
0.657835;0.073479;0.786872;10.024654;0
0.659487;0.102925;0.791724;10.024654;0
0.659796;0.111963;0.791724;10.024654;0
0.659225;0.113361;0.795970;10.024654;0
0.657655;0.114992;0.795970;10.024654;0
0.653829;0.122534;0.795970;10.024654;0
0.649270;0.134009;0.799541;10.024654;0
0.643193;0.143283;0.799541;10.024654;0
0.635629;0.141915;0.802392;10.024654;0
0.626396;0.136773;0.802392;10.024654;0
0.611426;0.138409;0.804500;10.024654;0
0.598504;0.148211;0.804500;10.024654;0
0.583895;0.157223;0.804500;10.024654;0
0.567419;0.153094;0.805870;10.024654;0
0.550273;0.149999;0.805870;10.024654;0
0.524985;0.158016;0.806527;10.024654;0
0.504658;0.165493;0.806527;10.024654;0
0.482958;0.160432;0.806527;10.024654;0
0.460931;0.154544;0.806521;10.024654;0
0.437880;0.155523;0.806521;10.024654;0
0.406666;0.164093;0.805923;10.024654;0
0.382480;0.165192;0.805923;10.024654;0
0.358217;0.154995;0.804825;10.024654;0
0.334060;0.145877;0.804825;10.024654;0
0.310027;0.144484;0.804825;10.024654;0
0.286547;0.150528;0.803337;10.024654;0
0.255471;0.154239;0.803337;10.024654;0
0.233323;0.141072;0.801586;10.024654;0
0.211001;0.130848;0.801586;10.024654;0
0.189217;0.130975;0.801586;10.024654;0
0.168014;0.134339;0.799716;10.024654;0
0.141619;0.127186;0.799716;10.024654;0
0.123008;0.129352;0.797877;10.024654;0
0.104148;0.141827;0.797877;10.024654;0
0.085783;0.152942;0.796230;10.024654;0
0.062595;0.139919;0.796230;10.024654;0
0.045139;0.128437;0.794933;10.024654;0
0.028419;0.125577;0.794933;10.024654;0
0.012425;0.122790;0.794143;10.024654;0
-0.002989;0.104521;0.794143;10.024654;0
-0.018277;0.088385;0.794004;10.024654;0
-0.038327;0.085520;0.794004;10.024654;0
-0.052954;0.095004;0.794643;10.024654;0
-0.067439;0.100988;0.794643;10.024654;0
-0.082015;0.088020;0.796159;10.024654;0
-0.096682;0.073337;0.796159;10.024654;0
-0.116464;0.067355;0.798622;10.024654;0
-0.131974;0.066255;0.798622;10.024654;0
-0.148080;0.056556;0.802059;10.024654;0
-0.165335;0.046010;0.802059;10.024654;0
-0.183983;0.043501;0.806454;10.024654;0
-0.205489;0.052840;0.806454;10.024654;0
-0.239385;0.057216;0.811739;10.024654;0
0.774082;0.030304;0.811739;10.024654;0
0.786701;0.021067;0.817799;10.024654;0
0.801258;0.012426;0.817799;10.024654;0
0.816785;0.009204;0.817799;10.024654;0
0.838930;0.001306;0.824478;10.024654;0
0.856825;0.001908;0.824478;10.024654;0
0.874564;0.012953;0.831589;10.024654;0
0.891726;0.033146;0.831589;10.024654;0
0.914175;0.053400;0.838927;10.024654;0
0.929660;0.061001;0.838927;10.024654;0
0.944115;0.071255;0.838927;10.024654;0
0.957525;0.084229;0.846276;10.024654;0
0.970698;0.098208;0.846276;10.024654;0
0.982405;0.100527;0.846276;10.024654;0
0.989526;0.100158;0.853418;10.024654;0
0.994587;0.101691;0.853418;10.024654;0
0.997530;0.108849;0.853418;10.024654;0
0.997850;0.119275;0.860138;10.024654;0
0.995230;0.117596;0.860138;10.024654;0
0.990382;0.114065;0.860138;10.024654;0
0.983588;0.113708;0.866230;10.024654;0
0.974462;0.120292;0.866230;10.024654;0
0.959066;0.131441;0.866230;10.024654;0
0.944840;0.131499;0.871505;10.024654;0
0.929365;0.133236;0.871505;10.024654;0
0.911916;0.139602;0.871505;10.024654;0
0.892398;0.148035;0.871505;10.024654;0
0.864535;0.145034;0.871505;10.024654;0
0.842046;0.140794;0.871505;10.024654;0
0.818549;0.141214;0.875787;10.024654;0
0.794068;0.145405;0.875787;10.024654;0
0.768248;0.143444;0.875787;10.024654;0
0.732880;0.141884;0.878921;10.024654;0
0.705779;0.146447;0.878921;10.024654;0
0.679194;0.156080;0.878921;10.024654;0
0.651685;0.164543;0.878921;10.024654;0
0.623917;0.159659;0.880776;10.024654;0
0.586929;0.149664;0.880776;10.024654;0
0.559105;0.147963;0.880776;10.024654;0
0.532025;0.147745;0.881241;10.024654;0
0.504912;0.139269;0.881241;10.024654;0
0.478892;0.132589;0.881241;10.024654;0
0.444989;0.132732;0.881241;10.024654;0
0.419900;0.141489;0.880229;10.024654;0
0.395383;0.148887;0.880229;10.024654;0
0.372443;0.142574;0.880229;10.024654;0
0.349928;0.132967;0.877676;10.024654;0
0.321452;0.128757;0.877676;10.024654;0
0.300750;0.136547;0.877676;10.024654;0
0.280388;0.143526;0.877676;10.024654;0
0.261215;0.136035;0.873544;10.024654;0
0.242913;0.126482;0.873544;10.024654;0
0.219594;0.125122;0.867819;10.024654;0
0.206173;0.130592;0.867819;10.024654;0
0.184416;0.140042;0.860512;10.024654;0
0.168850;0.142811;0.860512;10.024654;0
0.154200;0.138766;0.860512;10.024654;0
0.140320;0.119487;0.860512;10.024654;0
0.127187;0.098968;0.851658;10.024654;0
0.110373;0.083260;0.851658;10.024654;0
0.098616;0.084741;0.851658;10.024654;0
0.087411;0.087496;0.841318;10.024654;0
0.077015;0.080269;0.841318;10.024654;0
0.063818;0.073653;0.841318;10.024654;0
0.054167;0.076713;0.829579;10.024654;0
0.045118;0.084661;0.829579;10.024654;0
0.036708;0.086069;0.829579;10.024654;0
0.028588;0.081185;0.816553;10.024654;0
0.018279;0.076790;0.816553;10.024654;0
0.010847;0.078227;0.816553;10.024654;0
0.004034;0.082866;0.802380;10.024654;0
-0.002587;0.077090;0.802380;10.024654;0
-0.008514;0.068583;0.802380;10.024654;0
-0.016175;0.061422;0.787226;10.024654;0
-0.021628;0.064926;0.787226;10.024654;0
-0.026837;0.071028;0.787226;10.024654;0
-0.031625;0.066436;0.771286;10.024654;0
-0.037362;0.059588;0.771286;10.024654;0
-0.042013;0.060828;0.771286;10.024654;0
0.306721;0.082795;0.754785;10.024654;0
0.311714;0.085713;0.754785;10.024654;0
0.317454;0.074701;0.754785;10.024654;0
0.325788;0.063575;0.737967;10.024654;0
0.332910;0.064626;0.737967;10.024654;0
0.340204;0.068994;0.721078;10.024654;0
0.347646;0.067450;0.721078;10.024654;0
0.355133;0.063753;0.721078;10.024654;0
0.364501;0.069692;0.704354;10.024654;0
0.370612;0.074512;0.704354;10.024654;0
0.375920;0.056539;0.704354;10.024654;0
0.380602;0.026255;0.688019;10.024654;0
0.384293;0.004455;0.688019;10.024654;0
0.387261;0.005598;0.688019;10.024654;0
0.387616;0.030462;0.672288;10.024654;0
0.386464;0.062441;0.672288;10.024654;0
0.383866;0.081518;0.657361;10.024654;0
0.378100;0.096466;0.657361;10.024654;0
0.371937;0.112208;0.657361;10.024654;0
0.364228;0.132342;0.643428;10.024654;0
0.354520;0.142237;0.643428;10.024654;0
0.343630;0.140734;0.630660;10.024654;0
0.331995;0.138866;0.630660;10.024654;0
0.315106;0.140453;0.619213;10.024654;0
0.301571;0.144298;0.619213;10.024654;0
0.287042;0.152444;0.619213;10.024654;0
0.271617;0.154797;0.609224;10.024654;0
0.255814;0.146417;0.609224;10.024654;0
0.234699;0.134982;0.600805;10.024654;0
0.219068;0.133045;0.600805;10.024654;0
0.203194;0.124703;0.594048;10.024654;0
0.187840;0.109011;0.594048;10.024654;0
0.167617;0.093224;0.589016;10.024654;0
0.152884;0.093105;0.589016;10.024654;0
0.137939;0.096143;0.585746;10.024654;0
0.123753;0.089532;0.585746;10.024654;0
0.110274;0.084179;0.584248;10.024654;0
0.092769;0.086685;0.584502;10.024654;0
0.079738;0.097548;0.584502;10.024654;0
0.067383;0.106377;0.586465;10.024654;0
0.055391;0.099680;0.586465;10.024654;0
0.040798;0.088954;0.590066;10.024654;0
0.029713;0.088131;0.590066;10.024654;0
0.019401;0.094388;0.595216;10.024654;0
0.009660;0.102102;0.595216;10.024654;0
0.000237;0.096615;0.601803;10.024654;0
-0.011720;0.083202;0.609704;10.024654;0
-0.020119;0.079684;0.609704;10.024654;0
-0.028543;0.081001;0.618781;10.024654;0
-0.036439;0.085641;0.618781;10.024654;0
-0.046672;0.083373;0.628884;10.024654;0
-0.054409;0.068410;0.628884;10.024654;0
-0.062150;0.056017;0.639861;10.024654;0
-0.070436;0.051382;0.639861;10.024654;0
-0.079115;0.050130;0.651550;10.024654;0
0.646945;0.039549;0.651550;10.024654;0
0.653865;0.035505;0.663787;10.024654;0
0.661290;0.039173;0.663787;10.024654;0
0.669047;0.048552;0.676411;10.024654;0
0.677003;0.054690;0.676411;10.024654;0
0.686992;0.069643;0.689273;10.024654;0
0.693992;0.087389;0.689273;10.024654;0
0.699974;0.112222;0.689273;10.024654;0
0.704726;0.136568;0.702250;10.024654;0
0.707848;0.146123;0.702250;10.024654;0
0.709491;0.150976;0.715236;10.024654;0
0.708736;0.155656;0.715236;10.024654;0
0.706024;0.163878;0.728140;10.024654;0
0.701288;0.167573;0.728140;10.024654;0
0.694469;0.164617;0.728140;10.024654;0
0.681830;0.163326;0.740891;10.024654;0
0.670161;0.169790;0.740891;10.024654;0
0.656395;0.177038;0.753432;10.024654;0
0.640898;0.173459;0.753432;10.024654;0
0.617925;0.168333;0.753432;10.024654;0
0.599016;0.170942;0.765717;10.024654;0
0.578457;0.181493;0.765717;10.024654;0
0.556219;0.195121;0.777713;10.024654;0
0.525661;0.197797;0.777713;10.024654;0
0.501764;0.193057;0.777713;10.024654;0
0.477504;0.190449;0.789400;10.024654;0
0.453027;0.192621;0.789400;10.024654;0
0.428002;0.199813;0.800763;10.024654;0
0.395155;0.193417;0.800763;10.024654;0
0.371138;0.182999;0.800763;10.024654;0
0.347732;0.175323;0.811799;10.024654;0
0.324989;0.177175;0.811799;10.024654;0
0.302888;0.183408;0.822510;10.024654;0
0.274949;0.173050;0.822510;10.024654;0
0.255625;0.165895;0.822510;10.024654;0
0.236471;0.166750;0.832901;10.024654;0
0.217850;0.175160;0.832901;10.024654;0
0.194771;0.176802;0.842986;10.024654;0
0.178638;0.170772;0.842986;10.024654;0
0.163345;0.167219;0.852775;10.024654;0
0.148815;0.168348;0.852775;10.024654;0
0.134719;0.174783;0.852775;10.024654;0
0.117602;0.164491;0.862283;10.024654;0
0.105497;0.152929;0.862283;10.024654;0
0.093765;0.147388;0.871522;10.024654;0
0.082726;0.148712;0.871522;10.024654;0
0.071941;0.152122;0.880501;10.024654;0
0.058405;0.138185;0.880501;10.024654;0
0.048880;0.130114;0.880501;10.024654;0
0.039617;0.128847;0.889225;10.024654;0
0.030773;0.128783;0.889225;10.024654;0
0.021955;0.115763;0.897693;10.024654;0
0.010508;0.102940;0.897693;10.024654;0
0.002175;0.105615;0.897693;10.024654;0
-0.005978;0.117055;0.905898;10.024654;0
-0.014151;0.121301;0.905898;10.024654;0
-0.022366;0.116215;0.913821;10.024654;0
-0.033230;0.115152;0.913821;10.024654;0
-0.041467;0.124986;0.921436;10.024654;0
-0.049758;0.128318;0.921436;10.024654;0
-0.058253;0.124962;0.921436;10.024654;0
-0.067500;0.122989;0.928704;10.024654;0
-0.079258;0.125001;0.928704;10.024654;0
-0.091883;0.120443;0.935575;10.024654;0
0.087712;0.085292;0.935575;10.024654;0
0.088780;0.059751;0.935575;10.024654;0
0.090538;0.039680;0.941990;10.024654;0
0.094343;0.027473;0.941990;10.024654;0
0.098232;0.018671;0.947877;10.024654;0
0.102720;0.016699;0.947877;10.024654;0
0.107760;0.029075;0.947877;10.024654;0
0.112961;0.050814;0.953162;10.024654;0
0.119938;0.089471;0.953162;10.024654;0
0.125382;0.106317;0.957767;10.024654;0
0.130504;0.109936;0.957767;10.024654;0
0.135361;0.109018;0.957767;10.024654;0
0.139927;0.111961;0.961618;10.024654;0
0.143991;0.115700;0.961618;10.024654;0
0.148469;0.101210;0.961618;10.024654;0
0.151112;0.093291;0.964643;10.024654;0
0.153003;0.095898;0.964643;10.024654;0
0.154047;0.107476;0.966781;10.024654;0
0.154389;0.111733;0.966781;10.024654;0
0.153639;0.103000;0.966781;10.024654;0
0.152168;0.102274;0.967978;10.024654;0
0.150004;0.108603;0.967978;10.024654;0
0.147017;0.120522;0.967978;10.024654;0
0.143434;0.124941;0.968195;10.024654;0
0.137811;0.112254;0.968195;10.024654;0
0.133063;0.104297;0.968195;10.024654;0
0.127876;0.104588;0.967403;10.024654;0
0.122221;0.109595;0.967403;10.024654;0
0.116483;0.105854;0.965591;10.024654;0
0.108510;0.096945;0.965591;10.024654;0
0.102212;0.099964;0.965591;10.024654;0
0.095834;0.111549;0.962762;10.024654;0
0.089345;0.122472;0.962762;10.024654;0
0.082991;0.119010;0.962762;10.024654;0
0.074218;0.115781;0.958939;10.024654;0
0.067854;0.118945;0.958939;10.024654;0
0.061497;0.128115;0.954158;10.024654;0
0.055114;0.137643;0.954158;10.024654;0
0.047041;0.132828;0.954158;10.024654;0
0.040855;0.129878;0.948476;10.024654;0
0.034956;0.132240;0.948476;10.024654;0
0.029094;0.134360;0.948476;10.024654;0
0.021669;0.116995;0.941966;10.024654;0
0.016103;0.104125;0.941966;10.024654;0
0.010714;0.099556;0.934717;10.024654;0
0.005275;0.105372;0.934717;10.024654;0
0.000079;0.110022;0.934717;10.024654;0
-0.006424;0.097392;0.926836;10.024654;0
-0.011501;0.091070;0.926836;10.024654;0
-0.016394;0.094699;0.918442;10.024654;0
-0.021214;0.100770;0.918442;10.024654;0
-0.025673;0.096570;0.918442;10.024654;0
-0.031772;0.081576;0.909667;10.024654;0
-0.036191;0.075983;0.909667;10.024654;0
-0.040811;0.077944;0.900652;10.024654;0
-0.045467;0.088211;0.900652;10.024654;0
-0.051590;0.100734;0.891546;10.024654;0
-0.056202;0.089999;0.891546;10.024654;0
-0.060711;0.056723;0.891546;10.024654;0
-0.065396;0.022408;0.882497;10.024654;0
-0.070229;0.005588;0.882497;10.024654;0
-0.076190;-0.000071;0.882497;10.024654;0
-0.081897;0.003116;0.873651;10.024654;0
-0.087165;0.018333;0.873651;10.024654;0
-0.092934;0.047280;0.865144;10.024654;0
-0.099713;0.076986;0.865144;10.024654;0
-0.107834;0.084681;0.857099;10.024654;0
-0.123105;0.078802;0.857099;10.024654;0
-0.683488;0.055624;0.857099;10.024654;0
-0.691092;0.009786;0.849613;10.024654;0
-0.699663;-0.064506;0.849613;10.024654;0
-0.710416;-0.132309;0.842758;10.024654;0
-0.728455;-0.175607;0.842758;10.024654;0
-0.743241;-0.167256;0.842758;10.024654;0
-0.757703;-0.134706;0.836575;10.024654;0
-0.772262;-0.094722;0.836575;10.024654;0
-0.787028;-0.055851;0.836575;10.024654;0
-0.805898;-0.007267;0.831076;10.024654;0
-0.819440;0.026626;0.831076;10.024654;0
-0.831866;0.052410;0.831076;10.024654;0
-0.843447;0.061846;0.831076;10.024654;0
-0.854183;0.063850;0.826248;10.024654;0
-0.864230;0.067243;0.826248;10.024654;0
-0.869702;0.074869;0.826248;10.024654;0
-0.872778;0.087157;0.822053;10.024654;0
-0.873119;0.096212;0.822053;10.024654;0
-0.869265;0.102460;0.822053;10.024654;0
-0.862906;0.109120;0.822053;10.024654;0
-0.853693;0.117429;0.818430;10.024654;0
-0.841513;0.127706;0.818430;10.024654;0
-0.826009;0.135466;0.818430;10.024654;0
-0.807505;0.133018;0.815302;10.024654;0
-0.779259;0.126633;0.815302;10.024654;0
-0.755139;0.127181;0.815302;10.024654;0
-0.728886;0.134387;0.815302;10.024654;0
-0.701137;0.141779;0.812579;10.024654;0
-0.671729;0.137996;0.812579;10.024654;0
-0.630555;0.131394;0.812579;10.024654;0
-0.598858;0.132067;0.812579;10.024654;0
-0.567162;0.139683;0.810160;10.024654;0
-0.533889;0.149374;0.810160;10.024654;0
-0.500468;0.149751;0.810160;10.024654;0
-0.457450;0.151437;0.807938;10.024654;0
-0.425452;0.156329;0.807938;10.024654;0
-0.394106;0.164831;0.807938;10.024654;0
-0.364062;0.167876;0.807938;10.024654;0
-0.324703;0.162062;0.805802;10.024654;0
-0.297250;0.159225;0.805802;10.024654;0
-0.270603;0.159895;0.805802;10.024654;0
-0.244852;0.160211;0.803644;10.024654;0
-0.221436;0.148823;0.803644;10.024654;0
-0.191536;0.133141;0.803644;10.024654;0
-0.171250;0.131190;0.801357;10.024654;0
-0.152316;0.139696;0.801357;10.024654;0
-0.134633;0.150039;0.801357;10.024654;0
-0.117932;0.146455;0.798843;10.024654;0
-0.098138;0.139843;0.798843;10.024654;0
-0.084216;0.138648;0.798843;10.024654;0
-0.071289;0.141578;0.796008;10.024654;0
-0.059242;0.138163;0.796008;10.024654;0
-0.048247;0.129131;0.796008;10.024654;0
-0.034855;0.123684;0.792772;10.024654;0
-0.025614;0.125571;0.792772;10.024654;0
-0.017037;0.124773;0.792772;10.024654;0
-0.008490;0.111900;0.789062;10.024654;0
-0.000401;0.099158;0.789062;10.024654;0
0.009793;0.092106;0.789062;10.024654;0
0.017077;0.097885;0.784823;10.024654;0
0.023886;0.104749;0.784823;10.024654;0
0.030725;0.100380;0.784823;10.024654;0
0.037357;0.094389;0.780008;10.024654;0
0.045813;0.095046;0.780008;10.024654;0
0.051867;0.098118;0.780008;10.024654;0
0.057800;0.091050;0.774588;10.024654;0
0.063813;0.083147;0.774588;10.024654;0
0.069585;0.082332;0.768549;10.024654;0
0.077061;0.094035;0.768549;10.024654;0
0.082581;0.103966;0.768549;10.024654;0
0.088018;0.100596;0.761891;10.024654;0
0.093217;0.093703;0.761891;10.024654;0
0.100447;0.090570;0.761891;10.024654;0
0.105994;0.089538;0.754634;10.024654;0
0.112035;0.083728;0.754634;10.024654;0
0.118874;0.071400;0.746813;10.024654;0
0.126650;0.064898;0.746813;10.024654;0
0.138153;0.068339;0.746813;10.024654;0
-0.410396;0.079402;0.738487;10.024654;0
-0.418267;0.085308;0.738487;10.024654;0
-0.425760;0.085769;0.729730;10.024654;0
-0.432828;0.091135;0.729730;10.024654;0
-0.441478;0.108446;0.729730;10.024654;0
-0.446768;0.120307;0.720634;10.024654;0
-0.451018;0.119503;0.720634;10.024654;0
-0.454995;0.119640;0.720634;10.024654;0
-0.456500;0.127598;0.711300;10.024654;0
-0.456469;0.142419;0.711300;10.024654;0
-0.454630;0.158717;0.701835;10.024654;0
-0.450883;0.161784;0.701835;10.024654;0
-0.445391;0.161776;0.692359;10.024654;0
-0.435567;0.165506;0.692359;10.024654;0
-0.426247;0.175956;0.692359;10.024654;0
-0.415233;0.184837;0.682996;10.024654;0
-0.402355;0.177741;0.682996;10.024654;0
-0.383831;0.163523;0.673883;10.024654;0
-0.368483;0.160910;0.673883;10.024654;0
-0.352615;0.167469;0.665158;10.024654;0
-0.336015;0.175012;0.665158;10.024654;0
-0.319094;0.172068;0.656970;10.024654;0
-0.295637;0.161591;0.656970;10.024654;0
-0.277798;0.162895;0.649469;10.024654;0
-0.260059;0.172169;0.649469;10.024654;0
-0.242459;0.178617;0.642807;10.024654;0
-0.225177;0.167020;0.642807;10.024654;0
-0.203591;0.153411;0.637133;10.024654;0
-0.187711;0.153526;0.637133;10.024654;0
-0.172997;0.160210;0.632590;10.024654;0
-0.158602;0.159414;0.632590;10.024654;0
-0.144935;0.150317;0.629307;10.024654;0
-0.131827;0.144662;0.627399;10.024654;0
-0.115557;0.148070;0.627399;10.024654;0
-0.104180;0.142654;0.626958;10.024654;0
-0.093544;0.132030;0.626958;10.024654;0
-0.083782;0.128645;0.628045;10.024654;0
-0.074621;0.135975;0.630691;10.024654;0
-0.062964;0.147686;0.630691;10.024654;0
-0.055087;0.137288;0.634891;10.024654;0
-0.047694;0.120967;0.640598;10.024654;0
-0.040468;0.107880;0.640598;10.024654;0
-0.033607;0.103351;0.647728;10.024654;0
-0.024965;0.089975;0.656157;10.024654;0
-0.019020;0.075545;0.656157;10.024654;0
-0.012978;0.067883;0.665720;10.024654;0
-0.007259;0.070225;0.665720;10.024654;0
-0.000039;0.086010;0.676221;10.024654;0
0.005364;0.086688;0.687426;10.024654;0
0.010354;0.078203;0.687426;10.024654;0
-0.819011;0.043459;0.699076;10.024654;0
-0.828198;0.024159;0.699076;10.024654;0
-0.839198;0.004146;0.710886;10.024654;0
-0.855776;-0.014747;0.710886;10.024654;0
-0.871152;-0.024757;0.722568;10.024654;0
-0.886697;-0.019405;0.722568;10.024654;0
-0.902469;-0.001166;0.733852;10.024654;0
-0.922124;0.036536;0.733852;10.024654;0
-0.938993;0.069913;0.733852;10.024654;0
-0.953421;0.086175;0.744488;10.024654;0
-0.966539;0.096969;0.744488;10.024654;0
-0.978614;0.108227;0.754251;10.024654;0
-0.988880;0.121431;0.754251;10.024654;0
-0.999259;0.133514;0.754251;10.024654;0
-1.000000;0.130530;0.762938;10.024654;0
-1.000000;0.127353;0.762938;10.024654;0
-1.000000;0.128051;0.762938;10.024654;0
-1.000000;0.134874;0.770373;10.024654;0
-0.994116;0.139724;0.770373;10.024654;0
-0.983856;0.137754;0.770373;10.024654;0
-0.971018;0.138549;0.776406;10.024654;0
-0.955182;0.144370;0.776406;10.024654;0
-0.936840;0.152137;0.776406;10.024654;0
-0.908030;0.149050;0.776406;10.024654;0
-0.884337;0.145003;0.780913;10.024654;0
-0.857763;0.144173;0.780913;10.024654;0
-0.829774;0.151763;0.780913;10.024654;0
-0.799347;0.163218;0.783795;10.024654;0
-0.757786;0.160348;0.783795;10.024654;0
-0.724656;0.139198;0.783795;10.024654;0
-0.690577;0.115167;0.783795;10.024654;0
-0.656992;0.096303;0.784978;10.024654;0
-0.614034;0.075811;0.784978;10.024654;0
-0.579080;0.077087;0.784978;10.024654;0
-0.545488;0.094930;0.784413;10.024654;0
-0.512664;0.124214;0.784413;10.024654;0
-0.478872;0.151562;0.784413;10.024654;0
-0.445998;0.168781;0.782077;10.024654;0
-0.413564;0.181319;0.782077;10.024654;0
-0.371118;0.196792;0.782077;10.024654;0
-0.341078;0.196734;0.777971;10.024654;0
-0.311878;0.187827;0.777971;10.024654;0
-0.283181;0.176496;0.777971;10.024654;0
-0.246943;0.164531;0.772121;10.024654;0
-0.219884;0.155554;0.772121;10.024654;0
-0.194598;0.138629;0.764576;10.024654;0
-0.170610;0.125119;0.764576;10.024654;0
-0.148637;0.118539;0.764576;10.024654;0
-0.120736;0.123095;0.755412;10.024654;0
-0.100147;0.121721;0.755412;10.024654;0
