0.109998;-0.381333;0.263180;9.738446
0.124889;-0.490568;0.253902;9.726991
0.098544;-0.191562;0.260740;9.742407
0.078253;0.061190;0.265011;9.745171
0.061731;0.261166;0.268168;9.752225
0.052969;0.357186;0.268276;9.762149
0.089728;-0.062747;0.242842;9.753067
0.071542;0.155176;0.242476;9.755118
0.062852;0.233850;0.238899;9.764062
0.059384;0.257483;0.232683;9.771113
0.053441;0.303950;0.227964;9.778368
0.088540;-0.140611;0.196307;9.749913
0.080761;-0.026958;0.187964;9.754512
0.073339;0.099427;0.180419;9.760684
0.062737;0.262576;0.176204;9.768575
0.099854;-0.325886;0.143560;9.740453
0.087934;-0.082830;0.137734;9.744745
0.082117;0.021221;0.130077;9.751680
0.073888;0.195299;0.124963;9.759310
0.070818;0.261915;0.119040;9.766326
0.098449;-0.298036;0.090995;9.734068
0.091116;-0.114752;0.084944;9.737123
0.083024;0.093361;0.081116;9.749525
0.081163;0.166138;0.075164;9.756566
0.081379;0.206924;0.069947;9.766120
0.081412;0.238298;0.065755;9.775189
0.097233;-0.277302;0.050091;9.757512
0.093264;-0.096256;0.046040;9.762810
0.090810;0.053028;0.042677;9.771310
0.088214;0.206592;0.039492;9.779811
0.097351;-0.310986;0.026490;9.763383
0.094210;-0.031715;0.022667;9.771951
0.093241;0.148541;0.019000;9.779870
0.093758;0.258571;0.014361;9.789955
0.095227;0.238833;0.008986;9.797873
0.096201;-0.330360;-0.001002;9.775049
0.098283;-0.059616;-0.006818;9.785963
0.095805;0.041349;-0.013237;9.793241
0.085382;0.144942;-0.019309;9.802894
0.064614;-0.354029;-0.024996;9.791656
0.043904;-0.121331;-0.028049;9.796118
0.020674;0.008779;-0.028068;9.801317
-0.002998;0.146649;-0.024180;9.807857
-0.026896;0.302957;-0.015050;9.816584
-0.024417;-0.239576;-0.004363;9.805634
-0.047575;-0.098848;0.014135;9.802097
-0.078463;-0.031401;0.038413;9.806595
-0.116024;0.048270;0.070970;9.812083
-0.113285;0.099461;0.108846;9.818156
-0.025949;-0.368556;0.137305;9.805178
-0.033288;-0.092662;0.186384;9.810074
-0.021337;-0.011353;0.231839;9.814252
-0.020976;0.113788;0.281068;9.823093
-0.016936;0.154344;0.329213;9.830720
0.065902;-0.213645;0.347807;9.808715
0.035597;-0.028473;0.394973;9.817915
0.010646;0.093626;0.439045;9.827762
-0.021746;0.226984;0.487014;9.839367
-0.044514;0.288736;0.532263;9.850493
0.019867;0.009393;0.534576;9.836473
-0.000974;0.068066;0.568095;9.843516
-0.019742;0.138959;0.599953;9.851701
-0.019066;0.121206;0.622252;9.856405
0.085256;-0.260697;0.587326;9.823280
0.042429;-0.046391;0.610970;9.832857
0.025490;0.049575;0.623809;9.839868
-0.003395;0.192346;0.642308;9.850461
0.090905;-0.179694;0.602452;9.837476
0.048840;0.024130;0.617321;9.839510
0.037265;0.059060;0.619657;9.845622
0.024597;0.121674;0.621622;9.852599
0.016888;0.147716;0.621052;9.857671
0.008490;0.171379;0.621621;9.863012
0.081487;-0.126136;0.568874;9.837812
0.050065;0.016771;0.570293;9.843212
0.032952;0.104373;0.566020;9.847381
0.004800;0.240105;0.571024;9.858605
0.083346;-0.078874;0.503403;9.826142
0.063189;0.024980;0.497384;9.833807
0.049946;0.109194;0.488463;9.838267
0.024961;0.239533;0.488882;9.847602
0.121589;-0.295306;0.421409;9.812682
0.101382;-0.153323;0.411361;9.812520
0.075118;-0.009918;0.407710;9.823108
0.052807;0.126228;0.404103;9.828076
0.039067;0.212818;0.400692;9.834297
0.115388;-0.264703;0.342482;9.799155
0.076076;0.013458;0.345941;9.812292
0.063521;0.096141;0.340049;9.816101
0.053455;0.169128;0.334992;9.822247
0.049893;0.195953;0.329514;9.827810
0.126693;-0.391695;0.273449;9.780728
0.110035;-0.232945;0.263877;9.784123
0.088709;-0.056684;0.260530;9.795251
0.069155;0.137806;0.260068;9.802294
0.049846;0.311783;0.263291;9.812372
0.111302;-0.270809;0.220354;9.781639
0.093410;-0.068858;0.219798;9.786659
0.085503;0.000389;0.215411;9.793204
0.074499;0.116738;0.213514;9.799599
0.065402;0.217439;0.213219;9.807320
0.102104;-0.207360;0.184625;9.781356
0.087752;-0.024038;0.182648;9.786124
0.077850;0.101585;0.181641;9.794031
0.070531;0.196009;0.180069;9.800902
0.071525;0.180286;0.175091;9.803686
0.112228;-0.415879;0.144492;9.770055
0.100182;-0.191295;0.141707;9.776415
0.091323;-0.059519;0.137522;9.780586
0.085086;0.076948;0.133362;9.783705
0.082295;0.153621;0.128092;9.788661
0.107416;-0.355667;0.103959;9.768893
0.097342;-0.099625;0.100408;9.772019
0.092646;0.014854;0.094905;9.777108
0.088030;0.137406;0.089444;9.781671
0.084130;0.271078;0.085475;9.789395
0.084870;0.271690;0.079407;9.794232
0.100648;-0.298613;0.060481;9.773280
0.095367;-0.084243;0.055578;9.774469
0.093772;0.001977;0.049116;9.777066
0.091045;0.186700;0.043714;9.783311
0.096442;-0.314010;0.028080;9.763092
0.094948;-0.103094;0.020387;9.764075
0.093844;0.043863;0.013119;9.769378
0.094360;0.160723;0.004876;9.773576
0.095637;0.198920;-0.003689;9.777875
0.097247;0.231260;-0.012210;9.783381
0.088543;-0.371248;-0.023249;9.759194
0.085909;-0.094651;-0.031742;9.761404
0.079461;-0.019902;-0.039695;9.765354
0.073284;0.098919;-0.046795;9.770675
0.059854;-0.346709;-0.051475;9.761318
0.056122;-0.081727;-0.056307;9.765828
0.053906;0.059126;-0.059318;9.771926
0.052602;0.212937;-0.060859;9.780560
0.051256;0.268623;-0.060446;9.790137
0.047897;-0.223338;-0.055674;9.778460
0.047031;-0.045897;-0.052542;9.781715
0.045568;-0.007726;-0.047574;9.788390
0.052992;0.197185;-0.041749;9.796243
0.060726;-0.303108;-0.032727;9.781495
0.064955;-0.069305;-0.026466;9.783910
0.067714;0.057733;-0.020192;9.789863
0.068109;0.249656;-0.014077;9.798163
0.067332;0.333356;-0.008169;9.807096
0.065783;0.390729;-0.002593;9.817572
0.065514;-0.092629;0.003493;9.780239
0.063126;0.025733;0.007070;9.787160
0.061208;0.134960;0.010172;9.797384
0.059432;0.278767;0.012899;9.808695
0.058838;0.282948;0.015251;9.814818
0.062855;-0.217173;0.016433;9.766038
0.061992;0.057732;0.016732;9.784186
0.062115;0.148411;0.016725;9.792056
0.062479;0.226397;0.016601;9.801911
0.067552;-0.341425;0.015609;9.766069
0.066913;-0.104223;0.014504;9.776766
0.066702;0.047180;0.013452;9.790506
0.071478;-0.490111;0.010878;9.749139
0.069262;-0.071711;0.009134;9.774007
0.071378;-0.243419;0.006297;9.760213
0.068910;0.199123;0.004395;9.773406
0.067719;0.455733;0.003164;9.789002
0.066604;0.594460;0.002530;9.810610
0.065759;0.586481;0.002309;9.830547
0.069855;-0.213615;0.001629;9.786631
0.068313;-0.028347;0.001238;9.796387
0.067727;0.037175;0.001130;9.810980
0.067326;0.108228;0.001138;9.815702
0.066851;0.251552;0.001603;9.830923
0.072874;-0.458492;0.001443;9.757904
0.072265;-0.205254;0.001476;9.773406
0.072694;-0.034635;0.001785;9.791992
0.072621;0.177993;0.002311;9.804564
0.073256;0.233351;0.003029;9.809366
0.078502;-0.258001;0.002148;9.745853
0.077090;0.018068;0.002199;9.769735
0.076420;0.193477;0.002536;9.782997
0.075755;0.351044;0.003346;9.800029
0.080938;-0.299785;0.003267;9.748262
0.079084;-0.036241;0.003508;9.767516
0.078223;0.077855;0.004082;9.779565
0.076521;0.249951;0.005066;9.795147
0.082240;-0.434534;0.005076;9.744702
0.081467;-0.291819;0.005497;9.739692
0.078811;-0.044494;0.005912;9.761003
0.078047;0.050305;0.006452;9.768661
0.075656;0.228043;0.007717;9.783109
0.082255;-0.449971;0.007375;9.737483
0.078126;-0.063764;0.008406;9.753730
0.075945;0.051487;0.009686;9.763269
0.073576;0.171353;0.011366;9.772743
0.070370;0.325742;0.014113;9.787297
0.081215;-0.461279;0.014078;9.744288
0.076171;-0.230912;0.016319;9.752587
0.071044;-0.023147;0.019389;9.766305
0.066619;0.103280;0.022663;9.769562
0.059927;0.272927;0.027286;9.780322
0.069315;-0.211385;0.027130;9.742139
0.058831;0.139508;0.032834;9.755637
0.055800;0.219177;0.038309;9.764697
0.053290;0.284553;0.044729;9.774811
0.049812;0.312026;0.052035;9.784592
0.075312;-0.483526;0.051276;9.743847
0.060572;-0.146279;0.059386;9.750804
0.045706;0.004836;0.068259;9.759560
0.030015;0.036536;0.076701;9.762045
0.005495;0.036191;0.087484;9.764119
0.208060;-0.586727;0.081890;9.738134
0.338455;-0.204247;0.076149;9.749505
0.415380;0.011573;0.056370;9.755618
0.440937;0.185561;0.025325;9.766929
0.428688;0.322789;-0.016172;9.783675
0.300148;-0.284046;-0.053126;9.786058
0.264887;-0.060800;-0.106738;9.789040
0.221562;0.016313;-0.161505;9.799367
0.204258;0.182436;-0.224907;9.811741
0.182472;0.202521;-0.284337;9.821883
0.176434;0.221887;-0.345140;9.832771
0.055929;-0.393804;-0.368653;9.812738
0.096577;-0.150087;-0.428406;9.820810
0.126561;-0.015189;-0.482279;9.828497
0.156968;0.114197;-0.534540;9.838424
0.050293;-0.354953;-0.524544;9.829785
0.107797;-0.052006;-0.590074;9.831083
0.129232;0.037945;-0.626180;9.840721
0.157593;0.166496;-0.662454;9.852405
0.179954;0.246990;-0.694066;9.865424
0.058035;-0.258986;-0.661208;9.844178
0.093154;-0.056247;-0.686295;9.847704
0.121417;0.059090;-0.703451;9.860780
0.154427;0.206063;-0.720906;9.873867
0.166539;0.245229;-0.727981;9.883539
0.027799;-0.289124;-0.652457;9.821636
0.086894;0.052395;-0.666853;9.845731
0.092288;0.088376;-0.653251;9.852179
0.113487;0.194755;-0.646394;9.865025
0.007915;-0.316207;-0.563798;9.820095
0.045336;-0.058527;-0.554086;9.835516
0.067330;0.062924;-0.537834;9.846078
0.085447;0.169617;-0.520179;9.856053
-0.007736;-0.380195;-0.433189;9.810219
0.022268;-0.109891;-0.418429;9.818725
0.041724;0.026199;-0.400636;9.830648
0.068551;0.251343;-0.390012;9.846029
0.068305;0.263065;-0.367848;9.848836
0.076856;0.347618;-0.355403;9.860645
0.017612;-0.025124;-0.285426;9.805523
0.023425;0.059255;-0.268262;9.814920
0.028483;0.158032;-0.251983;9.820987
0.030188;0.219353;-0.235274;9.828226
-0.017230;-0.377658;-0.175719;9.774436
-0.008135;-0.129900;-0.161885;9.786983
-0.004846;0.015213;-0.146837;9.793638
-0.003888;0.194505;-0.132934;9.802949
-0.009633;0.277925;-0.117168;9.809740
-0.032049;-0.254502;-0.071591;9.760085
-0.039912;0.061745;-0.058171;9.781958
-0.053960;0.125870;-0.036557;9.783522
-0.070706;0.133319;-0.012148;9.787303
-0.093124;0.154176;0.014828;9.793031
-0.083980;-0.387985;0.050044;9.751713
-0.111101;-0.091346;0.081606;9.767106
-0.118497;0.076876;0.116959;9.779800
-0.113791;0.213142;0.157235;9.793108
-0.006733;-0.446277;0.181691;9.766247
-0.016709;-0.174043;0.221515;9.777649
-0.030307;-0.029264;0.260978;9.793866
-0.066599;0.100006;0.303855;9.808091
-0.007280;-0.431729;0.313704;9.785690
-0.111784;-0.345319;0.353745;9.810565
0.196067;0.028637;0.397920;9.799381
0.407471;0.258700;0.416545;9.792879
0.582467;-0.288351;0.375060;9.793842
0.624452;0.069742;0.350292;9.794756
0.591949;0.194041;0.303232;9.804273
0.522685;0.333562;0.240848;9.817392
0.436840;0.421313;0.165009;9.830970
0.261827;-0.208643;0.077697;9.814719
0.210501;-0.027556;-0.012237;9.810808
0.169080;0.022235;-0.102695;9.817771
0.170133;0.197850;-0.202563;9.827954
0.168560;0.211892;-0.294451;9.832507
0.173897;0.179808;-0.383045;9.837098
0.080909;-0.341627;-0.444595;9.805549
0.120891;-0.152449;-0.523602;9.814656
0.162694;-0.001625;-0.598791;9.827390
0.207602;0.162075;-0.672420;9.842582
0.051596;-0.443258;-0.673295;9.809934
0.104018;-0.143946;-0.730057;9.822993
0.115989;-0.073751;-0.764742;9.835014
0.154110;0.105297;-0.802264;9.850986
0.190042;0.240394;-0.836280;9.866238
0.035512;-0.325744;-0.782266;9.835400
0.079265;-0.071597;-0.799769;9.845103
0.126800;0.105590;-0.815254;9.863203
0.157792;0.226836;-0.821013;9.875425
0.178154;0.288185;-0.820775;9.888614
0.049234;-0.111384;-0.727517;9.841989
0.096300;0.078673;-0.723314;9.862482
0.124031;0.198567;-0.711401;9.871084
0.136256;0.242780;-0.692078;9.878059
0.007034;-0.371787;-0.588956;9.822920
0.048245;-0.103699;-0.577742;9.836616
0.065016;-0.031092;-0.552197;9.846663
0.088880;0.101680;-0.533069;9.855065
-0.017606;-0.456500;-0.429184;9.793182
0.031333;-0.115374;-0.416730;9.815646
0.073009;0.144813;-0.407577;9.829687
0.082115;0.199255;-0.385006;9.831126
0.099995;0.295295;-0.375349;9.842432
0.016303;-0.334974;-0.304037;9.793279
0.034158;-0.164280;-0.293315;9.796456
0.050239;-0.057471;-0.285033;9.808105
0.061958;0.041478;-0.275994;9.810400
0.074881;0.140706;-0.271571;9.815279
0.004414;-0.482360;-0.215951;9.766993
0.037870;-0.155588;-0.222068;9.778045
0.063038;0.052958;-0.228684;9.788808
0.088125;0.276847;-0.239099;9.797421
0.091063;0.258687;-0.238782;9.798774
0.024044;-0.466910;-0.197557;9.752226
0.044623;-0.222756;-0.204780;9.759033
0.072152;0.031763;-0.218476;9.772690
0.078966;0.079813;-0.220657;9.771676
0.021394;-0.476242;-0.176886;9.737428
-0.014884;-0.794530;-0.149479;9.725163
0.045119;-0.181513;-0.168738;9.745814
0.102747;0.210133;-0.190829;9.750026
0.155686;0.363964;-0.209874;9.769432
0.238703;0.351246;-0.235741;9.787793
0.125045;-0.124068;-0.230433;9.792550
0.121513;0.212504;-0.266282;9.795437
0.101034;0.317274;-0.293039;9.806658
0.088245;0.393572;-0.318082;9.822087
0.086531;0.422171;-0.341019;9.836835
0.089516;0.379244;-0.358687;9.846809
0.026804;-0.154556;-0.329593;9.802455
0.049367;-0.071989;-0.338588;9.807796
0.074918;0.066231;-0.346131;9.813546
0.100111;0.187266;-0.353081;9.819944
0.113078;0.215634;-0.354714;9.825540
0.036385;-0.495234;-0.307503;9.773178
0.062666;-0.180638;-0.311185;9.783721
0.074187;-0.059565;-0.306819;9.793730
0.092131;0.146165;-0.307060;9.804441
0.101393;0.244584;-0.303694;9.815026
0.045681;-0.287002;-0.261516;9.791229
0.063686;-0.029350;-0.258927;9.801340
0.080476;0.154924;-0.257523;9.812113
0.093148;0.297877;-0.255824;9.824387
0.034553;-0.377804;-0.211500;9.793580
0.062223;-0.002028;-0.216405;9.805292
0.075018;0.136915;-0.214802;9.817418
0.089604;0.318899;-0.215471;9.830729
0.044350;-0.278443;-0.178954;9.786267
0.061142;-0.003116;-0.179182;9.800834
0.068462;0.081584;-0.175395;9.808989
0.081000;0.241351;-0.175796;9.822577
0.088563;0.307186;-0.175461;9.831606
0.056121;-0.193801;-0.148482;9.789485
0.069435;-0.003836;-0.149831;9.805591
0.085815;0.236302;-0.155066;9.820272
0.099993;0.412018;-0.161090;9.835591
0.100553;0.343786;-0.160389;9.839121
0.060006;-0.412787;-0.134041;9.772124
0.076953;-0.102263;-0.139914;9.796720
0.094553;0.157267;-0.147494;9.813429
0.098207;0.174546;-0.148064;9.811896
0.106218;0.244102;-0.151662;9.821055
0.070732;-0.370169;-0.129194;9.750736
0.084745;-0.124229;-0.134707;9.771497
0.100159;0.093071;-0.141343;9.785309
0.116391;0.291489;-0.149730;9.799342
0.131451;0.431390;-0.159364;9.816233
0.097724;-0.182501;-0.142461;9.766076
0.111867;-0.057206;-0.149420;9.780568
0.130121;0.108608;-0.159664;9.791744
0.147677;0.206432;-0.170501;9.798369
0.140387;0.177001;-0.178803;9.800443
0.072467;-0.455406;-0.164179;9.755441
0.052822;-0.243549;-0.173096;9.762567
0.023936;-0.150346;-0.176795;9.768910
-0.004109;0.004003;-0.178948;9.773870
-0.036850;0.109535;-0.176048;9.779069
-0.088920;-0.512764;-0.145958;9.750090
-0.131411;-0.151295;-0.133566;9.760299
-0.188811;-0.166097;-0.107998;9.762603
0.013655;0.000466;-0.081587;9.769484
0.170928;0.155357;-0.064228;9.776055
0.265234;-0.380129;-0.044525;9.769146
0.328566;-0.117425;-0.045360;9.773293
0.337425;-0.008487;-0.052676;9.780970
0.323476;0.187412;-0.070637;9.791624
0.292028;0.317988;-0.096034;9.802588
0.244712;0.298197;-0.122925;9.812711
0.123919;-0.224085;-0.128451;9.788624
0.108371;-0.075699;-0.165910;9.784985
0.110490;0.094781;-0.206821;9.794655
0.120070;0.219224;-0.249219;9.802431
0.120955;0.195937;-0.287360;9.810275
0.060123;-0.211219;-0.300048;9.797893
0.097407;-0.021257;-0.344548;9.803047
0.122348;0.084074;-0.384333;9.809128
0.143983;0.159212;-0.424359;9.818081
0.169621;0.241206;-0.467512;9.827490
0.038406;-0.418866;-0.449048;9.813696
0.070751;-0.197253;-0.484396;9.815075
0.087258;-0.090250;-0.512497;9.818802
0.120459;0.098233;-0.547110;9.826250
0.138219;0.190338;-0.575820;9.833386
0.027741;-0.264606;-0.548995;9.830589
0.066988;-0.046898;-0.579064;9.828728
0.102488;0.092792;-0.607514;9.834015
0.144185;0.253955;-0.640577;9.840895
0.015063;-0.287348;-0.593265;9.827008
0.043298;-0.108344;-0.608839;9.824367
0.075686;0.016938;-0.625730;9.830220
0.111769;0.166789;-0.645184;9.836713
0.130324;0.226939;-0.658397;9.843677
0.147783;0.268744;-0.672472;9.851366
0.052640;-0.069792;-0.618303;9.826915
0.066908;-0.016911;-0.620482;9.831793
0.103334;0.139851;-0.633422;9.839657
0.108100;0.147801;-0.631692;9.842128
0.003174;-0.248794;-0.561153;9.814016
0.036918;-0.074068;-0.562253;9.821649
0.057350;0.039088;-0.557421;9.825353
0.079660;0.144666;-0.555836;9.829940
0.088487;0.172937;-0.549466;9.835349
-0.006689;-0.299965;-0.483159;9.813686
0.029895;-0.067826;-0.486360;9.814215
0.061694;0.083128;-0.488959;9.822202
0.081826;0.187769;-0.487644;9.827680
0.085189;0.186119;-0.478929;9.831770
0.009647;-0.189487;-0.417912;9.796308
0.046383;0.041007;-0.422912;9.806714
0.057348;0.096355;-0.415667;9.811354
0.068267;0.143524;-0.409306;9.817949
0.083228;0.205316;-0.408081;9.826343
0.010492;-0.285274;-0.352342;9.798712
0.029444;-0.130631;-0.345072;9.802699
0.062023;0.084749;-0.350973;9.811550
0.077537;0.183553;-0.350458;9.816167
0.012139;-0.307920;-0.301888;9.795575
0.031363;-0.127692;-0.300520;9.797418
0.045463;-0.029119;-0.297609;9.804363
0.070651;0.163979;-0.302777;9.812632
0.079454;0.216733;-0.302264;9.817638
0.088304;0.258698;-0.303942;9.824803
0.024432;-0.305805;-0.261461;9.794175
0.057359;0.002071;-0.271568;9.806381
0.068534;0.086835;-0.273062;9.809301
0.076367;0.140399;-0.273003;9.814714
0.087435;0.208164;-0.276496;9.822842
0.043699;-0.149277;-0.241487;9.795698
0.057687;-0.039506;-0.242787;9.801955
0.069037;0.068847;-0.243474;9.808228
0.083682;0.197257;-0.248342;9.817354
0.033905;-0.325899;-0.218085;9.799296
0.056561;-0.091422;-0.225803;9.803044
0.066591;-0.015218;-0.228378;9.810703
0.077865;0.147671;-0.235562;9.819447
0.068286;0.183597;-0.237712;9.824245
0.053862;0.258733;-0.241410;9.831823
-0.001274;-0.092795;-0.217285;9.808676
-0.019149;0.023256;-0.213404;9.812119
-0.037232;0.102377;-0.204136;9.815810
-0.053095;0.143713;-0.189133;9.818809
-0.076546;-0.381337;-0.146862;9.790524
-0.085706;-0.180259;-0.122028;9.790858
-0.092443;-0.047929;-0.092211;9.794342
-0.110338;0.123839;-0.055875;9.798135
0.060496;0.184964;-0.021553;9.801196
0.182484;0.292280;0.000780;9.806850
0.263897;-0.069241;0.021054;9.785058
0.293146;0.015304;0.022445;9.791245
0.293070;0.204102;0.012476;9.800844
0.266858;0.324708;-0.005906;9.809660
0.162008;-0.312394;-0.012144;9.784551
0.130778;-0.079984;-0.041926;9.787872
0.094030;-0.050716;-0.070220;9.790775
0.078399;0.091613;-0.104136;9.798224
0.067537;0.146482;-0.137178;9.802147
0.065064;0.173977;-0.170053;9.807175
0.024200;-0.284516;-0.186586;9.786766
0.042074;-0.113563;-0.217542;9.786906
0.053974;-0.051650;-0.242909;9.790993
0.070835;0.078226;-0.267942;9.797344
0.089344;0.219114;-0.292502;9.804531
0.041247;-0.269476;-0.286278;9.784836
0.055397;-0.067170;-0.301560;9.785841
-0.008106;-0.560837;-0.273401;9.765880
0.027377;-0.113434;-0.286658;9.780168
0.054068;0.191300;-0.294320;9.781605
0.076018;0.442993;-0.300777;9.791837
0.040880;0.041945;-0.275987;9.795736
0.059742;0.289121;-0.278027;9.797226
0.065651;0.329890;-0.272561;9.808654
0.074286;0.432702;-0.268227;9.823510
0.069963;0.379635;-0.257057;9.831538
0.022673;-0.347302;-0.213941;9.782422
0.024702;-0.116173;-0.202544;9.789770
0.028707;0.048801;-0.189676;9.801738
0.024767;0.091893;-0.170128;9.799135
0.001850;-0.525773;-0.124884;9.750970
0.005643;-0.192041;-0.107336;9.765939
0.005053;-0.019197;-0.086343;9.774180
0.002755;0.089296;-0.063229;9.777909
-0.000963;0.161281;-0.039220;9.783524
-0.007379;0.184913;-0.014193;9.788308
0.003571;-0.428785;0.019569;9.758744
-0.011166;-0.136507;0.043220;9.769280
-0.029738;0.068103;0.069301;9.780416
-0.045256;0.156072;0.096967;9.785452
-0.009609;-0.382556;0.122016;9.765996
-0.036397;-0.129031;0.152072;9.774564
-0.050877;0.061875;0.184595;9.785638
-0.041374;0.196110;0.216968;9.794286
-0.008739;0.213179;0.246045;9.801963
0.096603;-0.306242;0.253745;9.779287
0.111545;-0.027807;0.275892;9.787927
0.134539;0.092915;0.289913;9.793430
0.154056;0.234753;0.298613;9.801505
0.211597;-0.363966;0.273917;9.778999
0.218635;-0.117002;0.264907;9.779888
0.226038;0.004344;0.247572;9.784566
0.241407;0.132193;0.220858;9.788049
0.267733;-0.388310;0.166023;9.773085
0.297405;-0.093959;0.115859;9.778401
0.298169;0.025201;0.055771;9.783249
0.296971;0.231032;-0.011799;9.792501
0.273060;0.273777;-0.085480;9.801390
0.167783;-0.197761;-0.156869;9.790261
0.165794;-0.001957;-0.234355;9.796376
0.164849;0.112007;-0.309880;9.806481
0.169823;0.197575;-0.383947;9.816091
0.177314;0.234371;-0.454593;9.826209
0.057026;-0.347279;-0.484713;9.802306
0.118338;-0.030902;-0.555778;9.814372
0.144107;0.055160;-0.610539;9.822932
0.171566;0.161955;-0.660640;9.833318
0.193178;0.220193;-0.705714;9.844524
0.084509;-0.181475;-0.690163;9.814890
0.114838;-0.037391;-0.718456;9.827328
0.131716;0.051197;-0.736452;9.836279
0.176074;0.227265;-0.763299;9.852616
0.036615;-0.298749;-0.700015;9.808427
0.084285;-0.026788;-0.710808;9.826284
0.121540;0.134730;-0.715407;9.840914
0.151767;0.255745;-0.716010;9.854565
0.170312;0.310420;-0.712348;9.868213
0.047168;-0.173033;-0.625462;9.811164
0.070917;-0.018629;-0.612060;9.826423
0.095393;0.105235;-0.598568;9.841122
0.134998;0.292560;-0.594857;9.860732
0.022135;-0.315211;-0.504973;9.810130
0.063479;-0.038583;-0.498643;9.825187
0.102769;0.159803;-0.494315;9.850104
0.103867;0.163525;-0.471006;9.849853
0.110370;0.196896;-0.452938;9.857373
0.000501;-0.501966;-0.361925;9.786384
0.040421;-0.164888;-0.356079;9.808369
0.063245;-0.009712;-0.345155;9.821787
0.085544;0.166230;-0.337009;9.832231
0.090981;0.201470;-0.322772;9.836510
0.042469;-0.111851;-0.266631;9.796254
0.060041;0.024376;-0.261288;9.808848
0.081614;0.219222;-0.261276;9.822637
0.025369;-0.320160;-0.215869;9.782188
0.052267;-0.026160;-0.221221;9.794025
0.063335;0.070162;-0.221189;9.805949
0.078011;0.219829;-0.225073;9.817306
0.025162;-0.374363;-0.187050;9.771832
0.046247;-0.097638;-0.192171;9.783516
0.057986;0.017602;-0.194642;9.794256
0.067687;0.134335;-0.195996;9.802094
0.073954;0.189818;-0.196569;9.809204
0.025862;-0.476689;-0.162320;9.762923
0.037653;-0.304388;-0.165615;9.756848
0.055593;-0.026669;-0.171483;9.775229
0.065447;0.117303;-0.173564;9.785149
0.075762;0.272387;-0.176883;9.798450
0.039509;-0.327371;-0.149368;9.753014
0.053051;-0.044798;-0.152002;9.769819
0.061880;0.115550;-0.152904;9.783569
0.073006;0.326527;-0.156709;9.798961
0.020450;-0.528600;-0.125550;9.759047
0.045085;-0.197674;-0.129301;9.755172
0.047989;-0.073466;-0.126240;9.765199
0.049595;0.019732;-0.121898;9.775337
0.051475;0.106794;-0.117450;9.784163
0.052194;0.129620;-0.111913;9.791058
0.035885;-0.363347;-0.087782;9.759608
0.052845;-0.128501;-0.082343;9.774903
0.069239;0.207018;-0.079974;9.785587
0.077643;0.354934;-0.075844;9.794940
0.081222;0.390564;-0.070914;9.806910
0.070879;-0.053896;-0.056204;9.773634
0.071572;0.112966;-0.054176;9.781894
0.070024;0.195727;-0.051136;9.792101
0.068540;0.283446;-0.048582;9.801154
0.058267;-0.389019;-0.035598;9.769546
0.060854;-0.010827;-0.035693;9.780874
0.062327;0.130692;-0.033993;9.787711
0.062667;0.174294;-0.030964;9.791073
0.064195;0.264842;-0.028498;9.800926
0.063036;-0.346122;-0.019456;9.763634
0.064567;0.048776;-0.018870;9.780246
0.066105;0.136850;-0.016533;9.782581
0.066847;0.263678;-0.014264;9.793179
0.066756;0.349549;-0.011636;9.805076
0.068811;-0.443738;-0.004844;9.755787
0.069326;-0.144782;-0.003340;9.766255
0.068907;-0.023064;-0.001273;9.774787
0.068642;0.100514;0.000927;9.779658
0.073503;-0.398495;0.004489;9.751702
0.072232;-0.078417;0.006007;9.762768
0.071490;0.182948;0.007881;9.777501
0.070263;0.344126;0.009971;9.787215
0.069158;0.439710;0.012416;9.801816
0.075833;-0.193691;0.013628;9.748743
0.074017;0.038864;0.014756;9.755267
0.073227;0.074624;0.015909;9.767240
0.072042;0.182981;0.017360;9.778536
0.069483;0.345561;0.019444;9.796497
0.078501;-0.231731;0.018755;9.747153
0.077226;-0.033997;0.019908;9.764625
0.076167;0.089243;0.021067;9.772521
0.073742;0.269897;0.022934;9.785994
0.085620;-0.456164;0.021311;9.735711
0.081128;-0.095609;0.022249;9.749259
0.077422;0.172691;0.023797;9.767926
0.076216;0.305663;0.025145;9.776413
0.087594;-0.428471;0.022605;9.735753
0.083247;-0.090311;0.023608;9.750092
0.078572;0.197617;0.025471;9.770016
0.077518;0.234989;0.026329;9.773339
0.087485;-0.362143;0.023939;9.740673
0.082298;-0.036493;0.025002;9.752592
0.080146;0.075390;0.025912;9.760702
0.078596;0.186633;0.026917;9.768838
0.077102;0.234946;0.028191;9.775761
0.074265;0.351082;0.030482;9.787881
0.086958;-0.411368;0.027410;9.736065
0.083617;-0.162727;0.028364;9.747956
0.078093;0.054701;0.030138;9.757265
0.074246;0.246680;0.032255;9.764587
0.073288;0.239417;0.033848;9.766558
0.085981;-0.420971;0.030452;9.724963
0.077937;-0.053719;0.032957;9.737299
0.074911;0.065249;0.034945;9.740198
0.077598;0.176589;0.037209;9.746775
0.101531;-0.473266;0.033232;9.723544
0.110515;-0.198385;0.033517;9.727647
0.121539;0.006450;0.033088;9.733233
0.136890;0.120137;0.030307;9.738755
0.155233;0.182129;0.025515;9.744819
0.168033;-0.554183;0.015945;9.728039
0.176900;-0.761445;0.006104;9.734702
0.212328;-0.834027;-0.006255;9.740398
0.079892;-0.102226;-0.024786;9.746032
-0.012953;0.295376;-0.034150;9.742863
-0.080708;-0.037841;-0.032662;9.802590
-0.108201;0.449315;-0.028657;9.786259
-0.114747;0.623761;-0.014445;9.792357
-0.101522;0.662686;0.006206;9.812742
-0.071601;0.544154;0.030950;9.826411
0.014026;-0.269643;0.047469;9.804816
0.019027;-0.111519;0.076878;9.792238
0.006838;0.094637;0.112454;9.794937
0.010697;0.086454;0.143727;9.792960
0.006792;0.119478;0.177508;9.796473
0.056332;-0.275255;0.193318;9.770562
0.034896;-0.082683;0.227706;9.776173
0.017097;0.054213;0.261019;9.783542
0.002158;0.161216;0.294433;9.792577
0.056266;-0.199413;0.305717;9.793287
0.026442;0.031907;0.338144;9.795249
0.007177;0.153102;0.368378;9.805006
-0.008207;0.241629;0.397954;9.815751
0.085354;-0.323619;0.384763;9.815093
0.056457;-0.102446;0.407898;9.815159
0.028411;0.069405;0.431378;9.820726
0.009112;0.195292;0.450794;9.827817
-0.009301;0.296322;0.470837;9.838514
0.088997;-0.274392;0.438911;9.828609
0.066103;-0.101262;0.449286;9.826897
0.052510;-0.015390;0.455429;9.832511
0.038549;0.095153;0.460676;9.838791
0.028606;0.168828;0.464240;9.844957
0.119332;-0.335379;0.416411;9.830300
0.083765;-0.081368;0.421698;9.832138
0.059815;0.066405;0.423694;9.837495
0.042921;0.181480;0.422756;9.843512
0.032628;0.240136;0.421222;9.850353
0.037943;0.191694;0.413075;9.853504
0.110761;-0.285274;0.363612;9.823500
0.084989;-0.092475;0.359976;9.828791
0.067650;0.037391;0.355945;9.834400
0.054091;0.142893;0.352093;9.839695
0.032574;0.295463;0.355455;9.849885
0.071468;0.052093;0.317338;9.828533
0.062748;0.092504;0.312469;9.832983
0.053017;0.171606;0.309170;9.841080
0.106151;-0.263206;0.272206;9.819917
0.088711;-0.094160;0.268374;9.820754
0.075454;0.010001;0.265530;9.828467
0.066431;0.095409;0.261598;9.833486
0.056540;0.178334;0.260205;9.840077
0.111544;-0.338717;0.223795;9.812372
0.096045;-0.198731;0.223238;9.803752
0.080858;-0.061802;0.221642;9.813010
0.061744;0.115875;0.225318;9.824696
0.054145;0.183695;0.225503;9.831433
0.103116;-0.323483;0.195453;9.805431
0.083552;-0.097000;0.198148;9.812262
0.063267;0.096073;0.204698;9.825985
0.048949;0.226031;0.209689;9.834778
0.042086;0.268638;0.213321;9.843193
0.081855;-0.178112;0.187877;9.800232
0.061090;0.018811;0.194314;9.815112
0.057784;0.087189;0.196853;9.823340
0.057720;0.178344;0.200945;9.833509
0.061194;0.246749;0.205268;9.842302
0.114498;-0.292729;0.179886;9.796826
0.108468;-0.052181;0.182516;9.808746
0.110544;0.023005;0.178904;9.812008
0.142107;-0.422453;0.152352;9.779190
0.129283;-0.109469;0.148798;9.787309
0.119929;0.086119;0.143394;9.792835
0.114664;0.181311;0.133700;9.793380
0.110523;0.165296;0.121080;9.790629
0.036549;-0.321034;0.095942;9.763951
-0.042638;-0.080663;0.096151;9.767823
-0.086883;0.055085;0.103412;9.774713
-0.106644;0.221311;0.119113;9.784400
-0.115953;0.446912;0.146500;9.800823
-0.011356;-0.186142;0.146674;9.769470
0.000083;0.007473;0.175147;9.774526
0.004554;0.173848;0.208137;9.793079
0.018035;0.206041;0.235798;9.797859
0.026350;0.226273;0.263343;9.804692
0.095381;-0.248822;0.257971;9.749242
0.062149;0.038087;0.287938;9.772771
0.049474;0.128355;0.308036;9.780237
0.040540;0.187382;0.324599;9.788793
0.022751;0.302617;0.344243;9.805760
0.104751;-0.405324;0.316084;9.748941
0.082036;-0.164299;0.326350;9.764683
0.065470;-0.007553;0.331788;9.780507
0.047147;0.197019;0.336924;9.792039
0.044076;0.247253;0.334931;9.797244
0.111240;-0.339586;0.292692;9.745097
0.081318;0.018695;0.292549;9.770453
0.076367;0.092224;0.281961;9.773998
0.068263;0.210828;0.273202;9.784895
0.059807;0.318504;0.266381;9.798741
0.128937;-0.481513;0.214502;9.737464
0.108680;-0.183006;0.205782;9.754849
0.099678;-0.049465;0.193421;9.767101
0.086206;0.189796;0.184598;9.778833
0.085848;0.221600;0.171219;9.782546
0.085140;0.265944;0.160200;9.789937
0.120637;-0.289474;0.123754;9.738617
0.106974;0.029475;0.117249;9.759854
0.105889;0.094313;0.106873;9.766122
0.107691;0.134913;0.096218;9.772316
0.133435;-0.436399;0.067430;9.736589
0.122157;-0.013405;0.063485;9.759012
0.123294;0.071538;0.054386;9.762878
0.124290;0.196399;0.046699;9.774702
0.129024;0.214778;0.038179;9.783652
0.141657;-0.375947;0.018707;9.754558
0.144572;-0.110309;0.010323;9.768107
0.148184;0.060478;0.001134;9.775484
0.152815;0.166799;-0.009445;9.782885
0.135712;-0.433227;-0.020170;9.768029
0.157135;-0.185194;-0.036688;9.757332
0.175139;0.024058;-0.051891;9.767110
0.194672;0.119130;-0.069563;9.776704
0.228219;0.256092;-0.091999;9.788150
0.218572;-0.442888;-0.106926;9.763779
-0.008378;-0.318987;-0.127371;9.748935
-0.184386;-0.110797;-0.132480;9.754988
-0.294464;0.031533;-0.121249;9.762703
-0.331890;0.075747;-0.096285;9.773718
-0.320511;0.193749;-0.058809;9.788060
-0.185358;-0.339394;-0.019052;9.779402
-0.148455;-0.011507;0.039474;9.792813
-0.083236;0.010162;0.096301;9.803546
-0.048398;0.111798;0.160689;9.818727
0.098681;-0.439522;0.200815;9.821745
0.075904;-0.184969;0.269145;9.831514
0.053756;-0.046536;0.335703;9.841010
0.007637;0.150086;0.409874;9.853714
-0.026259;0.243704;0.481543;9.867574
0.085886;-0.258184;0.504487;9.860955
0.030935;-0.043671;0.567798;9.860100
-0.005507;0.065638;0.627145;9.870265
-0.021046;0.122353;0.677509;9.881271
-0.037016;0.171930;0.727043;9.891276
0.101897;-0.266032;0.712907;9.880273
0.057416;-0.064952;0.753013;9.883677
0.035373;0.032981;0.783665;9.890063
-0.001776;0.177519;0.819617;9.899692
-0.016543;0.222923;0.845078;9.906375
0.133152;-0.260402;0.791133;9.885624
0.074287;-0.044221;0.816685;9.887447
0.043168;0.049510;0.829412;9.892758
0.023889;0.126681;0.834565;9.896656
0.018986;0.147913;0.831011;9.898977
0.142414;-0.257541;0.748749;9.859464
0.089216;-0.029578;0.747903;9.866660
0.062448;0.080861;0.738712;9.871718
0.032756;0.205963;0.731571;9.879289
0.018399;0.259252;0.720683;9.885913
0.156491;-0.316481;0.619173;9.843414
0.102505;-0.064903;0.614963;9.851534
0.089795;-0.021840;0.591243;9.853701
0.069864;0.093015;0.572994;9.858315
0.064234;0.128680;0.549063;9.860215
0.148152;-0.281651;0.460810;9.816714
0.159447;-0.316846;0.411718;9.807794
0.142339;-0.246567;0.384978;9.790176
0.093899;0.060341;0.378291;9.806908
0.180399;-0.448267;0.288064;9.774937
0.129297;-0.058762;0.281092;9.794447
0.089385;0.261582;0.278463;9.802312
0.126161;0.023730;0.223827;9.792727
