-0.288512;0.100279;0.627847;10.024654;0
-0.277662;0.104919;0.633690;10.024654;0
-0.268752;0.085460;0.633690;10.024654;0
-0.259399;0.059076;0.639025;10.024654;0
-0.249689;0.040700;0.639025;10.024654;0
-0.239814;0.036445;0.643847;10.024654;0
-0.225843;0.049749;0.643847;10.024654;0
-0.215274;0.057955;0.643847;10.024654;0
-0.204163;0.063880;0.648174;10.024654;0
-0.192978;0.073064;0.648174;10.024654;0
-0.181960;0.086056;0.652043;10.024654;0
-0.167408;0.105679;0.652043;10.024654;0
-0.156252;0.106806;0.655516;10.024654;0
-0.145660;0.102865;0.655516;10.024654;0
-0.134926;0.099801;0.658678;10.024654;0
-0.124632;0.104203;0.658678;10.024654;0
-0.111402;0.112009;0.661636;10.024654;0
-0.101562;0.105103;0.661636;10.024654;0
-0.092273;0.097160;0.664519;10.024654;0
-0.083517;0.095426;0.664519;10.024654;0
-0.071972;0.102895;0.664519;10.024654;0
-0.063653;0.099859;0.667474;10.024654;0
-0.056144;0.088622;0.667474;10.024654;0
-0.048873;0.079920;0.670663;10.024654;0
-0.039677;0.080046;0.670663;10.024654;0
-0.032904;0.087676;0.674261;10.024654;0
-0.026688;0.098713;0.674261;10.024654;0
-0.020730;0.101064;0.678445;10.024654;0
-0.014954;0.093735;0.678445;10.024654;0
-0.009466;0.086148;0.683392;10.024654;0
-0.002632;0.086889;0.683392;10.024654;0
0.002158;0.082388;0.689269;10.024654;0
0.006919;0.072518;0.689269;10.024654;0
0.011388;0.068369;0.696223;10.024654;0
0.015651;0.073415;0.696223;10.024654;0
0.021150;0.089187;0.704372;10.024654;0
0.024998;0.089007;0.704372;10.024654;0
0.028775;0.081264;0.713801;10.024654;0
0.032389;0.076109;0.713801;10.024654;0
0.036864;0.077676;0.724547;10.024654;0
0.040140;0.077017;0.724547;10.024654;0
0.043410;0.066347;0.724547;10.024654;0
0.046792;0.056638;0.736599;10.024654;0
0.051559;0.053835;0.736599;10.024654;0
0.055801;0.063399;0.749890;10.024654;0
0.061041;0.076395;0.749890;10.024654;0
0.067643;0.077402;0.764294;10.024654;0
-1.000000;0.071220;0.764294;10.024654;0
-1.000000;0.083068;0.779629;10.024654;0
-1.000000;0.096110;0.779629;10.024654;0
-1.000000;0.106818;0.779629;10.024654;0
-1.000000;0.108784;0.795675;10.024654;0
-1.000000;0.110663;0.795675;10.024654;0
-1.000000;0.117674;0.795675;10.024654;0
-1.000000;0.123026;0.812197;10.024654;0
-1.000000;0.121673;0.812197;10.024654;0
-1.000000;0.117430;0.812197;10.024654;0
-1.000000;0.116082;0.828962;10.024654;0
-1.000000;0.123252;0.828962;10.024654;0
-1.000000;0.132044;0.828962;10.024654;0
-1.000000;0.134884;0.845741;10.024654;0
-1.000000;0.137863;0.845741;10.024654;0
-1.000000;0.143937;0.845741;10.024654;0
-1.000000;0.150920;0.862316;10.024654;0
-0.987313;0.146503;0.862316;10.024654;0
-0.969077;0.139120;0.862316;10.024654;0
-0.949818;0.134814;0.878487;10.024654;0
-0.923354;0.137352;0.878487;10.024654;0
-0.901170;0.142695;0.878487;10.024654;0
-0.878758;0.142318;0.894071;10.024654;0
-0.856104;0.142565;0.894071;10.024654;0
-0.832502;0.144956;0.894071;10.024654;0
-0.800620;0.152991;0.894071;10.024654;0
-0.775978;0.160433;0.908905;10.024654;0
-0.750367;0.157445;0.908905;10.024654;0
-0.725078;0.152584;0.908905;10.024654;0
-0.699844;0.150878;0.922852;10.024654;0
-0.666614;0.152272;0.922852;10.024654;0
-0.641128;0.145627;0.922852;10.024654;0
-0.616463;0.139297;0.922852;10.024654;0
-0.591817;0.136818;0.935794;10.024654;0
-0.567640;0.141138;0.935794;10.024654;0
-0.535962;0.149353;0.935794;10.024654;0
-0.513040;0.142337;0.935794;10.024654;0
-0.490330;0.133479;0.947638;10.024654;0
-0.468675;0.130779;0.947638;10.024654;0
-0.447248;0.135532;0.947638;10.024654;0
-0.426686;0.136502;0.958313;10.024654;0
-0.400410;0.127560;0.958313;10.024654;0
-0.380957;0.124818;0.958313;10.024654;0
-0.362465;0.127525;0.958313;10.024654;0
-0.344838;0.134279;0.967770;10.024654;0
-0.326402;0.137081;0.967770;10.024654;0
-0.304118;0.118761;0.967770;10.024654;0
-0.288041;0.103185;0.975981;10.024654;0
-0.272349;0.094954;0.975981;10.024654;0
-0.257225;0.099329;0.975981;10.024654;0
-0.242810;0.108765;0.975981;10.024654;0
-0.223991;0.103694;0.982938;10.024654;0
-0.210722;0.097782;0.982938;10.024654;0
-0.197924;0.096249;0.982938;10.024654;0
-0.185539;0.100665;0.982938;10.024654;0
-0.170537;0.101009;0.988652;10.024654;0
-0.157954;0.094901;0.988652;10.024654;0
-0.146801;0.092387;0.988652;10.024654;0
-0.135989;0.095413;0.993149;10.024654;0
-0.125471;0.103126;0.993149;10.024654;0
-0.112149;0.107143;0.993149;10.024654;0
-0.102096;0.093443;0.993149;10.024654;0
-0.092381;0.079326;0.996471;10.024654;0
-0.083322;0.071897;0.996471;10.024654;0
-0.074396;0.071014;0.996471;10.024654;0
-0.062845;0.072621;0.998675;10.024654;0
-0.054700;0.062865;0.998675;10.024654;0
-0.046577;0.053031;0.998675;10.024654;0
-0.038904;0.049786;0.998675;10.024654;0
-0.031524;0.054560;0.998675;10.024654;0
-0.022185;0.070786;0.998675;10.024654;0
-0.015516;0.081097;0.998675;10.024654;0
-0.008968;0.077697;0.999826;10.024654;0
-0.002682;0.071981;0.999826;10.024654;0
0.005322;0.072792;0.999826;10.024654;0
0.011022;0.074076;0.999826;10.024654;0
0.016479;0.065557;1.000000;10.024654;0
0.021666;0.057399;1.000000;10.024654;0
0.028006;0.056933;1.000000;10.024654;0
0.032529;0.063791;0.999278;10.024654;0
0.036684;0.074358;0.999278;10.024654;0
0.040692;0.080433;0.999278;10.024654;0
0.044495;0.072862;0.999278;10.024654;0
0.049247;0.060772;0.997747;10.024654;0
0.052604;0.058305;0.997747;10.024654;0
0.055715;0.057136;0.997747;10.024654;0
0.058903;0.045752;0.997747;10.024654;0
0.062135;0.036332;0.992609;10.024654;0
0.065532;0.035386;0.992609;10.024654;0
0.070631;0.047248;0.992609;10.024654;0
0.075378;0.051297;0.989178;10.024654;0
-0.027060;0.069149;0.989178;10.024654;0
-0.029007;0.068058;0.989178;10.024654;0
-0.031625;0.072283;0.989178;10.024654;0
-0.033666;0.077204;0.985271;10.024654;0
-0.035584;0.071584;0.985271;10.024654;0
-0.037424;0.065946;0.985271;10.024654;0
-0.039173;0.067264;0.980931;10.024654;0
-0.041317;0.083626;0.980931;10.024654;0
-0.042752;0.100969;0.980931;10.024654;0
-0.043864;0.108742;0.980931;10.024654;0
-0.044755;0.110221;0.976177;10.024654;0
-0.045512;0.111914;0.976177;10.024654;0
-0.046267;0.123215;0.976177;10.024654;0
-0.046622;0.134692;0.971009;10.024654;0
-0.046694;0.136092;0.971009;10.024654;0
-0.046598;0.131558;0.971009;10.024654;0
-0.046416;0.131106;0.971009;10.024654;0
-0.046100;0.141408;0.965413;10.024654;0
-0.045779;0.148701;0.965413;10.024654;0
-0.045317;0.142545;0.965413;10.024654;0
-0.044820;0.133595;0.959372;10.024654;0
-0.044242;0.111634;0.959372;10.024654;0
-0.043465;0.082871;0.959372;10.024654;0
-0.042869;0.064394;0.959372;10.024654;0
-0.042305;0.053614;0.952867;10.024654;0
-0.041818;0.061022;0.952867;10.024654;0
-0.041446;0.086168;0.952867;10.024654;0
-0.041123;0.136903;0.945888;10.024654;0
-0.040910;0.169559;0.945888;10.024654;0
-0.040677;0.180208;0.945888;10.024654;0
-0.040472;0.183904;0.938431;10.024654;0
-0.040332;0.186580;0.938431;10.024654;0
-0.040268;0.197064;0.938431;10.024654;0
-0.040236;0.202480;0.930512;10.024654;0
-0.040155;0.191714;0.930512;10.024654;0
-0.040113;0.178719;0.930512;10.024654;0
-0.040170;0.173101;0.922162;10.024654;0
-0.040234;0.172471;0.922162;10.024654;0
-0.040208;0.161117;0.922162;10.024654;0
-0.040212;0.147780;0.913438;10.024654;0
-0.040301;0.142678;0.913438;10.024654;0
-0.040561;0.153018;0.954158;10.024654;0
-0.040720;0.154122;0.954158;10.024654;0
-0.040886;0.148175;0.948476;10.024654;0
-0.041117;0.143913;0.948476;10.024654;0
-0.041431;0.146590;0.948476;10.024654;0
-0.041795;0.154546;0.948476;10.024654;0
-0.042129;0.148416;0.948476;10.024654;0
-0.042416;0.135657;0.885928;10.024654;0
-0.042795;0.127763;0.885928;10.024654;0
-0.043284;0.128577;0.876744;10.024654;0
-0.043939;0.126473;0.876744;10.024654;0
-0.044454;0.112043;0.876744;10.024654;0
-0.045046;0.102650;0.867827;10.024654;0
-0.045768;0.099860;0.867827;10.024654;0
-0.046623;0.107343;0.859369;10.024654;0
-0.047864;0.117702;0.859369;10.024654;0
-0.048796;0.105809;0.851575;10.024654;0
-0.049851;0.090797;0.851575;10.024654;0
-0.051075;0.082500;0.844652;10.024654;0
-0.052405;0.080362;0.844652;10.024654;0
-0.054245;0.067421;0.838798;10.024654;0
-0.055855;0.059188;0.838798;10.024654;0
-0.057722;0.060820;0.834197;10.024654;0
-0.059874;0.070232;0.834197;10.024654;0
-0.062317;0.085886;0.830997;10.024654;0
-0.065095;0.096724;0.830997;10.024654;0
-0.069636;0.083962;0.829305;10.024654;0
-0.074191;0.072996;0.829305;10.024654;0
0.544549;0.055184;0.829168;10.024654;0
0.556228;0.053041;0.829168;10.024654;0
0.572361;0.044865;0.830567;10.024654;0
0.585259;0.028869;0.830567;10.024654;0
0.598348;0.021117;0.833414;10.024654;0
0.611742;0.027611;0.833414;10.024654;0
0.624518;0.046504;0.837576;10.024654;0
0.640409;0.074130;0.837576;10.024654;0
0.651238;0.082539;0.842878;10.024654;0
0.660528;0.087852;0.842878;10.024654;0
0.668761;0.096513;0.849114;10.024654;0
0.675327;0.109998;0.849114;10.024654;0
0.679964;0.126541;0.849114;10.024654;0
0.682617;0.135925;0.856056;10.024654;0
0.682051;0.129914;0.856056;10.024654;0
0.679417;0.124378;0.863464;10.024654;0
0.674460;0.123994;0.863464;10.024654;0
0.664485;0.130194;0.871093;10.024654;0
0.654305;0.126863;0.871093;10.024654;0
0.641795;0.124559;0.878701;10.024654;0
0.627703;0.128658;0.878701;10.024654;0
0.611314;0.138934;0.886055;10.024654;0
0.585827;0.156710;0.886055;10.024654;0
0.564867;0.158423;0.892937;10.024654;0
0.541966;0.159040;0.892937;10.024654;0
0.517612;0.165295;0.892937;10.024654;0
0.492790;0.176042;0.899145;10.024654;0
0.457231;0.176422;0.899145;10.024654;0
0.429376;0.170944;0.899145;10.024654;0
0.400947;0.170173;0.904501;10.024654;0
0.373040;0.176154;0.904501;10.024654;0
0.342763;0.176096;0.908849;10.024654;0
0.304914;0.164918;0.908849;10.024654;0
0.276488;0.159938;0.908849;10.024654;0
0.249295;0.160722;0.912057;10.024654;0
0.221401;0.163417;0.912057;10.024654;0
0.186504;0.150400;0.914019;10.024654;0
0.159696;0.141253;0.914019;10.024654;0
0.133521;0.140926;0.914019;10.024654;0
0.108350;0.150389;0.914657;10.024654;0
0.083816;0.158842;0.914657;10.024654;0
0.051916;0.149682;0.913918;10.024654;0
0.029659;0.144921;0.913918;10.024654;0
0.007566;0.146020;0.913918;10.024654;0
-0.014383;0.151959;0.911777;10.024654;0
-0.035676;0.151669;0.911777;10.024654;0
-0.058337;0.137517;0.908235;10.024654;0
-0.082469;0.123568;0.908235;10.024654;0
-0.102063;0.121567;0.903322;10.024654;0
-0.121435;0.127909;0.903322;10.024654;0
-0.140063;0.120995;0.903322;10.024654;0
-0.163786;0.109192;0.897094;10.024654;0
-0.182330;0.108185;0.897094;10.024654;0
-0.201391;0.113004;0.889636;10.024654;0
-0.220693;0.120090;0.889636;10.024654;0
-0.240204;0.117687;0.881061;10.024654;0
-0.260272;0.106448;0.881061;10.024654;0
-0.288193;0.098981;0.881061;10.024654;0
-0.310571;0.105165;0.871511;10.024654;0
-0.334644;0.113195;0.871511;10.024654;0
-0.361659;0.107961;0.861155;10.024654;0
-0.391939;0.101806;0.861155;10.024654;0
-0.441965;0.103164;0.850192;10.024654;0
0.474453;-0.016134;0.850192;10.024654;0
0.492447;-0.043173;0.850192;10.024654;0
0.513424;-0.066171;0.838841;10.024654;0
0.536559;-0.069735;0.838841;10.024654;0
0.570543;-0.052712;0.827310;10.024654;0
0.598106;-0.039408;0.827310;10.024654;0
0.626242;-0.017717;0.827310;10.024654;0
0.653653;0.012954;0.815799;10.024654;0
0.689293;0.064234;0.815799;10.024654;0
0.714827;0.096464;0.804494;10.024654;0
0.737812;0.112351;0.804494;10.024654;0
0.759355;0.121601;0.804494;10.024654;0
0.784969;0.134551;0.793568;10.024654;0
0.801376;0.148637;0.793568;10.024654;0
0.814762;0.163396;0.783182;10.024654;0
0.824739;0.168178;0.783182;10.024654;0
0.830773;0.163645;0.783182;10.024654;0
0.834061;0.158749;0.773478;10.024654;0
0.832687;0.163166;0.773478;10.024654;0
0.827926;0.169693;0.764587;10.024654;0
0.819597;0.164931;0.764587;10.024654;0
0.807621;0.158575;0.764587;10.024654;0
0.789882;0.156977;0.756619;10.024654;0
0.772979;0.165134;0.756619;10.024654;0
0.753321;0.176025;0.749669;10.024654;0
0.731377;0.174806;0.749669;10.024654;0
0.706510;0.173824;0.749669;10.024654;0
0.674666;0.183427;0.743810;10.024654;0
0.648024;0.192735;0.743810;10.024654;0
0.620918;0.189282;0.739098;10.024654;0
0.593962;0.184890;0.739098;10.024654;0
0.566388;0.187698;0.739098;10.024654;0
0.528901;0.201894;0.735564;10.024654;0
0.500831;0.210738;0.735564;10.024654;0
0.473611;0.205627;0.733223;10.024654;0
0.446665;0.198224;0.733223;10.024654;0
0.421081;0.195806;0.732066;10.024654;0
0.388760;0.181386;0.732066;10.024654;0
0.365816;0.162592;0.732062;10.024654;0
0.343117;0.150487;0.732062;10.024654;0
0.322512;0.150133;0.732062;10.024654;0
0.303421;0.160077;0.733161;10.024654;0
0.282300;0.172839;0.733161;10.024654;0
0.262824;0.164635;0.735294;10.024654;0
0.247635;0.153518;0.735294;10.024654;0
0.233601;0.145216;0.738372;10.024654;0
0.220611;0.143416;0.738372;10.024654;0
0.208385;0.143914;0.742290;10.024654;0
0.193835;0.123570;0.742290;10.024654;0
0.184131;0.110555;0.746928;10.024654;0
0.175260;0.109318;0.746928;10.024654;0
0.167232;0.118884;0.752149;10.024654;0
0.159871;0.127938;0.752149;10.024654;0
0.151413;0.112114;0.757806;10.024654;0
0.145847;0.099137;0.757806;10.024654;0
0.141191;0.086668;0.757806;10.024654;0
0.137774;0.051959;0.763741;10.024654;0
0.135621;0.016160;0.763741;10.024654;0
0.135089;-0.037337;0.769787;10.024654;0
0.136710;-0.057138;0.769787;10.024654;0
0.497078;0.013203;0.775768;10.024654;0
0.492263;0.038636;0.775768;10.024654;0
0.487292;0.056462;0.781513;10.024654;0
0.480309;0.070062;0.781513;10.024654;0
0.474304;0.086321;0.786872;10.024654;0
0.467729;0.108256;0.786872;10.024654;0
0.460807;0.133347;0.791724;10.024654;0
0.453089;0.155369;0.791724;10.024654;0
0.441504;0.155397;0.791724;10.024654;0
0.432150;0.148005;0.795970;10.024654;0
0.422498;0.142200;0.795970;10.024654;0
0.412452;0.142540;0.799541;10.024654;0
0.398151;0.151757;0.799541;10.024654;0
0.386871;0.150131;0.802392;10.024654;0
0.375396;0.135323;0.802392;10.024654;0
0.364166;0.121499;0.802392;10.024654;0
0.353031;0.116067;0.804500;10.024654;0
0.338447;0.122995;0.804500;10.024654;0
0.327359;0.120900;0.805870;10.024654;0
0.316736;0.113071;0.805870;10.024654;0
0.306246;0.110904;0.806527;10.024654;0
0.296246;0.117846;0.806527;10.024654;0
0.283333;0.128687;0.806527;10.024654;0
0.273980;0.125133;0.806521;10.024654;0
0.265071;0.123950;0.806521;10.024654;0
0.256736;0.130912;0.805923;10.024654;0
0.248967;0.132483;0.805923;10.024654;0
0.239081;0.124031;0.804825;10.024654;0
0.232225;0.120815;0.804825;10.024654;0
0.225690;0.124429;0.804825;10.024654;0
0.219789;0.135714;0.803337;10.024654;0
0.214078;0.135665;0.803337;10.024654;0
0.207324;0.127054;0.801586;10.024654;0
0.202693;0.127771;0.801586;10.024654;0
0.198421;0.140260;0.799716;10.024654;0
0.194467;0.160660;0.799716;10.024654;0
0.190866;0.168970;0.797877;10.024654;0
0.186409;0.156215;0.797877;10.024654;0
0.183567;0.149561;0.796230;10.024654;0
0.181059;0.151369;0.796230;10.024654;0
0.178832;0.156530;0.794933;10.024654;0
0.177045;0.149359;0.794933;10.024654;0
0.175272;0.126132;0.794143;10.024654;0
0.174427;0.114482;0.794143;10.024654;0
0.173945;0.114834;0.794004;10.024654;0
0.173798;0.126809;0.794004;10.024654;0
0.174065;0.128280;0.794643;10.024654;0
0.175097;0.119188;0.794643;10.024654;0
0.176485;0.114969;0.796159;10.024654;0
0.178366;0.118811;0.796159;10.024654;0
0.180870;0.128287;0.798622;10.024654;0
0.184012;0.135082;0.798622;10.024654;0
0.189912;0.119293;0.802059;10.024654;0
0.196276;0.101846;0.802059;10.024654;0
0.204467;0.088994;0.802059;10.024654;0
0.218584;0.081178;0.806454;10.024654;0
0.236660;0.071524;0.806454;10.024654;0
0.970991;0.070687;0.811739;10.024654;0
0.975459;0.047332;0.811739;10.024654;0
0.980547;0.026116;0.817799;10.024654;0
0.986453;0.015774;0.817799;10.024654;0
0.995578;0.018346;0.824478;10.024654;0
1.000000;0.019721;0.824478;10.024654;0
1.000000;0.025154;0.824478;10.024654;0
1.000000;0.037356;0.831589;10.024654;0
1.000000;0.064434;0.831589;10.024654;0
1.000000;0.084174;0.831589;10.024654;0
1.000000;0.095229;0.838927;10.024654;0
1.000000;0.097062;0.838927;10.024654;0
1.000000;0.098158;0.846276;10.024654;0
1.000000;0.105634;0.846276;10.024654;0
1.000000;0.112857;0.846276;10.024654;0
1.000000;0.110561;0.853418;10.024654;0
1.000000;0.105553;0.846276;10.024654;0
1.000000;0.104183;0.853418;10.024654;0
1.000000;0.110222;0.853418;10.024654;0
1.000000;0.119685;0.853418;10.024654;0
1.000000;0.126502;0.860138;10.024654;0
1.000000;0.122208;0.860138;10.024654;0
1.000000;0.113701;0.860138;10.024654;0
1.000000;0.111597;0.860138;10.024654;0
1.000000;0.116162;0.866230;10.024654;0
1.000000;0.123952;0.866230;10.024654;0
1.000000;0.124471;0.866230;10.024654;0
1.000000;0.125453;0.871505;10.024654;0
0.997015;0.133506;0.871505;10.024654;0
0.981139;0.142311;0.871505;10.024654;0
0.963675;0.140604;0.871505;10.024654;0
0.945336;0.136586;0.875787;10.024654;0
0.920512;0.138256;0.875787;10.024654;0
0.900617;0.146615;0.875787;10.024654;0
0.879953;0.156478;0.875787;10.024654;0
0.858848;0.157059;0.878921;10.024654;0
0.836888;0.154291;0.878921;10.024654;0
0.807964;0.155148;0.878921;10.024654;0
0.785372;0.159433;0.880776;10.024654;0
0.762845;0.152831;0.880776;10.024654;0
0.740410;0.142278;0.880776;10.024654;0
0.713511;0.133360;0.880776;10.024654;0
0.688949;0.133933;0.881241;10.024654;0
0.666958;0.140460;0.881241;10.024654;0
0.645524;0.144326;0.881241;10.024654;0
0.624741;0.138614;0.881241;10.024654;0
0.603699;0.133516;0.880229;10.024654;0
0.576761;0.136540;0.880229;10.024654;0
0.557480;0.141257;0.880229;10.024654;0
0.538309;0.137808;0.877676;10.024654;0
0.519727;0.130780;0.877676;10.024654;0
0.495784;0.128592;0.877676;10.024654;0
0.478541;0.132791;0.877676;10.024654;0
0.461485;0.141239;0.873544;10.024654;0
0.444623;0.140427;0.873544;10.024654;0
0.428689;0.129960;0.873544;10.024654;0
0.413725;0.122491;0.873544;10.024654;0
0.394620;0.124237;0.867819;10.024654;0
0.381448;0.127707;0.867819;10.024654;0
0.368592;0.120711;0.867819;10.024654;0
0.355920;0.111131;0.860512;10.024654;0
0.340788;0.107240;0.860512;10.024654;0
0.328804;0.114827;0.860512;10.024654;0
0.318427;0.127326;0.851658;10.024654;0
0.307896;0.130540;0.851658;10.024654;0
0.298068;0.123735;0.851658;10.024654;0
0.288566;0.119555;0.851658;10.024654;0
0.276713;0.122922;0.841318;10.024654;0
0.268172;0.125539;0.841318;10.024654;0
0.260132;0.114978;0.841318;10.024654;0
0.252623;0.103414;0.829579;10.024654;0
0.245595;0.096400;0.829579;10.024654;0
0.236878;0.099569;0.829579;10.024654;0
0.230916;0.105215;0.816553;10.024654;0
0.225446;0.100415;0.816553;10.024654;0
0.220381;0.093503;0.816553;10.024654;0
0.215950;0.091413;0.802380;10.024654;0
0.211343;0.097482;0.802380;10.024654;0
0.207195;0.109787;0.787226;10.024654;0
0.204594;0.110631;0.787226;10.024654;0
0.202957;0.109106;0.787226;10.024654;0
0.202468;0.109818;0.771286;10.024654;0
0.204419;0.116194;0.771286;10.024654;0
0.208607;0.116646;0.771286;10.024654;0
0.216218;0.103760;0.754785;10.024654;0
0.182467;0.078096;0.754785;10.024654;0
0.175800;0.070200;0.754785;10.024654;0
0.168337;0.071474;0.737967;10.024654;0
0.164051;0.076003;0.737967;10.024654;0
0.160827;0.071664;0.737967;10.024654;0
0.158563;0.067390;0.721078;10.024654;0
0.157175;0.069616;0.721078;10.024654;0
0.156211;0.087808;0.721078;10.024654;0
0.155854;0.099234;0.704354;10.024654;0
0.155709;0.096701;0.704354;10.024654;0
0.155576;0.090771;0.704354;10.024654;0
0.154963;0.086434;0.688019;10.024654;0
0.153816;0.089419;0.688019;10.024654;0
0.151834;0.096874;0.672288;10.024654;0
0.149022;0.102334;0.672288;10.024654;0
0.145317;0.095711;0.672288;10.024654;0
0.138630;0.083413;0.657361;10.024654;0
0.132298;0.078438;0.657361;10.024654;0
0.124758;0.080903;0.643428;10.024654;0
0.115853;0.086770;0.643428;10.024654;0
0.105906;0.080780;0.643428;10.024654;0
0.091746;0.047447;0.630660;10.024654;0
0.080391;0.020452;0.630660;10.024654;0
0.068282;0.007151;0.619213;10.024654;0
0.054936;0.014055;0.619213;10.024654;0
0.036880;0.035150;0.619213;10.024654;0
0.022455;0.050943;0.609224;10.024654;0
0.007797;0.070755;0.609224;10.024654;0
-0.007879;0.096442;0.600805;10.024654;0
-0.023712;0.124912;0.600805;10.024654;0
-0.045287;0.151021;0.594048;10.024654;0
-0.061589;0.149238;0.594048;10.024654;0
-0.077855;0.145215;0.589016;10.024654;0
-0.093835;0.144520;0.589016;10.024654;0
-0.109964;0.141662;0.585746;10.024654;0
-0.130329;0.119395;0.584248;10.024654;0
-0.145170;0.104560;0.584248;10.024654;0
-0.159525;0.097663;0.584502;10.024654;0
-0.174129;0.097559;0.584502;10.024654;0
-0.193406;0.106486;0.584502;10.024654;0
-0.207075;0.109510;0.586465;10.024654;0
-0.219988;0.099865;0.590066;10.024654;0
-0.232986;0.091523;0.590066;10.024654;0
-0.245419;0.091464;0.595216;10.024654;0
-0.261025;0.094929;0.595216;10.024654;0
-0.272723;0.086038;0.601803;10.024654;0
-0.284147;0.080315;0.609704;10.024654;0
-0.295154;0.083182;0.609704;10.024654;0
-0.306006;0.092484;0.618781;10.024654;0
-0.320537;0.095425;0.628884;10.024654;0
-0.331864;0.088916;0.628884;10.024654;0
-0.344403;0.085119;0.639861;10.024654;0
-0.358389;0.088087;0.639861;10.024654;0
-0.380643;0.092496;0.651550;10.024654;0
-0.403400;0.082616;0.651550;10.024654;0
0.693153;0.026063;0.663787;10.024654;0
0.714409;0.033825;0.663787;10.024654;0
0.736049;0.043353;0.676411;10.024654;0
0.756886;0.045044;0.676411;10.024654;0
0.783987;0.051111;0.689273;10.024654;0
0.802623;0.064563;0.689273;10.024654;0
0.819414;0.084327;0.689273;10.024654;0
0.834555;0.099551;0.702250;10.024654;0
0.847671;0.106978;0.702250;10.024654;0
0.861062;0.116054;0.715236;10.024654;0
0.868393;0.127324;0.715236;10.024654;0
0.872927;0.142630;0.715236;10.024654;0
0.874372;0.154483;0.728140;10.024654;0
0.872543;0.155611;0.728140;10.024654;0
0.866118;0.157814;0.740891;10.024654;0
0.857545;0.165196;0.740891;10.024654;0
0.846875;0.175510;0.740891;10.024654;0
0.833210;0.176725;0.753432;10.024654;0
0.817226;0.175109;0.753432;10.024654;0
0.793013;0.175599;0.765717;10.024654;0
0.773026;0.182355;0.765717;10.024654;0
0.751708;0.182981;0.765717;10.024654;0
0.728282;0.177482;0.777713;10.024654;0
0.695062;0.175734;0.777713;10.024654;0
0.669290;0.183872;0.777713;10.024654;0
0.643286;0.194967;0.789400;10.024654;0
0.616715;0.197009;0.789400;10.024654;0
0.589513;0.193334;0.800763;10.024654;0
0.554449;0.191640;0.800763;10.024654;0
0.527353;0.199709;0.800763;10.024654;0
0.501017;0.209254;0.811799;10.024654;0
0.475552;0.206937;0.811799;10.024654;0
0.450816;0.204971;0.822510;10.024654;0
0.419311;0.211475;0.822510;10.024654;0
0.395520;0.220772;0.822510;10.024654;0
0.373692;0.220598;0.832901;10.024654;0
0.352430;0.205648;0.832901;10.024654;0
0.332352;0.191788;0.832901;10.024654;0
0.307839;0.185423;0.842986;10.024654;0
0.289903;0.183145;0.842986;10.024654;0
0.273083;0.170787;0.852775;10.024654;0
0.257374;0.160774;0.852775;10.024654;0
0.242904;0.159095;0.862283;10.024654;0
0.225064;0.165380;0.862283;10.024654;0
0.212542;0.159306;0.862283;10.024654;0
0.200795;0.155954;0.871522;10.024654;0
0.189688;0.159494;0.871522;10.024654;0
0.178971;0.164698;0.880501;10.024654;0
0.165674;0.152808;0.880501;10.024654;0
0.156508;0.145425;0.880501;10.024654;0
0.147614;0.142811;0.889225;10.024654;0
0.139070;0.147067;0.889225;10.024654;0
0.130991;0.152930;0.897693;10.024654;0
0.120991;0.142534;0.897693;10.024654;0
0.113854;0.129270;0.897693;10.024654;0
0.106854;0.122888;0.905898;10.024654;0
0.100065;0.125461;0.905898;10.024654;0
0.093804;0.123681;0.913821;10.024654;0
0.085825;0.110511;0.913821;10.024654;0
0.080047;0.105438;0.913821;10.024654;0
0.074534;0.111745;0.921436;10.024654;0
0.069038;0.121936;0.921436;10.024654;0
0.064036;0.119302;0.928704;10.024654;0
0.057851;0.106490;0.928704;10.024654;0
0.053545;0.100125;0.928704;10.024654;0
0.049663;0.099409;0.935575;10.024654;0
0.040870;0.099757;0.935575;10.024654;0
0.034070;0.082210;0.941990;10.024654;0
0.027707;0.059815;0.941990;10.024654;0
0.019644;0.043685;0.941990;10.024654;0
0.013830;0.050033;0.947877;10.024654;0
0.008345;0.063393;0.947877;10.024654;0
0.003308;0.069067;0.953162;10.024654;0
-0.001253;0.070396;0.953162;10.024654;0
-0.007091;0.077017;0.953162;10.024654;0
-0.011057;0.089199;0.957767;10.024654;0
-0.014850;0.099822;0.957767;10.024654;0
-0.018452;0.095584;0.961618;10.024654;0
-0.022883;0.091757;0.961618;10.024654;0
-0.025950;0.095788;0.961618;10.024654;0
-0.028915;0.106015;0.964643;10.024654;0
-0.031605;0.105462;0.964643;10.024654;0
-0.033952;0.096673;0.964643;10.024654;0
-0.036189;0.092949;0.966781;10.024654;0
-0.038999;0.101024;0.966781;10.024654;0
-0.040956;0.116421;0.967978;10.024654;0
-0.042695;0.129747;0.967978;10.024654;0
-0.044229;0.123959;0.967978;10.024654;0
-0.045986;0.111345;0.968195;10.024654;0
-0.047196;0.107617;0.968195;10.024654;0
-0.048243;0.106298;0.968195;10.024654;0
-0.049118;0.094064;0.967403;10.024654;0
-0.049856;0.086152;0.967403;10.024654;0
-0.050709;0.095247;0.965591;10.024654;0
-0.051206;0.108913;0.965591;10.024654;0
-0.051449;0.120080;0.965591;10.024654;0
-0.051535;0.120292;0.962762;10.024654;0
-0.051559;0.120290;0.962762;10.024654;0
-0.051538;0.125878;0.962762;10.024654;0
-0.051466;0.135682;0.958939;10.024654;0
-0.051250;0.131673;0.958939;10.024654;0
-0.050969;0.122457;0.954158;10.024654;0
-0.050676;0.116142;0.954158;10.024654;0
-0.050278;0.121078;0.954158;10.024654;0
-0.049841;0.122172;0.948476;10.024654;0
-0.049298;0.109004;0.948476;10.024654;0
-0.048744;0.100624;0.948476;10.024654;0
-0.048199;0.104775;0.941966;10.024654;0
-0.047584;0.113856;0.941966;10.024654;0
-0.046749;0.104168;0.934717;10.024654;0
-0.046095;0.099940;0.934717;10.024654;0
-0.045485;0.104880;0.934717;10.024654;0
-0.044863;0.111535;0.926836;10.024654;0
-0.043948;0.101151;0.926836;10.024654;0
-0.043276;0.095120;0.918442;10.024654;0
-0.042671;0.095035;0.918442;10.024654;0
-0.042108;0.101133;0.918442;10.024654;0
-0.041417;0.119294;0.909667;10.024654;0
-0.040834;0.120933;0.909667;10.024654;0
-0.040269;0.109303;0.900652;10.024654;0
-0.039733;0.097786;0.900652;10.024654;0
-0.039111;0.095102;0.900652;10.024654;0
-0.038707;0.102634;0.891546;10.024654;0
-0.038274;0.096709;0.891546;10.024654;0
-0.037879;0.083288;0.882497;10.024654;0
-0.037595;0.074024;0.882497;10.024654;0
-0.037443;0.071579;0.873651;10.024654;0
-0.037409;0.066534;0.873651;10.024654;0
-0.037557;0.048181;0.873651;10.024654;0
-0.037988;0.032547;0.865144;10.024654;0
-0.038824;0.026032;0.865144;10.024654;0
-0.040356;0.028485;0.857099;10.024654;0
-0.043980;0.018323;0.857099;10.024654;0
-0.564630;0.007500;0.857099;10.024654;0
-0.570884;-0.040673;0.849613;10.024654;0
-0.577792;-0.081925;0.849613;10.024654;0
-0.585325;-0.099070;0.842758;10.024654;0
-0.595447;-0.088874;0.842758;10.024654;0
-0.603632;-0.071563;0.842758;10.024654;0
-0.611759;-0.039914;0.836575;10.024654;0
-0.619948;0.002936;0.836575;10.024654;0
-0.631035;0.062194;0.831076;10.024654;0
-0.638874;0.090800;0.831076;10.024654;0
-0.646308;0.100284;0.831076;10.024654;0
-0.652809;0.103777;0.826248;10.024654;0
-0.660944;0.110809;0.826248;10.024654;0
-0.666016;0.113018;0.826248;10.024654;0
-0.670010;0.104765;0.822053;10.024654;0
-0.672976;0.093340;0.822053;10.024654;0
-0.675013;0.087052;0.822053;10.024654;0
-0.676103;0.087243;0.818430;10.024654;0
-0.675556;0.087446;0.818430;10.024654;0
-0.673715;0.085103;0.818430;10.024654;0
-0.670722;0.087146;0.815302;10.024654;0
-0.666556;0.095676;0.815302;10.024654;0
-0.661002;0.106471;0.812579;10.024654;0
-0.651573;0.102280;0.812579;10.024654;0
-0.643293;0.098559;0.812579;10.024654;0
-0.634064;0.101655;0.810160;10.024654;0
-0.623704;0.113035;0.810160;10.024654;0
-0.612304;0.126541;0.810160;10.024654;0
-0.595696;0.125682;0.807938;10.024654;0
-0.582472;0.121498;0.807938;10.024654;0
-0.568721;0.119921;0.807938;10.024654;0
-0.554263;0.123661;0.805802;10.024654;0
-0.539332;0.128183;0.805802;10.024654;0
-0.519366;0.119560;0.805802;10.024654;0
-0.503855;0.114054;0.803644;10.024654;0
-0.488591;0.115454;0.803644;10.024654;0
-0.473041;0.124445;0.803644;10.024654;0
-0.458008;0.136463;0.801357;10.024654;0
-0.437671;0.139235;0.801357;10.024654;0
-0.422425;0.131278;0.801357;10.024654;0
-0.407231;0.125106;0.798843;10.024654;0
-0.392652;0.124876;0.798843;10.024654;0
-0.378138;0.129978;0.798843;10.024654;0
-0.359770;0.127640;0.796008;10.024654;0
-0.346352;0.128134;0.796008;10.024654;0
-0.333122;0.133371;0.796008;10.024654;0
-0.320707;0.139752;0.792772;10.024654;0
-0.307986;0.134751;0.792772;10.024654;0
-0.292508;0.126627;0.792772;10.024654;0
-0.281170;0.124319;0.789062;10.024654;0
-0.270490;0.128220;0.789062;10.024654;0
-0.260363;0.134406;0.789062;10.024654;0
-0.247747;0.130226;0.784823;10.024654;0
-0.237814;0.121605;0.784823;10.024654;0
-0.228858;0.118790;0.784823;10.024654;0
-0.220311;0.122524;0.780008;10.024654;0
-0.212108;0.128059;0.780008;10.024654;0
-0.202081;0.119952;0.780008;10.024654;0
-0.194229;0.115411;0.774588;10.024654;0
-0.187383;0.119941;0.774588;10.024654;0
-0.180798;0.128932;0.768549;10.024654;0
-0.172373;0.129191;0.768549;10.024654;0
-0.166066;0.125194;0.768549;10.024654;0
-0.160327;0.124171;0.761891;10.024654;0
-0.154917;0.128176;0.761891;10.024654;0
-0.149737;0.137752;0.761891;10.024654;0
-0.144877;0.140563;0.754634;10.024654;0
-0.139234;0.132359;0.754634;10.024654;0
-0.135783;0.127690;0.754634;10.024654;0
-0.133146;0.123141;0.746813;10.024654;0
-0.131581;0.110193;0.746813;10.024654;0
-0.131851;0.100769;0.738487;10.024654;0
-0.371886;0.078462;0.738487;10.024654;0
-0.367024;0.085291;0.738487;10.024654;0
-0.362536;0.088598;0.729730;10.024654;0
-0.358490;0.081804;0.729730;10.024654;0
-0.354749;0.077124;0.729730;10.024654;0
-0.350157;0.083634;0.720634;10.024654;0
-0.346884;0.102521;0.720634;10.024654;0
-0.343463;0.123871;0.711300;10.024654;0
-0.339636;0.132356;0.711300;10.024654;0
-0.335409;0.138638;0.711300;10.024654;0
-0.329225;0.153223;0.701835;10.024654;0
-0.323657;0.163429;0.701835;10.024654;0
-0.317190;0.161397;0.692359;10.024654;0
-0.310077;0.154282;0.692359;10.024654;0
-0.302240;0.152250;0.692359;10.024654;0
-0.290526;0.158609;0.682996;10.024654;0
-0.280632;0.170455;0.682996;10.024654;0
-0.270206;0.179835;0.673883;10.024654;0
-0.258556;0.172684;0.673883;10.024654;0
-0.246505;0.161655;0.665158;10.024654;0
-0.230093;0.156561;0.665158;10.024654;0
-0.217011;0.163349;0.656970;10.024654;0
-0.203275;0.161693;0.656970;10.024654;0
-0.189570;0.151181;0.649469;10.024654;0
-0.175564;0.144678;0.649469;10.024654;0
-0.156926;0.147331;0.642807;10.024654;0
-0.143258;0.158922;0.642807;10.024654;0
-0.129656;0.167522;0.637133;10.024654;0
-0.116490;0.157705;0.637133;10.024654;0
-0.099079;0.138728;0.632590;10.024654;0
-0.086081;0.133174;0.632590;10.024654;0
-0.073911;0.137474;0.629307;10.024654;0
-0.062085;0.145537;0.627399;10.024654;0
-0.050382;0.143737;0.627399;10.024654;0
-0.035845;0.133107;0.626958;10.024654;0
-0.025148;0.130661;0.626958;10.024654;0
-0.014851;0.133201;0.628045;10.024654;0
-0.005081;0.125363;0.630691;10.024654;0
0.004194;0.110764;0.630691;10.024654;0
0.016228;0.100194;0.634891;10.024654;0
0.024900;0.101672;0.640598;10.024654;0
0.033564;0.109493;0.640598;10.024654;0
0.042156;0.108923;0.647728;10.024654;0
0.053505;0.091894;0.656157;10.024654;0
0.062382;0.083472;0.656157;10.024654;0
0.071485;0.083863;0.665720;10.024654;0
0.080826;0.088843;0.665720;10.024654;0
0.090850;0.085626;0.676221;10.024654;0
0.101938;0.078982;0.687426;10.024654;0
0.118520;0.079063;0.687426;10.024654;0
-0.804430;0.046424;0.699076;10.024654;0
-0.817127;0.044175;0.699076;10.024654;0
-0.830698;0.033068;0.710886;10.024654;0
-0.845375;0.022182;0.710886;10.024654;0
-0.867091;0.024465;0.722568;10.024654;0
-0.883959;0.039520;0.722568;10.024654;0
-0.901342;0.063040;0.733852;10.024654;0
-0.918268;0.080718;0.733852;10.024654;0
-0.934252;0.091217;0.744488;10.024654;0
-0.954526;0.105972;0.744488;10.024654;0
-0.968697;0.117905;0.744488;10.024654;0
-0.981204;0.123633;0.754251;10.024654;0
-0.991683;0.117163;0.754251;10.024654;0
-1.000000;0.110216;0.762938;10.024654;0
-1.000000;0.108859;0.762938;10.024654;0
-1.000000;0.118111;0.762938;10.024654;0
-1.000000;0.124596;0.770373;10.024654;0
-1.000000;0.123842;0.770373;10.024654;0
-1.000000;0.124451;0.770373;10.024654;0
-0.997270;0.131885;0.776406;10.024654;0
-0.986936;0.141834;0.776406;10.024654;0
-0.973837;0.145042;0.776406;10.024654;0
-0.958237;0.141910;0.776406;10.024654;0
-0.940484;0.139298;0.780913;10.024654;0
-0.913615;0.142951;0.780913;10.024654;0
-0.891310;0.152919;0.780913;10.024654;0
-0.867046;0.162531;0.783795;10.024654;0
-0.841392;0.161990;0.783795;10.024654;0
-0.804761;0.159886;0.783795;10.024654;0
-0.775174;0.162065;0.784978;10.024654;0
-0.744534;0.166564;0.784978;10.024654;0
-0.714056;0.163683;0.784978;10.024654;0
-0.681937;0.155084;0.784413;10.024654;0
-0.639940;0.148335;0.784413;10.024654;0
-0.608093;0.150906;0.784413;10.024654;0
-0.575668;0.161052;0.782077;10.024654;0
-0.543818;0.170934;0.782077;10.024654;0
-0.511584;0.166849;0.782077;10.024654;0
-0.470019;0.157781;0.777971;10.024654;0
-0.439245;0.155499;0.777971;10.024654;0
-0.409222;0.156859;0.777971;10.024654;0
-0.381050;0.150231;0.772121;10.024654;0
-0.352853;0.140171;0.772121;10.024654;0
-0.318358;0.123493;0.772121;10.024654;0
-0.292428;0.107933;0.772121;10.024654;0
-0.269218;0.082889;0.764576;10.024654;0
-0.247032;0.059247;0.764576;10.024654;0
-0.226154;0.049300;0.755412;10.024654;0
