479.131889;455.123281;440.418202;448.257731
469.387632;455.117917;448.318794;449.647387
455.946978;454.124539;462.875455;451.193476
449.771271;453.750345;468.952751;451.754090
450.535254;454.125436;468.263707;451.997333
451.720489;454.630722;467.187215;452.357717
468.514124;457.889969;445.891419;452.526189
454.882547;456.572695;460.350552;453.576998
453.747403;456.837101;461.605193;454.014367
454.392636;457.369610;460.708492;454.406664
454.166320;457.667963;460.951109;454.767988
461.253901;459.386240;449.081764;455.106218
455.262099;459.298501;454.898328;455.882123
450.358521;459.129725;460.067704;456.313054
448.879081;459.167444;461.987679;456.531298
472.392294;461.186283;433.486538;456.367807
457.343671;460.614515;449.512940;456.614780
449.430494;460.508019;457.623400;457.453099
447.172807;460.262636;460.761503;457.474666
448.737686;460.414514;459.762410;457.449481
465.724427;461.858152;438.158793;457.207393
450.663926;461.032427;454.355623;457.686296
446.664686;460.775109;459.553268;457.757178
448.441734;460.860376;458.424596;457.722358
449.804863;461.028593;457.830650;457.701093
450.370727;461.109654;458.034603;457.704936
467.361502;461.709743;438.474321;457.423320
453.822822;461.165093;453.444842;457.654585
448.909108;461.063239;459.153000;457.705108
447.812694;461.068587;460.942450;457.768155
463.475824;461.434961;443.379033;457.624560
450.619634;461.196875;457.348376;457.756263
447.836075;461.174661;460.723294;457.864587
448.387443;461.386056;460.810053;457.965127
451.728839;461.605423;457.915092;458.102305
466.302389;461.397992;441.186055;457.998112
453.040424;461.744303;455.265093;458.198389
451.335638;461.752019;457.486642;458.338433
450.383252;461.705766;458.889413;458.818558
451.109881;461.561316;458.629848;459.177228
454.268494;460.799816;454.856059;459.284505
451.120016;460.469753;458.985693;459.093782
449.387748;460.043264;461.947750;458.857462
449.076999;459.528074;464.046079;458.372483
452.761786;458.769542;462.568769;457.738708
459.755614;457.955746;456.140396;455.939138
458.936683;456.423362;459.668806;455.177710
458.906685;454.542285;463.044110;454.182828
460.313725;453.896467;465.218268;451.747497
461.892169;452.824437;467.546625;449.414829
461.942934;452.231380;468.445662;447.636610
463.537703;450.863642;470.068422;446.062323
463.610345;449.210216;473.525101;444.843515
466.019584;447.797463;474.228365;443.731975
476.271649;450.825070;459.934282;442.930731
467.042700;446.410301;473.657708;443.431269
466.134936;444.836916;477.055715;443.273137
466.538174;443.498979;479.412775;442.764118
468.553663;442.806289;479.714637;442.074549
470.230708;445.363655;473.752461;442.799756
469.922814;444.744835;475.155600;442.924231
469.990387;444.649157;475.980780;442.851629
471.250430;445.272746;474.550454;442.874541
474.883369;449.686561;462.939385;443.629405
466.227821;447.690618;472.746552;445.404671
464.568184;448.259692;473.582262;446.349736
462.517297;447.649436;476.410307;447.095226
463.006657;447.459102;476.974396;447.143463
463.395666;451.645224;468.832134;449.127505
463.710007;452.088354;468.066878;449.736067
462.288915;452.307292;469.167599;450.493729
462.774757;452.987350;468.119337;450.882667
462.962936;453.451655;467.571972;451.296330
462.105910;456.616948;461.096862;453.256934
459.108287;455.923482;464.555739;453.977415
457.631444;455.978458;465.904218;454.423338
456.404951;455.516641;468.363457;454.646524
460.713767;459.907985;455.600797;455.543613
455.101010;458.783980;461.976384;456.868927
453.412084;458.940846;463.419134;457.346032
453.266593;458.339244;465.184201;457.173116
456.149919;459.005344;462.258394;456.894297
458.322366;462.732750;451.537014;458.112042
452.345405;461.178409;459.032256;459.156790
451.771105;460.433697;461.116827;458.842650
452.142218;460.280395;461.832309;458.490156
466.430079;465.028901;439.424105;457.985770
451.488776;461.855726;457.839760;459.503767
451.656750;461.251011;459.063114;459.079313
451.612141;461.018993;460.129353;458.860399
452.885346;461.049078;459.659441;458.563762
470.386124;465.341140;433.549517;457.654658
453.609768;462.730102;452.375927;459.329293
449.614627;461.729770;457.906554;459.817886
446.622248;460.948099;462.539685;459.535118
447.240470;460.474886;463.922540;458.950280
451.958687;460.816828;459.803447;458.369887
459.206428;462.740109;447.300401;458.227182
452.382814;461.528033;456.368006;458.643344
450.901806;461.039145;458.997060;458.565175
450.047875;460.657562;461.154628;458.341709
461.386773;462.372839;446.011756;457.907393
452.608704;461.243998;456.270618;458.283091
450.910233;460.713335;459.261050;458.101372
450.274127;460.480338;460.907708;457.947970
453.106535;460.645626;458.453302;457.711169
473.988168;462.648237;432.418385;456.741865
459.194117;461.406062;448.526528;457.433807
451.159288;460.812695;457.675528;458.089887
449.670514;460.645255;459.683486;458.002334
449.566398;460.749803;460.227001;457.915541
470.493121;462.219964;436.122878;457.289403
452.883100;461.314522;454.796646;457.952569
449.775304;461.178118;458.332476;458.102099
448.548244;461.077235;459.951797;458.209065
448.430640;460.969620;461.073975;458.024353
450.911692;461.183103;458.928874;457.978871
451.803252;461.260378;458.461151;458.023852
453.574797;461.303657;454.293166;458.007054
452.077560;461.458693;455.677048;458.198512
448.183610;461.301985;460.273645;458.169320
450.997011;461.436528;457.536566;458.232166
453.760881;461.547071;452.603379;458.281480
448.691027;461.464390;458.185361;458.303722
448.613573;461.622472;458.331773;458.465103
449.841188;461.821436;457.237049;458.555231
450.110744;462.033486;457.099236;458.727206
450.167209;462.220273;456.957345;459.020198
451.624171;461.568630;454.042377;458.697925
450.195316;461.641021;455.598137;458.854694
449.049889;461.658130;457.057891;459.003258
468.795219;461.015779;436.655479;458.899161
456.748452;461.090508;449.497449;458.569463
448.182197;461.357905;458.689384;458.641921
447.891914;461.316014;460.101836;458.356586
449.416280;461.254756;459.672637;458.248901
465.373180;460.547103;443.794041;457.597776
456.771050;460.309292;453.523025;457.269191
456.479301;460.036835;454.989062;457.001516
450.680688;460.026153;461.955378;456.512207
452.948487;459.831060;460.772033;456.168101
457.086299;459.064924;456.627541;455.316338
452.719960;458.868849;461.813613;455.204013
450.165967;458.705145;465.121231;455.312704
452.032309;458.615393;464.157527;455.375231
453.461615;458.641388;463.604614;455.473433
464.258779;457.773580;451.045150;454.578995
456.852361;457.851890;459.021626;454.810433
453.914596;458.063334;462.321395;455.015597
452.335171;458.321626;464.393402;455.279699
455.410973;458.498662;461.634677;455.414942
469.979066;457.803660;443.843934;454.386431
453.034837;458.307954;461.728554;455.009598
452.819713;458.557921;462.180083;455.251840
453.439678;458.877604;461.893525;455.527666
453.936533;459.189931;461.769438;455.818279
458.417818;458.696353;455.135903;455.172655
452.360137;459.092755;461.591740;455.621152
463.412313;458.472644;448.060689;454.768463
450.019623;459.113281;462.374807;455.578077
455.692139;459.059169;455.751270;455.491057
446.408060;459.219118;465.121947;455.820154
444.287327;459.664563;468.030486;456.278096
446.607690;460.146245;466.863618;456.744450
451.833050;460.535128;462.823776;457.188306
480.997176;459.736512;430.488655;456.043879
459.506735;459.811553;453.524532;456.396722
457.144120;460.165788;456.616421;456.694519
454.470821;460.238461;459.606545;456.731497
451.938911;460.528204;462.958713;456.989105
453.942784;460.642039;461.449088;457.010109
457.376433;459.366280;454.807397;455.557730
452.828281;459.775963;460.257523;455.956098
448.733855;460.025894;464.955372;456.162791
451.170517;460.074971;462.954290;456.194537
465.546251;458.854656;444.761329;454.687836
449.995413;459.392896;461.859157;455.442731
448.459310;459.601358;464.099292;455.713580
448.198234;459.921445;465.319904;455.998456
467.292348;459.008652;443.402461;454.740761
454.191240;459.401476;457.898229;455.326036
452.305015;459.557549;460.307666;455.481093
449.779660;459.795839;463.669204;455.792319
451.772084;459.964748;462.369118;455.907230
468.506352;458.864144;441.529742;454.387722
451.619681;459.163309;460.033338;455.095704
451.791022;459.297484;460.343668;455.194899
449.671491;459.525042;463.276962;455.443218
449.778683;459.695049;463.618491;455.634432
450.288419;458.998609;461.132204;454.786381
451.159073;459.152999;460.847225;454.952069
449.565840;459.208626;463.049922;455.125559
450.382523;459.403977;463.243807;455.289044
454.487800;459.467023;459.714276;455.227831
458.758313;458.743970;453.260296;454.384439
451.091398;458.798199;461.770871;454.725450
450.469015;458.713052;462.823181;454.664289
450.399263;458.699272;463.795594;454.766870
459.610805;458.404955;452.229666;453.909989
447.868285;458.078076;465.062808;454.280603
450.527850;458.085032;463.422057;454.172013
451.379226;458.064303;463.595383;454.121514
454.429425;458.085764;461.560336;454.050413
481.496596;458.391939;430.536736;452.487549
457.646779;457.372605;456.721936;453.252542
454.169131;456.916784;461.237138;453.462847
457.058863;456.671657;458.992628;453.317705
458.565096;456.122354;458.281953;453.263916
456.104548;460.631989;460.818893;448.556232
461.971176;461.772957;451.777608;448.601695
447.753510;463.117538;463.392656;450.977144
446.319333;463.724821;461.975547;454.287338
444.145729;464.711755;460.916692;458.043049
444.804298;465.552949;456.690159;462.241224
447.970012;464.950843;450.159391;465.218551
443.901227;467.106464;450.578720;467.495568
438.309253;470.223895;451.923480;469.474575
439.361731;472.411869;447.748913;471.213340
439.185871;474.787584;444.958781;472.616951
463.604857;468.722612;422.223297;474.115426
441.517307;475.328440;440.481167;473.014668
436.558496;477.539326;443.406430;473.351086
432.919088;479.484086;445.309847;473.836027
432.337476;480.485192;445.429790;474.491095
437.699607;476.974635;442.983717;473.495628
436.082824;478.031510;444.562766;473.310776
435.070730;478.748745;445.559842;473.633560
434.426729;479.410103;446.688566;473.666213
434.908020;479.708001;447.510096;473.721702
444.434947;473.347592;444.218340;471.197949
441.567841;474.561512;448.175433;470.108905
439.629510;475.245508;450.998155;469.723538
442.358767;474.437229;450.244949;469.580008
464.841309;462.975346;435.543753;467.231003
444.794825;468.864770;455.417631;464.421691
447.810671;467.725072;455.161271;463.515911
448.103050;467.632904;456.814891;462.882490
466.136916;458.988149;445.963952;460.154953
455.562500;461.268341;457.883216;458.185876
453.430164;461.954157;461.239644;457.226810
452.635069;461.950220;463.455909;456.708749
451.852201;462.285016;465.186007;456.645160
459.240479;456.227206;463.060499;452.761536
457.213687;456.762771;466.288453;452.083860
452.449451;458.391384;470.315701;452.509325
457.077721;457.505388;466.649680;452.814848
455.197240;458.126670;468.455925;453.329137
467.050889;452.433108;459.047072;450.226155
459.458002;454.452764;466.511086;450.418327
458.858064;454.810097;467.133011;450.599682
458.067753;455.201839;467.992049;450.802778
484.404027;449.151123;442.732614;448.597745
462.629419;452.444579;464.420623;448.702505
458.387779;453.181814;468.322931;448.889082
455.617148;453.716149;470.915628;449.342970
457.512314;453.765253;469.155192;449.854305
472.697042;451.013782;453.634516;447.859149
457.270782;451.686898;470.251044;448.408058
459.327228;451.929867;467.934403;448.633848
461.506180;451.508556;466.737584;448.428326
461.801605;450.952920;467.610725;448.319059
480.401475;450.786869;446.803702;445.931264
462.407047;449.616344;467.777449;446.390337
459.862376;449.268669;472.430488;445.682478
460.338193;448.852668;474.602303;444.576496
488.086528;452.607707;443.581050;440.608086
467.896074;449.448699;467.020111;442.624900
464.872634;447.865286;472.469806;443.196045
465.694321;446.435181;474.104580;443.400826
477.930398;448.349694;458.859341;442.329467
473.645658;445.886679;465.084725;445.317157
461.062304;452.986253;479.241519;435.159535
460.060834;454.581183;478.701012;434.512749
459.483607;456.161059;475.989632;437.154017
466.147517;457.749572;461.380320;443.302307
454.868480;458.207047;465.282766;451.532905
450.775812;459.880231;462.933120;457.551684
447.741274;462.550268;459.112619;462.924875
467.932612;461.846293;429.309785;470.692318
447.756928;467.213029;442.105847;472.816239
440.191997;471.854414;442.987704;475.108397
432.819246;476.843990;445.074163;475.865059
432.935902;480.032385;439.682882;477.969098
432.035348;482.910315;436.077886;479.594872
452.743268;477.015352;415.933835;480.819157
432.302559;483.623943;431.890540;480.425492
426.549251;486.145005;435.591919;480.813446
422.979007;488.166015;437.364147;481.659322
452.110665;478.595590;412.657043;483.916213
432.414940;482.905400;432.488276;481.249642
432.280271;482.503175;436.498240;479.215849
428.025065;483.739272;441.971739;478.194420
428.311628;484.099932;443.188419;477.808463
459.405075;471.948358;421.515038;477.937096
447.897961;473.447150;435.932615;474.253891
437.402210;476.963500;448.418119;471.558732
438.358565;476.440263;450.081059;470.721230
440.730850;475.493139;450.689550;470.077427
452.204656;466.528785;448.845745;465.670551
445.482963;468.821040;457.476414;463.321515
447.631672;468.034498;457.725171;462.592238
449.635332;466.939638;458.336452;461.793324
450.661487;466.592241;459.468171;461.304706
459.099979;458.838960;458.487613;456.589589
457.169502;459.679114;461.835484;455.245038
456.345052;459.850525;463.581873;454.911965
473.953095;450.579076;452.574769;451.447658
459.391307;454.491223;467.051481;449.956110
452.304892;456.657188;473.189251;449.861870
455.947995;456.110446;469.968767;450.251221
456.352703;456.858920;469.084164;451.076272
457.581156;457.763990;466.521700;452.655526
468.516354;452.063049;460.785338;449.597996
461.215304;454.047587;465.190733;449.749975
458.037056;455.419682;466.479740;450.492869
457.206809;456.260539;466.150127;451.288347
457.358592;456.943694;464.904522;452.060779
465.596433;453.174122;457.756691;450.216430
453.039393;456.403407;468.051289;450.874256
449.308611;458.434550;468.951519;452.424504
454.383321;458.498112;463.075324;453.471043
482.404457;453.009562;435.595091;453.165100
467.100181;454.895232;450.174216;452.482279
451.220242;458.701266;463.423276;453.612570
452.927800;458.992396;460.839601;454.152728
459.957403;455.820255;455.508841;452.437385
477.681577;452.843358;438.543410;452.665795
454.210328;456.814818;460.787302;452.155874
441.220330;460.617596;469.556072;453.067040
445.955668;462.438480;463.574981;454.561628
450.712517;465.238113;456.776326;455.619162
463.878267;460.771585;444.335293;459.674439
446.043941;463.459012;458.288316;461.207583
446.666205;464.390317;456.501017;462.461268
446.025523;465.729352;456.082821;463.568876
446.543219;467.035663;454.934534;464.242397
448.640851;467.944053;452.639179;464.466192
455.085565;464.417699;448.436623;461.726870
451.447037;465.469871;452.142150;461.118961
446.729660;466.242487;456.971663;460.704184
445.699481;466.598341;458.266816;460.648189
449.150140;465.887796;455.999885;460.784061
474.738846;458.995921;432.889207;459.484890
452.955302;461.652929;455.441820;457.989942
451.275798;461.985040;458.059622;457.635331
449.056431;462.472500;460.687778;457.687255
448.537459;462.573454;462.051907;457.706467
466.394970;458.158236;447.369738;456.664255
454.123219;459.749834;459.951722;455.878451
450.976077;460.533157;463.193842;455.938345
449.801633;461.096149;464.612624;456.235195
453.236565;460.917119;462.030932;456.523101
455.783248;458.731842;460.605414;454.956489
452.439009;459.726763;463.849462;455.132327
450.169249;460.540710;465.966716;455.645816
471.451333;456.443867;445.722218;454.701497
455.625068;458.386426;461.241388;454.400108
454.615003;458.853406;462.358782;454.571067
450.774061;459.864327;465.938451;454.995625
453.026577;460.222463;463.635076;455.596159
465.010572;457.281921;451.895415;454.329339
454.264303;459.037842;462.390775;454.596108
449.480353;460.236835;466.340145;455.270896
448.575710;461.222953;466.824482;456.104715
454.416745;461.156637;461.048909;456.594671
478.341290;456.563966;435.614046;455.088577
455.744446;459.475027;458.756604;455.308811
447.728314;460.995832;466.110852;455.822062
451.818812;460.878526;461.808057;456.140392
452.082801;461.390723;461.421188;456.609640
464.336444;457.981550;447.495412;455.027113
450.839871;459.850699;461.086374;455.322331
447.501497;460.729406;464.071276;455.761221
445.645993;461.773660;465.505230;456.374353
445.887849;462.712751;465.068478;457.211721
459.931824;459.754575;450.542985;456.143256
453.931786;461.059715;456.401366;456.368689
449.104622;462.171658;460.596190;456.850832
449.035632;462.909156;459.963338;457.428350
452.286254;462.711274;456.273226;458.314406
450.829413;462.919236;457.154344;459.350671
456.438332;459.682773;451.571378;458.373930
453.012460;459.906918;455.145145;458.603834
450.064209;460.048142;458.361787;458.623091
449.447456;459.717834;459.810836;458.592690
450.926917;459.014508;459.872442;458.394875
454.573275;456.554140;458.411559;456.348728
460.213050;454.888088;455.381922;455.608076
454.726255;460.685128;463.511338;447.670333
452.371970;462.448661;466.981245;445.251269
454.479893;461.426193;464.558450;447.400525
458.015548;460.340885;460.336354;448.310177
453.838013;459.894733;463.019023;450.977159
448.635396;460.026305;465.889830;454.089857
448.471084;460.576729;463.393550;457.268359
451.568512;461.255382;458.123224;459.784749
441.407793;463.196471;464.069380;461.166332
449.307251;462.108651;454.953781;461.711559
444.770205;464.893438;456.250220;462.922252
443.024495;467.179733;455.214919;464.029597
444.556966;468.797121;451.572570;465.211891
458.893373;465.482478;438.891698;465.488504
442.470294;470.672321;450.147377;466.024957
441.012933;471.740929;450.353278;466.683651
439.998687;473.057751;449.772745;467.685906
438.359010;474.570249;449.509287;468.804288
466.264496;466.786277;425.598834;470.751833
447.655498;470.679470;442.966227;469.039167
442.277486;472.133907;447.563736;468.654023
437.359078;473.568719;451.964104;468.277545
438.436340;473.899090;450.594501;468.906062
439.028483;474.426919;449.609737;469.524973
449.679890;469.377931;444.358821;468.300417
440.642274;472.522749;451.165745;467.733817
439.801610;473.345922;451.404675;468.090081
466.315841;464.089071;431.757771;468.963255
449.902122;467.652445;447.629438;466.328334
444.777868;469.617523;452.198048;465.396260
441.478231;470.915879;454.789004;465.297074
443.604230;470.599527;453.356605;465.631877
444.286111;470.866681;452.764681;465.992520
452.791732;465.321874;449.942589;463.863511
450.037794;466.259559;453.137676;462.939885
446.062091;467.701973;456.558768;462.696619
449.096055;466.853656;454.507567;462.865983
459.862301;460.186001;450.328634;460.457007
452.660461;462.475240;457.286149;459.148515
449.640267;463.148475;460.524770;458.544647
449.442692;463.505530;460.739273;458.589199
452.149368;463.118784;458.550647;459.016318
473.731991;455.235289;442.855498;458.530970
456.653993;459.044168;458.611672;456.616822
451.990778;460.972733;462.227280;456.414834
451.386943;461.673257;462.131070;456.913905
454.043667;461.238845;459.982607;457.270324
467.707633;455.046687;450.645508;455.907003
453.236576;459.123214;462.767951;455.044817
453.981167;459.146297;462.420552;455.067770
454.913275;459.566266;461.181707;455.588688
454.070556;460.323331;461.561390;456.067018
474.392167;453.662680;445.422785;455.281814
460.224406;456.705334;458.892776;454.010715
453.250633;459.074223;463.759967;454.523748
452.442994;459.687763;463.838014;455.062114
454.131720;459.863351;461.979879;455.648827
460.910780;456.338932;458.011579;454.076057
454.916829;458.027716;463.109265;454.009947
451.270010;459.443209;465.209365;454.742151
453.474979;459.685975;462.564853;455.470402
454.002109;460.210949;461.488822;456.177842
474.495981;455.002253;443.464765;455.532337
453.677205;459.109192;462.236255;455.128994
452.959482;459.530399;462.482539;455.442391
454.111538;459.967521;460.756952;456.109928
453.197688;460.744023;461.106777;456.642186
458.407867;457.974688;457.652616;455.161837
454.593472;459.198699;460.560643;455.407880
451.997185;459.837490;462.930542;455.532777
450.949079;460.732279;463.161178;456.287710
451.489479;461.448189;462.075399;457.045205
456.961191;459.098823;457.837317;455.986659
454.058453;460.010542;460.257051;456.248580
450.842455;460.936321;462.609396;456.942113
452.458478;460.861561;460.811020;457.685118
451.682869;460.997453;461.341913;458.485781
458.552301;458.586189;455.636379;457.634086
455.890658;458.791029;458.523894;457.525280
454.839438;458.596550;460.443249;457.183246
455.785391;458.121861;460.871834;456.564868
456.160228;457.371796;462.303926;455.793155
460.550167;454.991088;460.255107;452.907704
457.932349;454.254063;465.078237;451.701715
457.253152;452.954197;468.435584;450.582950
458.829006;456.701126;469.065172;444.796798
458.261805;457.478586;470.255367;443.867597
462.536380;456.320446;464.322824;444.774373
460.262315;456.149505;465.095227;447.089669
454.882910;456.480487;468.152835;449.973599
453.681812;456.928879;466.592484;453.176890
456.400053;457.204000;461.084783;456.218801
456.688344;456.962855;457.041347;457.779846
454.273100;458.626749;456.460264;459.366760
448.999589;461.080900;458.634312;460.620060
448.472598;462.961004;456.508875;461.721326
448.229172;464.728599;454.373388;462.752248
467.412226;462.973834;433.746451;463.442666
453.159101;464.880805;447.189489;462.615539
447.472278;466.959535;450.626813;463.408896
443.736100;468.051467;453.412262;463.767973
440.658442;469.021346;455.686038;464.155585
443.911885;468.697530;453.129309;464.418394
452.128391;465.732937;446.640468;463.259616
459.992499;462.972397;441.079189;462.105909
443.092539;464.583616;458.872948;460.909156
439.221766;465.109217;462.695232;460.395547
439.126423;465.387974;463.441072;460.403536
463.061682;461.645578;443.608909;460.488398
449.188241;462.821736;457.823653;459.402578
451.036961;462.586516;457.597119;459.115844
449.880831;462.799703;460.147882;458.867458
454.169409;462.026071;457.684343;458.633229
479.839834;457.154705;433.505682;456.553424
459.014135;457.822766;456.278518;455.526989
454.846244;458.118824;461.678597;455.090570
455.848062;457.306689;462.053906;454.279215
479.563323;453.719151;439.241628;451.793278
457.281919;454.506214;463.404684;451.308786
455.326138;454.074152;466.724602;450.912584
455.921163;453.550659;467.464851;450.424224
457.306489;453.411738;466.913205;450.264131
459.402938;452.914915;466.164757;449.859056
483.629884;451.819078;441.736253;447.405705
463.289348;451.130353;464.112789;447.978292
458.489296;450.535905;470.253527;448.172259
459.070228;449.913317;471.022231;447.875445
482.589310;451.560553;445.857855;445.389460
462.769929;449.372491;468.050480;446.779791
461.078662;448.938056;471.456531;446.349073
460.711863;449.017797;473.476973;445.335086
463.181536;449.600038;472.286445;444.184608
475.319165;452.265091;456.610435;443.021623
463.851816;451.391585;468.687182;444.131273
461.345813;451.544686;470.927032;444.745156
460.026471;452.003261;470.945371;446.398669
461.085784;453.040284;468.809180;446.968339
462.460481;455.274136;460.644730;449.231392
457.379069;456.373974;463.155642;451.176451
454.593608;458.085928;462.691596;453.058496
473.171990;460.194826;436.547804;456.421691
449.921359;463.599969;455.691897;458.268977
445.092203;465.838921;455.204065;461.638371
439.427277;468.504991;455.589113;464.832285
439.181124;470.791313;450.742906;468.283171
451.084560;470.256590;434.176045;472.128259
440.653040;472.971951;441.389278;472.921555
433.248999;476.977697;443.315381;475.054328
431.537572;479.234386;441.727001;476.681481
431.377802;481.156222;439.321516;478.017472
432.266310;482.478983;436.593122;479.031546
432.293142;480.869293;437.996797;477.637548
431.008198;482.145420;438.242950;478.051495
429.185247;483.060868;439.951019;478.126143
429.994328;483.407937;439.664388;478.312772
440.731697;477.106637;435.400574;476.116422
437.288832;478.242659;440.118123;474.927678
435.833430;478.105608;443.743841;473.833139
433.625329;478.974582;447.092085;473.305787
456.105731;468.703207;433.069542;471.781039
443.299018;471.534688;447.083584;469.049078
440.018695;472.365382;453.450761;466.899219
440.843521;472.146478;454.793778;466.284259
443.572330;471.370170;454.547233;465.971822
462.578359;461.121932;443.332905;463.239487
452.400247;463.425061;455.699356;460.466976
449.781227;464.060555;460.225004;459.252992
447.246692;465.182214;463.546341;459.076267
452.053855;463.873590;460.938455;458.994215
463.353564;457.188718;454.500005;456.066978
451.605301;460.924750;466.409098;455.199202
456.144466;459.553163;463.365620;455.144691
456.909151;459.363487;463.622383;455.013156
457.899651;458.850754;463.626874;454.821527
459.541899;454.683456;464.921472;451.121951
456.991116;456.025095;467.143967;451.332917
454.410016;457.112636;469.110289;451.787067
456.314262;457.143232;467.181006;452.240133
461.994861;453.347976;463.709693;450.059879
457.678067;455.414165;466.407057;450.791412
453.869191;457.009529;468.915131;451.730980
453.682620;458.225502;467.999128;452.967936
466.977126;453.507148;455.852342;451.134110
457.239591;456.700599;463.749414;452.399280
454.265123;458.084299;465.463199;453.307803
453.874677;459.101053;464.849450;454.336459
458.825367;456.232410;460.392515;452.577647
455.987569;457.547435;462.284617;453.202253
452.738806;458.713879;464.386440;453.869260
454.005886;459.222361;462.652503;454.528586
453.871046;459.872916;462.363770;455.159081
471.972277;455.243813;443.995819;453.526923
452.424478;458.440822;462.442386;453.916272
451.205776;459.221485;463.257346;454.441975
448.865899;460.112369;465.247892;455.073789
470.231596;456.686325;444.122603;454.250333
454.459700;458.475207;459.587010;454.239442
450.854983;459.319922;463.123925;454.678144
449.019855;460.184448;464.791570;455.363175
453.726904;460.039436;460.539537;455.663226
462.241563;457.469939;451.437842;454.195961
456.318264;458.131534;457.687225;454.206865
454.774571;458.561892;459.572116;454.370572
453.811938;458.789061;460.974794;454.512190
455.628663;458.877547;459.614714;454.630388
462.660732;457.117556;452.734483;453.249292
453.511228;458.015439;462.564915;453.104983
446.353500;458.762910;469.526297;453.302931
448.166466;458.939209;468.133286;453.657206
451.916192;459.046037;465.043655;454.133389
461.168433;457.651746;454.630106;453.654751
454.311556;458.074790;461.594702;453.890795
453.323052;458.373577;462.864511;454.244352
453.590199;458.628601;462.856053;454.579664
454.497938;458.786898;462.195885;454.897188
462.543736;457.675235;452.937977;453.905833
452.472504;458.455351;463.137737;454.318719
453.811181;458.535861;461.971711;454.405343
453.148434;458.839540;463.009348;454.629837
469.554826;457.752112;445.014728;453.543697
449.592888;458.459466;465.440332;454.295158
452.343077;458.487470;462.777009;454.300683
451.628194;458.754595;463.924972;454.567355
451.790230;458.968282;464.322319;454.902252
483.075788;457.635154;429.620462;453.566614
458.011449;458.142281;456.284810;454.002048
454.167579;458.379281;460.417838;454.254076
452.566788;458.463226;462.219069;454.395623
451.636971;458.823726;463.621391;454.685596
460.255823;458.056882;453.019972;453.769192
447.447249;458.583899;466.801576;454.456678
448.491183;458.797409;466.268424;454.672072
449.855796;459.035406;465.709082;455.028057
446.080740;459.200064;468.892885;455.126374
453.732207;458.392609;459.047084;454.228165
454.628176;458.656078;458.737185;454.504809
452.135653;458.871876;461.763270;454.770153
451.070165;459.262866;463.712461;455.136289
461.502484;458.487239;450.604761;453.995066
454.551017;458.831599;458.423352;454.475799
451.421312;458.946275;461.932701;454.667856
449.773603;459.113366;464.296277;454.989728
449.615113;459.382891;464.749109;455.154111
454.161699;458.636919;457.775310;454.271082
447.563907;458.864945;465.082001;454.921399
449.216595;459.074630;464.032967;454.948618
477.083958;458.772417;433.120252;453.807267
454.309817;458.807331;457.497761;454.482394
447.921366;459.141809;464.646497;454.931408
450.923077;459.129961;462.022672;454.962182
450.661784;459.357419;462.987452;455.118275
451.473646;458.857435;460.137060;454.654831
451.862194;458.953845;460.218524;454.850717
450.538027;459.090473;462.046040;454.937317
451.425257;459.162074;461.667465;455.019582
450.590044;459.253291;463.293482;455.239909
471.457662;458.777923;438.775757;454.016286
455.771338;458.791110;455.796253;454.370810
449.808941;458.708765;462.304846;454.694605
447.570418;458.723138;465.043776;454.783620
451.976970;458.800542;461.014577;454.634853
473.355043;458.614242;436.069962;453.588049
452.640618;458.401905;458.545374;454.125668
451.195945;458.359763;460.370602;454.031756
450.151118;458.438340;461.948255;454.005564
450.763573;458.679807;461.784952;453.852429
454.226985;458.833714;456.293259;453.466153
449.663060;458.885736;461.003726;453.723741
450.770517;459.297922;459.888262;453.859374
451.447859;459.856123;459.021760;454.068446
453.299369;460.503735;456.387851;454.356133
467.135200;460.689024;440.119398;455.118992
466.041233;461.918653;440.498054;455.162271
438.430374;458.868801;466.655269;460.115917
435.287939;457.778833;469.287134;461.213029
437.367515;458.125967;468.959875;460.999235
449.312082;459.566116;459.992693;460.120658
446.406804;459.359812;465.378055;457.541520
451.496476;459.281602;463.814977;456.113203
457.998421;459.034501;460.595775;454.418108
459.046039;458.102051;461.922995;453.017371
465.349544;457.338231;455.471790;450.655059
457.669080;454.701004;465.890832;450.736653
461.230301;453.593471;464.510653;449.457837
461.980064;452.312049;466.211230;448.551323
468.651586;452.485845;458.259675;447.180791
461.560562;450.470762;467.853789;447.191512
460.701332;449.754741;470.210765;447.029647
460.231091;448.810741;472.767193;446.629302
475.736955;452.636650;454.224205;445.818356
463.742824;448.936697;470.035350;446.008578
462.019255;448.032493;473.461259;446.017009
463.045250;448.070119;473.433433;445.973316
484.153034;454.036755;447.588689;444.143960
470.765268;452.008353;461.028625;446.513619
461.981781;449.442007;472.399365;447.266787
461.825291;449.660848;472.644678;447.626000
461.393683;449.101694;474.588313;447.596341
481.498073;455.931922;447.581578;446.497627
468.521385;453.868594;460.505185;448.795719
463.076578;453.169625;466.297293;449.893965
460.094605;453.200407;468.861573;450.852349
459.998926;453.594932;468.798824;451.202229
477.014677;459.997000;444.140673;450.611131
460.471848;457.055454;461.886774;453.139193
455.883987;456.197093;466.816772;454.094833
455.784078;456.375761;466.969178;454.424485
456.811731;456.760462;466.066626;454.575442
459.645862;457.771113;462.480873;454.660108
471.393064;462.200515;442.962283;454.827086
457.322817;459.840199;458.484176;456.637516
454.200985;459.443157;462.057484;457.075481
452.998193;459.306131;463.709976;457.227974
452.110848;458.834528;466.016469;457.186300
452.266175;460.399529;461.701761;457.962103
454.444837;460.415526;459.991943;457.805177
453.642653;460.293968;461.644105;457.815064
470.697495;463.980112;439.367213;456.823474
459.083634;462.089465;452.122036;457.863994
453.718780;461.161641;458.928205;458.420276
452.041394;460.872615;461.329159;458.425655
452.530621;460.677255;461.850146;458.228533
454.131836;460.575993;461.415490;457.904446
464.166791;462.846038;445.082901;457.653686
454.162662;461.166043;457.229036;458.234557
451.778166;460.477309;461.407172;458.185104
452.437616;460.340012;461.839321;457.864688
453.502120;460.178664;462.114086;457.567510
456.262371;461.370861;455.337504;457.756032
451.520299;460.274707;462.289596;457.873371
450.979513;459.786752;464.276513;457.706190
454.195529;459.758296;462.542950;457.094439
466.240344;461.632375;444.813759;456.492661
453.563124;459.671996;460.755940;457.168952
454.237542;459.630529;461.168563;456.715288
453.784298;459.579678;462.901594;456.414304
454.517616;459.560343;463.317608;456.104445
468.948494;461.284086;443.547736;455.399465
456.480425;460.358011;457.662328;455.908269
454.097371;460.180716;460.188535;456.229456
453.453825;460.011966;461.225046;456.424203
451.470800;460.544989;459.409846;457.075966
449.198957;460.499877;461.713157;457.420406
449.648203;460.711424;460.887685;457.649296
452.826692;461.007073;456.894966;457.964410
469.907364;460.237469;436.025176;459.386922
455.824931;459.034390;451.609361;459.675025
450.684994;457.770376;459.086717;459.644950
449.128567;457.537011;463.482558;457.885736
447.779350;456.855183;468.920713;455.878064
475.808048;460.613845;438.553616;450.964877
458.461557;457.353606;460.255720;451.275108
457.045512;455.794140;465.306690;450.692711
459.407674;454.786082;465.461343;449.601194
461.418279;453.826164;465.333553;449.293297
468.394247;454.532198;453.588022;448.101453
457.977742;452.122916;467.580667;449.164224
458.818247;451.657826;468.090899;448.952603
460.126505;451.845064;467.355800;449.004767
458.978278;451.470129;470.145673;449.257982
482.671482;455.755383;438.047311;447.139596
463.176663;453.838307;459.697928;449.471110
457.485341;453.628026;465.854540;450.674892
453.278439;453.608383;470.298120;451.422328
456.812118;454.773855;465.949965;451.688890
468.359433;457.851108;446.338640;451.629636
452.615323;456.939847;463.545534;453.664963
452.652130;457.598595;462.591026;454.271733
452.013297;458.152054;463.116179;454.838800
451.868297;458.648456;463.451063;455.440883
477.250240;462.457730;428.610461;454.392062
455.973327;461.298010;451.475629;456.585905
449.617439;461.216135;457.953973;457.664394
445.610449;461.052872;462.724376;458.043987
448.889002;461.634526;459.267074;458.082532
449.423168;461.935762;458.929235;458.282570
459.838301;463.145173;442.881661;458.006314
447.302039;462.471762;457.268890;458.673990
449.023583;462.597916;456.004823;458.706562
449.571321;462.802771;455.787889;458.755632
468.071848;463.742546;432.462186;458.090620
446.356749;463.213592;456.921152;459.114245
446.260857;463.218191;457.466993;459.018761
445.705875;463.285981;458.958411;459.100578
449.191510;463.272215;456.575787;458.925413
464.509799;463.505968;438.179165;458.667123
453.786849;463.259985;450.120587;458.770867
447.273906;463.394086;457.414824;459.079784
447.370436;463.610068;457.642905;459.228689
446.010556;464.142099;459.429890;459.427103
460.736169;463.307277;442.232212;459.358065
448.020084;464.555427;454.339076;459.453817
445.999211;465.420797;455.994473;459.795623
446.151528;466.312807;455.596862;460.200904
448.907688;467.734567;451.728214;460.539072
463.283081;460.593488;435.706169;464.855379
447.419596;456.348659;452.445237;468.908576
446.413402;457.309680;457.162553;465.042450
449.841994;457.650860;458.200881;461.377929
450.924333;457.949998;462.520195;457.021533
470.462664;460.783485;444.281569;451.701947
456.052296;456.969313;467.301561;448.413852
461.253713;455.528983;467.450082;445.416387
462.669697;452.665208;471.691899;443.847962
466.783211;450.177403;472.674447;442.245046
468.018128;448.968134;472.611043;442.245068
468.069999;445.673923;477.162162;441.551407
467.610610;442.295248;482.627111;440.723624
470.878037;440.346706;483.763396;439.290552
471.921073;438.183057;485.977016;438.697039
476.992714;440.981220;476.702493;439.197725
474.437911;439.432713;482.269249;438.278807
475.549168;439.317141;482.870479;437.599968
476.235867;439.013408;483.607725;437.319991
486.729097;447.352728;464.664984;436.869308
475.511765;442.231032;479.505381;438.719535
473.277340;442.822844;480.234385;440.279934
471.218349;441.828035;483.329438;441.034244
472.893530;442.669635;481.409927;441.143716
486.884219;453.186092;456.531232;439.683159
472.325334;448.210129;472.573463;443.872022
468.903026;447.816723;474.893269;445.927901
467.512826;448.407777;475.227800;446.809562
467.097319;449.600813;473.827709;447.752924
475.233704;458.301149;452.491289;448.840249
462.157326;454.846191;466.582862;452.086828
458.546844;454.647723;469.319369;453.605556
457.683631;455.035347;469.853221;454.248214
458.849627;456.058784;467.999645;454.581548
460.357555;457.577856;464.768283;454.980180
462.594174;462.919656;451.064774;456.845552
455.128680;461.344165;459.114015;459.002943
453.165938;461.484101;460.817722;459.525800
453.707082;462.302944;459.349361;459.815365
459.055691;467.145979;443.453695;461.175361
444.559829;461.991289;464.863992;462.186341
457.098534;468.133009;440.138838;462.861182
443.590089;464.884806;457.444095;464.013897
452.624107;469.794339;439.360473;464.877346
440.575315;467.120960;454.973606;465.918847
436.907027;465.462828;461.613854;465.221216
444.282474;467.616385;451.564860;465.059381
