0.112364;-0.303549;0.184199;9.749863
0.105865;-0.402511;0.168622;9.741568
0.085524;-0.144858;0.159759;9.753244
0.070414;0.104043;0.150866;9.756169
0.062458;0.277102;0.140161;9.762727
0.076981;-0.034782;0.111950;9.739972
0.069710;0.221425;0.101472;9.749502
0.067293;0.321583;0.090367;9.761392
0.065624;0.375600;0.079927;9.772849
0.064975;0.394581;0.070480;9.783696
0.078247;-0.191917;0.049687;9.752737
0.071614;0.023295;0.043537;9.762964
0.066366;0.106713;0.037608;9.770111
0.062160;0.161564;0.032399;9.775294
0.071672;-0.360912;0.019671;9.737314
0.062427;-0.047432;0.019110;9.746277
0.058336;0.033871;0.018329;9.753158
0.069761;-0.460550;0.008358;9.718493
0.075986;-0.658754;0.002723;9.718032
0.060169;-0.097480;0.007529;9.734736
0.050748;0.246519;0.013732;9.738096
0.044553;0.490208;0.021669;9.751551
0.038405;0.591412;0.031404;9.771226
0.053134;0.024939;0.036200;9.773131
0.042054;0.132905;0.047607;9.771293
0.032091;0.186301;0.060129;9.782046
0.021048;0.240263;0.073807;9.791713
0.012387;0.223392;0.087753;9.797634
0.044753;-0.478193;0.089566;9.743750
0.030614;-0.283777;0.103227;9.752625
0.020441;-0.167668;0.116850;9.760204
0.004050;0.043159;0.134093;9.768592
-0.009119;0.150043;0.151352;9.773572
0.041246;-0.417672;0.151083;9.749945
0.011794;-0.114696;0.173035;9.759709
-0.005254;-0.018076;0.192443;9.765989
-0.025218;0.109237;0.214865;9.776160
-0.035784;0.121745;0.236441;9.784584
0.032978;-0.409898;0.235112;9.774194
-0.004925;-0.084516;0.268283;9.781806
-0.005788;0.029353;0.296022;9.786808
-0.001538;0.164851;0.324896;9.797355
-0.002777;0.340800;0.359879;9.810586
0.085027;-0.042185;0.355661;9.796573
0.086768;0.067684;0.376293;9.801212
0.090756;0.118182;0.390090;9.808742
0.083384;0.185231;0.403549;9.817357
0.171296;-0.483543;0.363571;9.792381
0.138839;-0.262940;0.366761;9.797095
0.120677;-0.204771;0.360282;9.801284
0.031197;-0.029890;0.358065;9.809297
-0.041500;0.141005;0.364518;9.815720
0.006949;-0.297515;0.328163;9.805236
-0.029954;-0.084845;0.337360;9.811468
-0.055213;0.106392;0.355085;9.822158
-0.074307;0.291743;0.381741;9.832346
0.051404;-0.220914;0.356433;9.830522
0.034215;-0.020536;0.382308;9.829418
0.015633;0.117216;0.411993;9.837934
0.014350;0.153487;0.434136;9.844308
0.001030;0.225059;0.462623;9.853194
0.000870;0.201614;0.486382;9.859055
0.097466;-0.271339;0.463254;9.837272
0.065357;-0.118958;0.487044;9.840999
0.045192;-0.032684;0.506134;9.845437
0.032583;0.033598;0.521432;9.848875
0.133750;-0.404713;0.481809;9.828865
0.084600;-0.123747;0.503282;9.834501
0.062381;-0.006763;0.514014;9.838999
0.015322;0.225012;0.537510;9.848172
0.004029;0.268597;0.547951;9.853786
0.086888;-0.102007;0.503218;9.832206
0.044712;0.097219;0.518721;9.841213
0.024285;0.189000;0.526515;9.847690
0.010523;0.239422;0.532369;9.855565
0.090745;-0.155408;0.478151;9.817647
0.064821;-0.013855;0.479279;9.824528
0.042690;0.109518;0.480535;9.834713
0.028065;0.196296;0.480037;9.843198
0.016445;0.257522;0.480621;9.851873
0.103319;-0.211547;0.417890;9.814719
0.076212;-0.041304;0.415635;9.826920
0.048537;0.140822;0.416932;9.836326
0.043185;0.168279;0.408341;9.837390
0.039900;0.188713;0.400197;9.840483
0.120627;-0.346785;0.340291;9.803919
0.090144;-0.107939;0.338007;9.814059
0.080508;-0.036718;0.326828;9.815524
0.068344;0.075849;0.319837;9.821138
0.052777;0.209636;0.317440;9.829897
0.126240;-0.369054;0.261598;9.790179
0.100473;-0.122468;0.260290;9.798965
0.080337;0.055601;0.259189;9.809107
0.066714;0.181126;0.256707;9.814327
0.065197;0.203952;0.250454;9.818787
0.118403;-0.306957;0.211493;9.793881
0.102095;-0.124262;0.209349;9.796047
0.091149;-0.016451;0.206043;9.802226
0.079140;0.127062;0.204943;9.807355
0.067980;0.249144;0.205332;9.814979
0.097052;-0.083740;0.178108;9.791204
0.089635;0.011206;0.174292;9.795698
0.079552;0.147685;0.173221;9.804237
0.072044;0.252604;0.172615;9.811319
0.111467;-0.336211;0.143314;9.781205
0.097982;-0.108176;0.141896;9.784738
0.090768;0.013368;0.138813;9.791138
0.082568;0.172810;0.136426;9.797193
0.108622;-0.335165;0.110856;9.774314
0.095879;-0.030807;0.109117;9.780449
0.088302;0.119520;0.105529;9.786242
0.086861;0.179253;0.099108;9.790792
0.086877;0.201998;0.092602;9.796268
0.101580;-0.233427;0.073064;9.776597
0.095188;-0.000194;0.068293;9.781112
0.092582;0.125625;0.062332;9.787422
0.089785;0.279052;0.056755;9.795656
0.099120;-0.307381;0.038641;9.770145
0.098532;-0.224889;0.030378;9.758760
0.096233;0.021255;0.023322;9.769460
0.096358;0.152031;0.014984;9.776041
0.097350;0.216526;0.006295;9.782160
0.095036;-0.353981;-0.008079;9.754836
0.097015;-0.044597;-0.016787;9.765024
0.097762;-0.009444;-0.026357;9.768434
0.098717;0.071629;-0.036017;9.774490
0.102126;0.201651;-0.045583;9.782472
0.091147;-0.209409;-0.054828;9.762236
0.089625;-0.019597;-0.064484;9.768568
0.083751;0.128114;-0.073382;9.775366
0.074165;0.211757;-0.080791;9.781970
0.048955;-0.303569;-0.081537;9.769859
0.040990;-0.055841;-0.085518;9.772832
0.033134;0.077418;-0.086527;9.779242
0.025869;0.141284;-0.084188;9.783863
0.019656;0.176137;-0.078819;9.789792
0.015638;-0.189857;-0.066831;9.764772
0.009978;0.001589;-0.056618;9.772126
0.004337;0.042918;-0.043071;9.778435
-0.004166;0.025248;-0.026356;9.780480
0.026754;0.169660;-0.007940;9.786487
0.062254;-0.020415;0.009692;9.776421
0.077823;0.113225;0.025226;9.781845
0.084307;0.253473;0.039565;9.791142
0.083385;0.324075;0.052337;9.800534
0.077130;0.362509;0.063465;9.810308
0.077659;-0.127067;0.070602;9.790195
0.066097;0.075813;0.077359;9.796803
0.057758;0.137201;0.082081;9.803377
0.050855;0.226114;0.085476;9.811958
0.060430;-0.277637;0.082512;9.776238
0.057617;-0.069060;0.081686;9.778069
0.056611;0.046025;0.079720;9.788872
0.053979;0.267352;0.077811;9.802897
0.054393;0.318422;0.074685;9.810250
0.069381;-0.250406;0.063802;9.758065
0.067429;-0.013758;0.058924;9.777386
0.067303;0.059198;0.053304;9.785988
0.065154;0.239944;0.048888;9.800777
0.065227;0.263033;0.044010;9.807821
0.074602;-0.263356;0.033795;9.766625
0.071903;-0.007940;0.029587;9.783789
0.071531;0.068074;0.025037;9.790468
0.070457;0.207426;0.021550;9.803006
0.070518;0.283862;0.018670;9.813479
0.080671;-0.461697;0.011414;9.752490
0.077977;-0.153713;0.009523;9.772247
0.077682;-0.040624;0.007500;9.784895
0.076840;0.143188;0.006077;9.793954
0.076795;0.222721;0.005084;9.800774
0.083597;-0.409538;0.001402;9.749721
0.080922;-0.011982;0.001109;9.777468
0.080396;0.121532;0.000796;9.785060
0.080118;0.273173;0.001009;9.797170
0.079505;0.416552;0.001813;9.815077
0.083439;-0.021672;-0.000044;9.769669
0.082868;0.131915;0.000325;9.787839
0.082157;0.287079;0.000768;9.800998
0.082765;0.280027;0.001231;9.806604
0.087055;-0.388255;0.000531;9.748817
0.085460;-0.093191;0.000241;9.771535
0.085373;0.050239;0.000008;9.779628
0.085808;0.139123;-0.000235;9.784767
0.089028;-0.469056;-0.001211;9.736643
0.091195;-0.842151;-0.003345;9.720778
0.089959;-0.301201;-0.005129;9.748397
0.088180;0.160851;-0.006899;9.753835
0.088342;0.540008;-0.008390;9.767200
0.089544;0.052599;-0.009309;9.781586
0.088323;0.342417;-0.010783;9.783185
0.086962;0.456772;-0.011646;9.802942
0.086304;0.510811;-0.012304;9.820497
0.085358;-0.344220;-0.011771;9.771174
0.085474;-0.123242;-0.013057;9.777454
0.085948;-0.004481;-0.014174;9.786579
0.086789;0.071353;-0.015304;9.786773
0.088662;0.162136;-0.016420;9.792671
0.088156;-0.566685;-0.015614;9.734119
0.090490;-0.424026;-0.017524;9.725113
0.093527;-0.183758;-0.020209;9.739684
0.092351;0.085283;-0.023126;9.751843
0.086174;0.178162;-0.025114;9.757720
0.078262;0.260304;-0.026341;9.767491
0.065735;-0.229873;-0.024740;9.739298
0.052935;-0.056008;-0.024175;9.750085
0.038208;0.019120;-0.021446;9.756888
0.019372;0.090772;-0.016169;9.763999
-0.004581;-0.016593;-0.007949;9.761405
0.167981;-0.417554;-0.003850;9.743570
0.287958;-0.109624;-0.010120;9.753227
0.357682;0.070253;-0.026188;9.762810
0.392925;0.274182;-0.052346;9.778058
0.379564;0.286304;-0.084172;9.793904
0.353801;0.349417;-0.125550;9.809083
0.220383;-0.218899;-0.147959;9.794709
0.202067;-0.003700;-0.197367;9.803084
0.191475;0.180462;-0.251399;9.813047
0.187807;0.293389;-0.305357;9.824659
0.062012;-0.338165;-0.317811;9.803979
0.109835;-0.008164;-0.376994;9.814641
0.128868;0.088695;-0.424555;9.821239
0.157832;0.209039;-0.473685;9.833321
0.168784;0.208414;-0.514451;9.842992
0.083271;-0.131496;-0.508399;9.820668
0.116907;0.019737;-0.545200;9.830038
0.147561;0.169880;-0.579959;9.840408
0.178190;0.303323;-0.615161;9.854068
0.040219;-0.338464;-0.576003;9.827459
0.085682;-0.055311;-0.604151;9.832476
0.108013;0.046504;-0.619708;9.843809
0.122612;0.132379;-0.628754;9.851460
0.140427;0.217646;-0.637602;9.862733
0.142309;0.216729;-0.637346;9.869477
0.037594;-0.218096;-0.573061;9.828173
0.061274;-0.060887;-0.568185;9.837742
0.081232;0.070587;-0.560125;9.844755
0.097093;0.167140;-0.549964;9.852939
0.118145;0.281470;-0.544154;9.864568
0.008363;-0.366097;-0.463328;9.813924
0.040469;-0.089278;-0.456758;9.823905
0.067492;0.082953;-0.448625;9.839614
0.078146;0.175960;-0.432533;9.844815
0.083341;0.216445;-0.415536;9.850918
0.001380;-0.313209;-0.335764;9.792289
0.030005;-0.046335;-0.326008;9.813197
0.047962;0.132097;-0.314319;9.820899
0.053216;0.204347;-0.296545;9.826484
0.063930;0.337403;-0.286335;9.840677
0.017165;-0.054501;-0.228095;9.793683
0.023462;0.052388;-0.214324;9.804509
0.032644;0.248643;-0.205073;9.818029
0.036010;0.371968;-0.195307;9.831178
-0.016593;-0.517853;-0.135393;9.756058
-0.009822;-0.194238;-0.126522;9.773343
-0.011079;-0.014043;-0.113301;9.788294
-0.016733;0.089137;-0.096004;9.788449
-0.025848;0.173478;-0.077362;9.794515
-0.036818;-0.213921;-0.040590;9.759821
-0.048957;-0.070614;-0.019706;9.769385
-0.068315;0.095247;0.003457;9.779805
-0.094854;0.255017;0.030502;9.790920
-0.071962;-0.424902;0.063503;9.757323
-0.107001;-0.168085;0.096195;9.768544
-0.111642;-0.080409;0.131817;9.780974
-0.118758;0.129295;0.174114;9.795416
-0.008515;-0.491461;0.197202;9.770026
-0.021781;-0.192825;0.238760;9.782666
-0.032321;-0.052886;0.280118;9.797376
-0.069840;0.097598;0.326745;9.814304
-0.117177;0.124080;0.372637;9.831060
-0.015446;-0.684264;0.372309;9.805732
-0.201282;-0.659346;0.419200;9.832751
0.194334;-0.312030;0.472329;9.818972
0.463054;-0.021930;0.499578;9.802378
0.644589;0.262253;0.504010;9.803157
0.718814;0.416469;0.482765;9.814770
0.678452;-0.035535;0.402211;9.820971
0.600245;0.229190;0.343671;9.816888
0.488253;0.247796;0.264341;9.828555
0.384875;0.299682;0.173782;9.837662
0.294813;0.289972;0.075021;9.843656
0.137017;-0.272231;-0.030987;9.822515
0.130639;-0.084199;-0.139258;9.824892
0.146880;0.059732;-0.249301;9.830128
0.161655;0.113127;-0.354092;9.834416
0.065264;-0.348790;-0.435093;9.817131
0.127719;-0.096418;-0.536875;9.825080
0.185956;0.077043;-0.637393;9.839606
0.209553;0.124654;-0.720987;9.847950
0.045674;-0.417876;-0.741831;9.827349
0.067152;-0.281126;-0.805078;9.822504
0.114380;-0.061893;-0.867473;9.838710
0.148966;0.076007;-0.918640;9.854085
0.183178;0.196995;-0.963160;9.870676
0.214583;0.277749;-1.002944;9.887410
0.034475;-0.275838;-0.941462;9.852835
0.086413;-0.048603;-0.963113;9.868255
0.137598;0.115414;-0.978842;9.886697
0.156270;0.171594;-0.976425;9.894229
0.168244;0.212567;-0.967869;9.903529
0.011225;-0.222729;-0.854969;9.840460
0.079415;0.068466;-0.853446;9.866698
0.084661;0.091307;-0.817395;9.869784
0.110557;0.195443;-0.791453;9.881689
0.148147;0.315922;-0.773625;9.901425
0.008465;-0.308343;-0.646981;9.832360
0.051096;-0.061014;-0.623941;9.855289
0.090215;0.108499;-0.601033;9.873038
0.112627;0.216587;-0.572648;9.882091
-0.027433;-0.538627;-0.439057;9.795715
0.023543;-0.195615;-0.424596;9.821588
0.037014;-0.114232;-0.390591;9.829684
0.071630;0.120393;-0.373937;9.842569
0.077779;0.150833;-0.347110;9.841787
0.012224;-0.250029;-0.268083;9.781396
0.041515;-0.015977;-0.259410;9.803473
0.069934;0.214991;-0.257873;9.817214
0.074823;0.245961;-0.248090;9.819569
0.006028;-0.385458;-0.190899;9.771319
0.035448;-0.096397;-0.196282;9.784170
0.052250;0.040539;-0.199946;9.792677
0.069071;0.195353;-0.205821;9.800151
0.072923;0.203793;-0.206365;9.801766
0.016708;-0.441336;-0.169701;9.753342
0.037206;-0.198645;-0.177594;9.759223
0.047797;-0.110438;-0.180977;9.763809
0.070928;0.118380;-0.192150;9.772474
0.090063;0.261340;-0.202427;9.780100
0.034515;-0.496885;-0.168423;9.738970
0.062058;-0.235536;-0.178165;9.745675
0.084850;-0.096344;-0.186190;9.754097
0.108235;0.020734;-0.193936;9.759831
0.153357;0.254902;-0.212715;9.771839
0.097339;-0.554439;-0.184255;9.744271
0.106024;-0.193562;-0.204112;9.756291
0.112725;0.065522;-0.225448;9.766469
0.110282;0.233177;-0.243008;9.775915
0.107687;0.334227;-0.259823;9.790432
0.030823;-0.315719;-0.237617;9.771333
0.054140;-0.033933;-0.256205;9.777241
0.069557;0.078450;-0.268843;9.786454
0.090237;0.231873;-0.282642;9.796986
0.112046;0.360522;-0.296743;9.810770
0.042154;-0.420917;-0.262830;9.778474
0.066741;-0.162109;-0.273159;9.782622
0.081810;-0.051240;-0.277705;9.789980
0.104412;0.171881;-0.286383;9.801797
0.111831;0.231080;-0.288830;9.808290
0.037656;-0.502291;-0.247386;9.774701
0.068411;-0.120812;-0.257283;9.787623
0.090138;0.099153;-0.263755;9.798432
0.023945;-0.454044;-0.219061;9.765837
0.000705;-0.545543;-0.191994;9.758731
0.065075;0.235492;-0.211110;9.766715
0.094641;0.562596;-0.221367;9.777128
0.112392;0.733313;-0.230153;9.804767
0.132209;0.848870;-0.242592;9.835514
0.076376;-0.007899;-0.216138;9.825429
0.089083;0.101007;-0.223413;9.823532
0.093563;0.095439;-0.226473;9.837513
0.101122;0.165227;-0.230013;9.847171
0.043558;-0.596449;-0.195127;9.774077
0.060658;-0.298706;-0.197748;9.793346
0.078154;-0.064758;-0.199832;9.809728
0.087564;0.084667;-0.198891;9.810584
0.095536;0.179855;-0.197819;9.816909
0.052507;-0.423981;-0.165903;9.761326
0.079724;0.027152;-0.174035;9.788156
0.091132;0.171832;-0.175664;9.797807
0.097742;0.254092;-0.176059;9.809531
0.101554;0.281314;-0.175931;9.821188
0.076331;-0.060719;-0.154747;9.790809
0.086787;0.094642;-0.157957;9.804407
0.090002;0.156350;-0.157298;9.811150
0.094987;0.226417;-0.158092;9.822066
0.059434;-0.398030;-0.134351;9.779684
0.073043;-0.100907;-0.138231;9.794995
0.080270;0.015896;-0.138880;9.802298
0.087504;0.137325;-0.140176;9.812231
0.100957;0.345692;-0.146532;9.828194
0.060775;-0.463020;-0.121919;9.780543
0.076444;-0.119373;-0.129214;9.794860
0.076776;0.061220;-0.134216;9.808940
0.039935;-0.357086;-0.119811;9.781030
0.030560;0.015081;-0.124172;9.792061
0.011444;0.146779;-0.122871;9.801701
-0.012628;0.302986;-0.118681;9.814191
-0.047209;-0.340572;-0.093995;9.781921
-0.084591;-0.155262;-0.079057;9.785959
-0.137810;-0.110073;-0.057093;9.795969
0.073965;-0.041946;-0.035410;9.796766
0.230784;0.161188;-0.026355;9.804635
0.333378;-0.232079;-0.019125;9.778145
0.384170;-0.056972;-0.029996;9.788669
0.392216;0.121217;-0.051053;9.801207
0.377765;0.320695;-0.084120;9.816564
0.237188;-0.287959;-0.097249;9.811334
0.199929;-0.110371;-0.138651;9.813701
0.174727;0.036788;-0.186274;9.825436
0.151240;0.103871;-0.233718;9.832578
0.144541;0.170337;-0.284344;9.841576
0.023500;-0.427181;-0.295656;9.817335
0.070410;-0.128598;-0.354377;9.825491
0.109404;0.041304;-0.411297;9.831279
0.142914;0.169705;-0.466064;9.838938
0.037047;-0.337331;-0.469742;9.828168
0.084682;-0.102541;-0.523009;9.832528
0.117181;0.013810;-0.570106;9.840413
0.145768;0.129181;-0.614924;9.848328
0.165445;0.189807;-0.657587;9.857864
0.036233;-0.285666;-0.636681;9.839335
0.076015;-0.074463;-0.674067;9.844122
0.106095;0.050891;-0.706870;9.851572
0.138053;0.172536;-0.740753;9.859931
0.025601;-0.201454;-0.706047;9.842651
0.059045;-0.027150;-0.727436;9.845277
0.083375;0.065884;-0.744526;9.851882
0.104137;0.138798;-0.758965;9.858106
0.133593;0.229269;-0.778135;9.866631
-0.020527;-0.342746;-0.700229;9.833659
0.020859;-0.129889;-0.711572;9.835885
0.044483;-0.041225;-0.711522;9.840082
0.090068;0.145886;-0.723165;9.848313
0.107658;0.204645;-0.722165;9.851876
-0.016189;-0.278334;-0.637636;9.818046
0.020776;-0.076524;-0.635800;9.823499
0.044714;0.024448;-0.626647;9.828508
0.077226;0.164748;-0.623845;9.834445
-0.039084;-0.365086;-0.532340;9.800954
0.011633;-0.072309;-0.533489;9.807268
0.039193;0.054118;-0.524228;9.813332
0.058097;0.153783;-0.512094;9.817768
0.071668;0.207736;-0.499672;9.823846
-0.010545;-0.256237;-0.425414;9.793525
0.026706;-0.004274;-0.421779;9.800555
0.043169;0.085179;-0.410080;9.804652
0.060280;0.186840;-0.401739;9.811174
0.078115;0.283938;-0.398107;9.819765
0.020840;-0.099388;-0.340773;9.787424
0.035604;0.009849;-0.333317;9.791334
0.042719;0.066442;-0.322089;9.794938
0.045113;0.079181;-0.308230;9.796613
-0.022975;-0.507493;-0.245142;9.762294
0.004711;-0.216116;-0.241995;9.770636
0.025013;-0.032277;-0.236861;9.776371
0.041020;0.149031;-0.232342;9.781453
0.050224;0.252822;-0.227838;9.787408
-0.000685;-0.355542;-0.180722;9.766938
0.021630;-0.039227;-0.183461;9.770865
0.035941;0.152517;-0.184289;9.776726
0.036921;0.177826;-0.176316;9.779127
-0.005890;-0.387170;-0.142368;9.764683
0.005330;-0.335415;-0.133512;9.757985
0.015581;-0.102637;-0.128841;9.763356
0.023126;0.075873;-0.124211;9.767624
0.027221;0.194324;-0.117660;9.773109
0.032025;0.334558;-0.112924;9.781626
0.016661;-0.176046;-0.086653;9.765561
0.019846;0.010791;-0.079418;9.764775
0.020330;0.084212;-0.069862;9.769986
0.020326;0.294715;-0.062341;9.778663
0.017411;-0.351888;-0.037153;9.757284
0.018079;-0.076195;-0.028023;9.759784
0.018089;0.014939;-0.016300;9.764151
0.016952;0.189187;-0.004058;9.772504
0.025882;-0.192066;0.014635;9.758938
0.023148;-0.034311;0.027463;9.766015
0.018589;0.127623;0.040969;9.775197
0.012632;0.246488;0.055569;9.785828
0.031854;-0.335822;0.068933;9.778925
0.016078;-0.086757;0.083648;9.783106
0.005345;-0.042530;0.098754;9.789795
0.141827;0.079970;0.107660;9.791650
0.233040;0.154524;0.104328;9.794894
0.275556;-0.312334;0.086768;9.784233
0.297774;-0.028231;0.061524;9.786336
0.286440;0.097337;0.028323;9.791963
0.262119;0.237024;-0.013737;9.800379
0.224880;0.264567;-0.058606;9.807946
0.121067;-0.258930;-0.095564;9.795437
0.112035;-0.037425;-0.146403;9.799242
0.111954;0.149548;-0.199681;9.805072
0.110108;0.227935;-0.248989;9.810066
0.047504;-0.147834;-0.276356;9.784448
0.078043;0.088804;-0.325169;9.792991
0.095809;0.179971;-0.365312;9.801708
0.109263;0.213000;-0.400023;9.811288
0.119398;0.208689;-0.429574;9.819039
0.057800;-0.243217;-0.427185;9.801695
0.085306;-0.023528;-0.451785;9.806696
0.087914;0.000285;-0.462262;9.810455
0.099611;0.098739;-0.473150;9.817836
0.032554;-0.309408;-0.443475;9.801664
0.053740;-0.085168;-0.448508;9.804355
0.062241;0.004873;-0.443891;9.811150
0.075755;0.132803;-0.439066;9.817332
0.088093;0.229273;-0.432835;9.825108
0.017899;-0.313545;-0.377644;9.801797
0.038272;-0.063284;-0.369978;9.805673
0.045342;0.008423;-0.353823;9.810083
0.052526;0.121589;-0.337318;9.816869
0.058894;0.213900;-0.320425;9.824396
0.002446;-0.368160;-0.259954;9.794924
0.015436;-0.114169;-0.244348;9.799495
0.023085;0.028057;-0.226152;9.807229
0.025157;0.111652;-0.204721;9.811088
0.026178;0.193358;-0.184999;9.817676
-0.003762;-0.354867;-0.135777;9.791981
0.000690;-0.129248;-0.118329;9.795477
0.000806;-0.014072;-0.099593;9.803915
-0.000579;0.180167;-0.082144;9.813618
-0.005091;0.256092;-0.062811;9.820660
-0.010081;-0.291926;-0.025402;9.793286
-0.017136;-0.052753;-0.006659;9.803664
-0.023822;0.023316;0.014882;9.809836
-0.036481;0.183571;0.036926;9.821124
-0.039573;0.274641;0.061404;9.832135
0.000314;-0.092783;0.087446;9.805404
0.053075;-0.632850;0.098141;9.783232
0.062144;-0.199683;0.116141;9.801948
0.070149;0.173467;0.132798;9.805382
0.100676;-0.002305;0.141980;9.810863
0.097406;0.372577;0.152724;9.810477
0.101485;0.404722;0.156960;9.821709
0.103608;0.459466;0.157698;9.831460
0.108298;0.431023;0.153862;9.839922
0.126128;-0.399968;0.135359;9.787488
0.245727;-0.178207;0.115998;9.792755
0.322010;-0.065575;0.081254;9.798661
0.360363;0.043049;0.034756;9.800652
0.362365;0.104505;-0.020844;9.804946
0.338238;0.131371;-0.084649;9.811001
0.209227;-0.310275;-0.142277;9.774666
0.189503;-0.113479;-0.215339;9.782417
0.172612;0.038798;-0.289257;9.798808
0.163387;0.160977;-0.363582;9.809735
0.043996;-0.311496;-0.403877;9.787918
0.075335;-0.073083;-0.474396;9.799181
0.096476;0.023068;-0.534591;9.812342
0.124855;0.136925;-0.590900;9.824475
0.164462;0.265299;-0.647053;9.839859
0.043914;-0.299849;-0.636754;9.805613
0.092118;-0.060063;-0.678968;9.817211
0.134235;0.089564;-0.714033;9.835776
0.155550;0.172456;-0.735595;9.844735
0.038292;-0.322893;-0.689460;9.807401
0.052999;-0.210181;-0.695841;9.799479
0.073993;-0.061292;-0.696002;9.813173
0.099936;0.069988;-0.692879;9.829492
0.129021;0.198470;-0.688737;9.843280
0.140189;0.228754;-0.675397;9.851336
0.016685;-0.305171;-0.580006;9.780454
0.072239;0.020756;-0.581800;9.800416
0.090811;0.105557;-0.563837;9.817623
0.103453;0.172471;-0.541910;9.828564
0.005344;-0.382802;-0.448747;9.774794
0.040183;-0.116502;-0.429675;9.796157
0.062514;0.025867;-0.407173;9.807274
0.085913;0.185028;-0.390026;9.821155
0.109392;0.342718;-0.379096;9.838563
0.014778;-0.395369;-0.296108;9.775038
0.040930;-0.125769;-0.288254;9.790373
0.053222;-0.019000;-0.275204;9.803541
0.061823;0.084096;-0.261637;9.809066
0.071692;0.184860;-0.252383;9.818348
0.009352;-0.430270;-0.194667;9.760661
0.040164;-0.058505;-0.197013;9.785516
0.065511;0.226480;-0.202466;9.802808
0.073582;0.329166;-0.200527;9.808640
0.030090;-0.170737;-0.160009;9.755856
0.048652;0.102701;-0.164814;9.780766
0.051915;0.161770;-0.161647;9.784680
0.058789;0.276852;-0.162375;9.797355
0.058598;0.272514;-0.159348;9.804795
0.021165;-0.417377;-0.126051;9.748151
0.029486;-0.165185;-0.125251;9.764083
0.031806;-0.058145;-0.120029;9.769036
0.034018;0.087794;-0.115533;9.775310
0.032427;0.146764;-0.108242;9.779784
0.012925;-0.511687;-0.079819;9.740085
0.015476;-0.082912;-0.076434;9.756843
0.012181;0.067646;-0.068124;9.761249
0.005793;0.248360;-0.057986;9.771056
0.010003;-0.389942;-0.033845;9.744967
0.013769;-0.128424;-0.021662;9.749190
0.019212;-0.000266;-0.007981;9.759636
0.018397;0.267068;0.006457;9.772960
0.039662;-0.430916;0.025238;9.745748
0.030386;-0.270176;0.040550;9.748300
0.002966;-0.095673;0.057665;9.756089
-0.031444;-0.203586;0.075517;9.749816
0.047881;-0.045800;0.093458;9.754041
0.133839;-0.445610;0.101443;9.746552
0.165519;-0.075588;0.109845;9.753758
0.177205;0.174178;0.114091;9.761724
0.173460;0.392604;0.114834;9.773530
0.165435;-0.274303;0.104548;9.777962
0.139482;0.059864;0.097949;9.775322
0.115175;0.224604;0.088839;9.782004
0.096182;0.265695;0.077221;9.789110
0.083477;0.343853;0.064757;9.797084
0.077164;-0.234564;0.047533;9.777345
0.076648;0.070900;0.032956;9.779948
0.078844;0.136712;0.018540;9.782411
0.083703;0.251748;0.004464;9.789386
0.085916;-0.274572;-0.011307;9.764056
0.092949;0.025433;-0.025187;9.769883
0.097813;0.118186;-0.037639;9.774021
0.101183;0.188498;-0.049182;9.780874
0.106843;0.344114;-0.060151;9.791938
0.096766;-0.073387;-0.067943;9.763308
0.099001;0.059020;-0.076218;9.770608
0.101373;0.167421;-0.083367;9.777895
0.106727;0.371422;-0.090727;9.792458
0.087444;-0.383962;-0.088251;9.760169
0.089874;-0.227812;-0.092890;9.749918
0.094654;-0.024772;-0.097344;9.763245
0.096764;0.080735;-0.100298;9.771833
0.102073;0.242023;-0.103740;9.783874
0.107820;0.369534;-0.107106;9.797089
0.090781;-0.132266;-0.099528;9.763901
0.096185;0.029244;-0.101759;9.774986
0.101960;0.182679;-0.104210;9.786397
0.107987;0.326120;-0.107119;9.800494
0.082766;-0.407237;-0.094942;9.759276
0.092550;-0.093422;-0.098909;9.770864
0.096087;-0.003607;-0.100509;9.779991
0.104190;0.204846;-0.104320;9.793144
0.079375;-0.457612;-0.091925;9.754889
0.090768;-0.091949;-0.097037;9.768598
0.099629;0.097670;-0.101337;9.780025
0.103940;0.209440;-0.104646;9.788010
0.107936;0.270057;-0.108043;9.799381
0.085588;-0.320407;-0.098722;9.771308
0.094960;-0.071846;-0.104407;9.776567
0.099728;0.005294;-0.108318;9.786382
0.106125;0.121607;-0.112964;9.795243
0.115151;0.269298;-0.119636;9.809389
0.119527;0.283917;-0.124716;9.817421
0.121438;0.305505;-0.127639;9.800745
0.081754;-0.524661;-0.113246;9.742976
0.101641;-0.121128;-0.124789;9.767290
0.111235;-0.003178;-0.132049;9.780338
0.122959;0.136543;-0.140378;9.791002
0.088107;-0.489941;-0.128240;9.759383
0.117093;-0.053653;-0.143210;9.780172
0.137320;0.146450;-0.156434;9.796177
0.152812;0.262971;-0.168578;9.810220
0.105256;-0.448987;-0.155300;9.777966
0.141981;-0.063451;-0.174904;9.798346
0.165446;0.055794;-0.191012;9.813036
0.183164;0.166263;-0.208680;9.826767
0.197419;0.287478;-0.231403;9.844549
0.111311;-0.449481;-0.217608;9.802528
0.131641;-0.151386;-0.242931;9.819439
0.155662;0.090930;-0.272653;9.841911
0.169853;0.185879;-0.296011;9.851246
0.177169;0.158656;-0.315565;9.857062
0.190368;0.065233;-0.332615;9.861574
0.127671;-0.515485;-0.312904;9.815798
-0.068052;-0.249359;-0.333026;9.819827
-0.196153;0.019862;-0.340024;9.816043
-0.282260;0.118390;-0.325196;9.813027
-0.305747;-0.418259;-0.269516;9.791946
-0.276666;-0.091559;-0.236978;9.796493
-0.216620;0.006349;-0.191509;9.801355
-0.154183;0.128516;-0.137852;9.808374
-0.105864;0.286727;-0.077619;9.816948
-0.054565;0.199065;-0.012654;9.819149
0.040067;-0.391628;0.053023;9.798023
0.024454;-0.125086;0.119626;9.797256
0.004751;0.012166;0.185626;9.801714
-0.033909;0.219013;0.256654;9.811079
0.040946;-0.296099;0.304176;9.802322
0.008510;-0.141111;0.365843;9.791969
-0.020046;-0.019624;0.424079;9.798404
-0.040095;0.066112;0.479433;9.809068
-0.047443;0.098958;0.531160;9.818352
0.060144;-0.312231;0.546621;9.812497
0.024666;-0.106762;0.593210;9.814187
-0.012497;0.047064;0.639490;9.821735
-0.047717;0.198504;0.686239;9.832481
0.097093;-0.288165;0.663255;9.824080
0.057006;-0.088275;0.695349;9.824958
0.026709;0.028594;0.724622;9.832916
0.179175;-0.386425;0.655789;9.819579
0.075022;0.026475;0.696888;9.830081
0.005725;0.278642;0.730086;9.834132
0.120372;-0.099817;0.681390;9.838027
0.046389;0.158280;0.711343;9.835566
-0.022068;0.347314;0.747189;9.845271
-0.038946;0.359131;0.762375;9.854053
-0.049945;0.347479;0.777715;9.862217
0.076767;-0.141276;0.719815;9.831695
0.017236;0.075708;0.742214;9.842088
0.019068;0.053625;0.736093;9.840021
0.012918;0.085814;0.732235;9.843482
0.136142;-0.355788;0.650733;9.803743
0.089766;-0.124286;0.646691;9.813691
0.064315;0.003711;0.635432;9.818132
0.043209;0.115027;0.623218;9.823842
0.037735;0.146018;0.604827;9.826825
0.155085;-0.385296;0.511869;9.792909
0.109585;-0.144170;0.502946;9.800501
0.072150;0.039427;0.493779;9.810860
0.055681;0.130307;0.477662;9.813290
0.045366;0.193288;0.462108;9.819452
0.132054;-0.297695;0.388303;9.793541
0.091390;-0.033572;0.385188;9.800074
0.081339;0.015508;0.369661;9.803408
0.070829;0.097459;0.356417;9.808435
0.048874;0.250114;0.354734;9.819528
0.107203;-0.111422;0.291094;9.788575
0.094003;-0.020048;0.281398;9.794621
0.076914;0.125156;0.276486;9.802134
0.062790;0.244916;0.273853;9.809552
0.135405;-0.377724;0.220299;9.782907
0.117372;-0.228941;0.218148;9.775698
0.099876;-0.074839;0.214785;9.784860
0.090752;0.010428;0.209340;9.790790
0.080203;0.120605;0.207298;9.798813
0.068784;0.240493;0.209205;9.807926
0.100048;-0.058076;0.177391;9.789052
0.090619;0.028463;0.175646;9.794578
0.074694;0.212295;0.179785;9.803059
0.069555;0.257117;0.180364;9.810551
0.073589;0.227706;0.179060;9.815529
0.116350;-0.235775;0.151206;9.780654
0.115148;-0.042631;0.150357;9.789021
0.119828;0.072376;0.146531;9.794462
0.126656;0.169580;0.140844;9.801055
0.138495;0.171014;0.130951;9.806418
0.148425;0.213350;0.119858;9.811281
0.166515;-0.372715;0.088077;9.785544
0.171948;-0.127463;0.071279;9.792080
0.179540;-0.023708;0.049423;9.795443
0.188885;0.046931;0.023977;9.798884
0.067132;0.179849;0.000713;9.803595
-0.019212;-0.175826;-0.019586;9.789100
-0.073874;0.120353;-0.024598;9.793151
-0.095691;0.293712;-0.021920;9.803462
-0.087141;0.314722;-0.013921;9.811032
-0.017029;-0.342193;-0.010839;9.779837
0.007219;-0.167508;0.006597;9.774783
0.024288;0.100829;0.028979;9.792031
0.045952;0.153420;0.049705;9.798661
0.092733;-0.319643;0.061444;9.771483
0.089379;-0.122805;0.084331;9.769221
0.080313;0.057139;0.105916;9.784392
0.072416;0.152134;0.125320;9.796090
0.059266;0.288206;0.145123;9.810849
0.092376;-0.340182;0.145741;9.769951
0.081457;-0.198881;0.158925;9.766437
0.066727;0.031298;0.170988;9.786000
0.057145;0.178126;0.179824;9.799625
0.055059;0.219787;0.184560;9.806313
0.055212;0.225056;0.186938;9.813355
0.097718;-0.469856;0.168373;9.758553
0.088673;-0.217957;0.167182;9.774362
0.080978;-0.034871;0.164876;9.790634
0.071175;0.197806;0.162309;9.802372
0.070154;0.229290;0.155769;9.805518
0.107267;-0.495870;0.128401;9.752646
0.094082;-0.183620;0.123090;9.769828
0.087327;-0.038560;0.115914;9.780415
0.077770;0.210010;0.110907;9.793960
0.102673;-0.391332;0.088089;9.757565
0.095810;-0.200172;0.081817;9.753431
0.085118;0.093359;0.078017;9.774240
0.082367;0.159009;0.072057;9.782851
0.079319;0.243902;0.068007;9.794357
0.097987;-0.330735;0.052850;9.764424
0.090758;-0.111872;0.050296;9.770729
0.086157;-0.000452;0.048237;9.782308
0.080343;0.167805;0.047756;9.793211
0.076749;0.226997;0.047520;9.801139
0.097100;-0.495070;0.036417;9.758059
0.086148;-0.143251;0.039012;9.773858
0.089408;0.054384;0.041254;9.785083
0.108874;0.199404;0.042077;9.791465
0.139413;0.288849;0.040778;9.799793
0.186836;-0.192067;0.028601;9.766430
0.233432;-0.044944;0.018078;9.775851
0.290758;0.101945;0.000917;9.784709
0.375993;0.111485;-0.026426;9.791682
0.386263;-0.733021;-0.052278;9.737995
0.585014;-0.776092;-0.099234;9.760110
0.144495;-0.515622;-0.156619;9.770363
-0.157448;-0.128680;-0.200446;9.759401
-0.390881;0.103523;-0.218568;9.759751
-0.511273;0.245213;-0.215561;9.773489
-0.491653;0.064802;-0.182489;9.792298
-0.413482;0.204010;-0.145296;9.803637
-0.315050;0.345119;-0.092145;9.820157
-0.212432;0.380022;-0.027198;9.835106
-0.030551;-0.044958;0.038652;9.839993
0.010822;0.032944;0.117266;9.841323
0.020282;0.110994;0.201379;9.847332
0.004754;0.185134;0.293290;9.852579
0.130906;-0.392611;0.348955;9.844230
0.069347;-0.170625;0.438657;9.844686
0.025593;-0.057751;0.522375;9.847184
-0.025299;0.095910;0.610448;9.852008
-0.062010;0.193106;0.694371;9.858526
0.044956;-0.115010;0.725506;9.850562
-0.003827;0.049151;0.798945;9.855850
-0.038018;0.158894;0.866967;9.864081
-0.051813;0.197136;0.922724;9.872490
-0.056384;0.202303;0.971529;9.879314
0.045917;-0.027099;0.953511;9.860788
0.008294;0.077545;0.990585;9.865934
-0.007029;0.137932;1.011863;9.870995
-0.023045;0.187298;1.029839;9.877932
0.114263;-0.201951;0.960549;9.853955
0.080847;-0.063838;0.957315;9.855805
0.052275;0.041810;0.951470;9.861940
0.044908;0.085657;0.929705;9.864013
0.167648;-0.301436;0.824718;9.838685
0.112819;-0.077041;0.806565;9.841446
0.092081;-0.001002;0.772400;9.845606
0.062304;0.127440;0.742198;9.851442
0.030102;0.252033;0.717358;9.858921
0.161906;-0.317272;0.588008;9.823027
0.109014;-0.075043;0.566292;9.828284
0.077533;0.051456;0.538468;9.835716
0.044859;0.223622;0.515882;9.844620
0.146324;-0.333145;0.409195;9.806285
0.110839;-0.111014;0.387326;9.810744
0.098533;-0.045298;0.357248;9.818187
