0.110911;-0.261143;0.191533;9.755865
0.101248;-0.350675;0.176884;9.747110
0.080729;-0.087818;0.169964;9.760576
0.067966;0.095375;0.159197;9.761959
0.085032;-0.344581;0.129339;9.739842
0.074131;0.012169;0.118949;9.747101
0.070675;0.142488;0.106022;9.753853
0.069590;0.246011;0.092826;9.762062
0.067270;0.350836;0.081429;9.772375
0.065975;0.373570;0.070649;9.782609
0.077484;-0.048000;0.046981;9.753082
0.073409;0.038371;0.038433;9.759818
0.069100;0.124907;0.030884;9.765731
0.064271;0.235699;0.026010;9.773959
0.061742;0.242577;0.022191;9.778714
0.072126;-0.347534;0.011058;9.741952
0.063988;-0.128425;0.010574;9.752365
0.057605;0.048302;0.012086;9.759445
0.053288;0.134035;0.014431;9.762620
0.048483;0.220641;0.018910;9.770491
0.061975;-0.314383;0.017892;9.743078
0.052406;-0.030978;0.025423;9.747365
0.046835;0.043577;0.032807;9.753740
0.038725;0.193462;0.042496;9.763778
0.033874;0.218685;0.052392;9.770249
0.028895;0.211548;0.063392;9.775825
0.051268;-0.340615;0.067144;9.749273
0.037179;-0.105171;0.080153;9.757027
0.027070;-0.003941;0.092927;9.762445
0.013169;0.153519;0.108295;9.771148
0.044276;-0.330352;0.111830;9.755773
0.040735;-0.323824;0.127109;9.757881
0.017896;-0.082272;0.145298;9.764131
0.004767;0.011993;0.162710;9.770673
0.050910;-0.428354;0.152434;9.756341
0.069660;-0.519766;0.156447;9.749715
0.015809;0.012356;0.181970;9.757933
-0.022539;0.298559;0.208837;9.764734
-0.059160;0.530616;0.241352;9.782543
-0.073504;0.587630;0.274760;9.804346
-0.070143;0.559877;0.309094;9.823019
0.036185;-0.101233;0.308648;9.794604
0.034016;0.032414;0.338302;9.800820
0.038849;0.097879;0.363394;9.810959
0.041401;0.168405;0.386633;9.818343
0.133499;-0.374539;0.365472;9.783383
0.111041;-0.127493;0.379549;9.794171
0.098707;-0.014930;0.387486;9.798533
0.087087;0.034831;0.387704;9.802868
0.150920;-0.544962;0.343674;9.776789
0.104346;-0.316860;0.340064;9.786674
0.031705;-0.113642;0.338416;9.795520
-0.031448;0.128153;0.344917;9.802561
-0.055721;0.176501;0.346077;9.810076
0.028860;-0.337800;0.309667;9.805271
0.000265;-0.084557;0.323120;9.807479
-0.010700;0.053025;0.337450;9.814469
-0.017048;0.174005;0.354694;9.822677
0.081450;-0.272686;0.329855;9.819499
0.048901;-0.012399;0.355260;9.820164
0.042728;0.045505;0.371694;9.824762
0.017514;0.195935;0.397182;9.832060
0.102421;-0.257720;0.373857;9.823484
0.060163;-0.014726;0.401666;9.824703
0.031106;0.108307;0.426180;9.829350
0.010216;0.198290;0.447519;9.834869
0.100358;-0.284614;0.418607;9.819812
0.084266;-0.204088;0.431759;9.806472
0.047799;-0.008748;0.451216;9.813578
0.025455;0.111161;0.466797;9.819825
0.019335;0.149027;0.475693;9.825695
0.114555;-0.331254;0.434357;9.811197
0.096048;-0.226978;0.442216;9.802126
0.059806;-0.017229;0.453871;9.810338
0.045800;0.064442;0.456365;9.815126
0.035283;0.137053;0.458732;9.822175
0.028951;0.173019;0.459799;9.828859
0.022309;0.196865;0.461674;9.834702
0.081173;-0.081478;0.416169;9.814163
0.057565;0.046828;0.418890;9.818581
0.035067;0.183983;0.421815;9.825446
0.017247;0.281156;0.426271;9.833570
0.107020;-0.286741;0.373602;9.808093
0.083008;-0.120300;0.372914;9.808754
0.068644;-0.035328;0.369667;9.814144
0.042359;0.147323;0.374303;9.822034
0.040464;0.151969;0.367686;9.823586
0.041440;0.145378;0.361353;9.825940
0.111799;-0.340292;0.311775;9.792735
0.083225;-0.104856;0.311317;9.801514
0.070567;-0.003420;0.305728;9.804461
0.054354;0.139874;0.305884;9.811489
0.111587;-0.286829;0.265048;9.795945
0.069334;0.077429;0.276353;9.803151
0.064210;0.100410;0.272069;9.805319
0.053830;0.190001;0.271844;9.813273
0.049891;0.216054;0.271134;9.820647
0.107080;-0.296716;0.234024;9.795038
0.080657;-0.042301;0.238092;9.802638
0.069271;0.058524;0.237437;9.805690
0.062591;0.129858;0.235650;9.810540
0.050080;0.245207;0.239082;9.818378
0.086546;-0.075107;0.207938;9.796235
0.076808;0.022737;0.206781;9.801409
0.064290;0.159804;0.207982;9.808543
0.052611;0.281032;0.211787;9.816423
0.093122;-0.195177;0.187791;9.800731
0.082541;-0.058596;0.187245;9.799416
0.074505;0.019786;0.186870;9.805853
0.069451;0.086926;0.185108;9.809733
0.059385;0.205278;0.187200;9.817035
0.060526;0.177085;0.184381;9.819176
0.106343;-0.456778;0.155332;9.786597
0.092630;-0.226210;0.154621;9.793747
0.076500;-0.001742;0.156141;9.802043
0.067193;0.162509;0.156301;9.805591
0.097153;-0.294541;0.133761;9.790458
0.086409;-0.078822;0.131830;9.793659
0.075875;0.104908;0.132207;9.802946
0.067284;0.251594;0.132358;9.811323
0.062279;0.342490;0.132382;9.822016
0.093047;-0.282462;0.111553;9.796806
0.084225;-0.088661;0.110556;9.800316
0.077102;0.036903;0.109284;9.810681
0.075717;0.074666;0.105219;9.813333
0.073143;0.137414;0.102298;9.820319
0.095484;-0.412683;0.083534;9.794168
0.085672;-0.113888;0.082457;9.805403
0.081791;-0.020478;0.078512;9.809473
0.077053;0.130126;0.075747;9.818152
0.076970;0.212720;0.072867;9.825763
0.093090;-0.235756;0.059419;9.803760
0.091558;0.032257;0.056649;9.805710
0.092743;0.209423;0.053637;9.817090
0.096184;0.285594;0.048581;9.823031
0.105157;-0.148746;0.033357;9.783517
0.107529;0.077644;0.026060;9.794795
0.110656;0.095581;0.016133;9.796447
0.114072;0.151292;0.005476;9.800080
0.117254;0.128449;-0.006499;9.799964
0.111715;-0.242666;-0.022026;9.760003
0.081899;-0.015597;-0.035121;9.771245
0.060592;0.116207;-0.045935;9.777849
0.046984;0.260604;-0.054509;9.787257
0.036485;-0.172690;-0.059627;9.770437
0.040276;0.122856;-0.064314;9.777823
0.047728;0.216002;-0.066526;9.786202
0.056581;0.311198;-0.067096;9.796534
0.064899;0.288788;-0.065796;9.802852
0.068573;-0.244617;-0.060530;9.767852
0.073208;-0.047885;-0.057961;9.774156
0.075198;-0.012371;-0.054081;9.780863
0.076263;0.119603;-0.050218;9.789699
0.072235;-0.340477;-0.042214;9.751239
0.072767;-0.005394;-0.038699;9.766444
0.072706;0.059311;-0.034430;9.771892
0.072792;0.189256;-0.030531;9.781122
0.073383;0.320461;-0.027027;9.795591
0.074070;0.370789;-0.023591;9.807214
0.071450;-0.336739;-0.016499;9.740342
0.072109;-0.107730;-0.014904;9.759812
0.072962;0.005072;-0.013375;9.768528
0.074120;0.159098;-0.012376;9.778833
0.072898;-0.409488;-0.008562;9.734009
0.074450;-0.089539;-0.009202;9.749622
0.075407;0.090540;-0.009830;9.764023
0.076185;0.216824;-0.010532;9.771931
0.075566;-0.273777;-0.009085;9.742877
0.076503;0.026678;-0.011003;9.755183
0.077226;0.133851;-0.012427;9.767229
0.077741;0.214597;-0.013731;9.775802
0.078154;0.250030;-0.014800;9.785009
0.079193;0.348172;-0.016069;9.799968
0.077837;-0.275918;-0.014812;9.741914
0.078428;-0.109713;-0.016354;9.758013
0.079189;0.058144;-0.017766;9.768010
0.080460;0.178952;-0.018899;9.775617
0.081685;0.327939;-0.020030;9.789323
0.080447;-0.462703;-0.017670;9.731809
0.081699;-0.159107;-0.019205;9.747071
0.082689;-0.031606;-0.020112;9.758914
0.084210;0.227812;-0.021344;9.773141
0.083144;-0.452396;-0.019117;9.729319
0.083584;-0.153201;-0.020435;9.741720
0.084385;0.036018;-0.021339;9.755861
0.085923;0.335543;-0.022545;9.771609
0.086763;0.392680;-0.022859;9.781934
0.084741;-0.375243;-0.020013;9.743681
0.085217;-0.119819;-0.021067;9.751677
0.085599;0.073668;-0.021884;9.767980
0.086204;0.276974;-0.022706;9.780028
0.087150;0.389108;-0.023113;9.794475
0.085618;-0.304834;-0.020578;9.742165
0.086268;-0.081237;-0.021631;9.757035
0.087460;-0.000881;-0.022123;9.765172
0.088256;0.089875;-0.022516;9.774345
0.089259;0.105836;-0.022556;9.780321
0.087416;-0.487381;-0.020071;9.746214
0.088868;-0.160905;-0.021582;9.762607
0.090522;-0.006772;-0.022571;9.772302
0.090345;0.176771;-0.023652;9.784937
0.080249;-0.787760;-0.019652;9.761693
0.078549;-0.251408;-0.022489;9.771974
0.073661;0.317994;-0.024924;9.772237
0.065218;0.765132;-0.025944;9.785113
0.057184;0.806849;-0.024194;9.819292
0.052074;0.023011;-0.019184;9.825260
0.037752;-0.065757;-0.014794;9.796930
0.011810;-0.137987;-0.007969;9.791727
0.136949;-0.037147;-0.003678;9.797180
0.225760;0.030955;-0.006954;9.796416
0.292894;0.175018;-0.018511;9.802591
0.278221;-0.431074;-0.029676;9.764552
0.284507;-0.135062;-0.054667;9.775099
0.269522;0.023981;-0.083761;9.781945
0.243535;0.125358;-0.116740;9.789577
0.226844;0.287266;-0.157304;9.802131
0.109291;-0.409496;-0.170525;9.777859
0.121214;-0.103405;-0.214720;9.784478
0.121967;-0.011233;-0.253908;9.791523
0.134472;0.124428;-0.294790;9.801287
0.048438;-0.428061;-0.300524;9.784400
0.093803;-0.077922;-0.344182;9.791070
0.115174;0.042393;-0.379356;9.799262
0.145656;0.221177;-0.416504;9.812101
0.191027;0.441090;-0.461010;9.828289
0.071062;-0.306634;-0.438713;9.801487
0.104653;-0.061005;-0.470130;9.804602
0.117924;0.003013;-0.489678;9.813673
0.150010;0.194440;-0.516119;9.825848
0.166872;0.281539;-0.535497;9.835761
0.052056;-0.311868;-0.491384;9.793295
0.092069;-0.011099;-0.509400;9.808423
0.116871;0.134574;-0.519416;9.819402
0.143852;0.281498;-0.530390;9.832341
0.029268;-0.382944;-0.468697;9.790335
0.052362;-0.172575;-0.468087;9.796396
0.075822;-0.036874;-0.465732;9.808706
0.110949;0.190980;-0.469966;9.823816
0.140051;0.356574;-0.474633;9.838596
0.141180;0.332444;-0.466971;9.843721
0.016864;-0.505424;-0.387720;9.776283
0.037671;-0.268782;-0.381376;9.789824
0.070057;-0.035390;-0.380894;9.808659
0.082848;0.088326;-0.371067;9.812124
0.088180;0.144236;-0.358877;9.818301
0.009672;-0.435307;-0.294640;9.764771
0.053290;-0.001627;-0.299397;9.791167
0.081306;0.246568;-0.301723;9.806226
0.085855;0.281334;-0.292819;9.811751
0.089917;0.303361;-0.286817;9.821264
0.012976;-0.463943;-0.227444;9.763168
0.037175;-0.162250;-0.227142;9.784494
0.054958;0.047233;-0.225393;9.797099
0.064014;0.172193;-0.221494;9.803293
0.067690;0.227763;-0.215464;9.810949
0.022444;-0.351593;-0.176249;9.771100
0.046863;0.060950;-0.182236;9.793300
0.051420;0.144140;-0.177896;9.798383
0.052210;0.190838;-0.171708;9.806496
0.052513;0.226328;-0.166041;9.815736
0.016506;-0.432832;-0.130535;9.770243
0.023850;-0.171514;-0.125851;9.785797
0.024653;-0.011397;-0.119568;9.795392
0.023212;0.158275;-0.113046;9.805709
0.016830;0.323578;-0.106193;9.820617
-0.005596;-0.362383;-0.074840;9.778882
-0.022526;-0.154168;-0.062189;9.787850
-0.039685;-0.187587;-0.044245;9.787353
-0.066081;-0.045512;-0.024580;9.794233
-0.108583;0.045195;-0.000010;9.801268
-0.117209;-0.540776;0.032490;9.778788
0.111607;-0.078215;0.061409;9.787875
0.279726;0.120550;0.074409;9.789529
0.392547;0.262265;0.073750;9.800889
0.445605;0.402707;0.059844;9.816377
0.384155;-0.207892;0.043443;9.804667
0.363010;0.124731;0.005218;9.811864
0.307335;0.198903;-0.037732;9.821112
0.267138;0.351870;-0.089610;9.834238
0.211123;0.278742;-0.139555;9.838712
0.071019;-0.485198;-0.162884;9.794086
0.087189;-0.192039;-0.223102;9.805887
0.095977;-0.091329;-0.276242;9.811469
0.123826;0.093086;-0.331808;9.819837
0.138828;0.145697;-0.381699;9.825828
0.036574;-0.464034;-0.387378;9.793362
0.066374;-0.282216;-0.433661;9.789202
0.111849;-0.022402;-0.482039;9.805729
0.142275;0.129381;-0.522131;9.817665
0.167127;0.245455;-0.558330;9.830557
0.183259;0.296159;-0.589432;9.842690
0.058160;-0.312402;-0.556669;9.804568
0.106863;-0.004005;-0.586156;9.821629
0.142302;0.174061;-0.609081;9.834922
0.155827;0.237208;-0.620548;9.843519
0.161597;0.249470;-0.627224;9.852479
0.029177;-0.389562;-0.560449;9.798694
0.066761;-0.117151;-0.565481;9.817979
0.111513;0.125876;-0.573373;9.834096
0.118703;0.169212;-0.563451;9.834936
0.123193;0.193745;-0.552444;9.839395
0.010581;-0.425401;-0.474208;9.786818
0.054017;-0.091887;-0.474388;9.801545
0.096541;0.149844;-0.477088;9.821374
0.101184;0.185822;-0.461290;9.822421
0.109431;0.229487;-0.449610;9.829952
0.018816;-0.365857;-0.377117;9.777213
0.060162;-0.023311;-0.377330;9.799492
0.072730;0.064452;-0.365920;9.803181
0.087974;0.179721;-0.358814;9.812061
0.019515;-0.357674;-0.300712;9.770360
0.058295;0.009441;-0.306472;9.785748
0.064087;0.048586;-0.296865;9.790650
0.071898;0.131505;-0.289229;9.796010
0.083906;0.237941;-0.286621;9.806357
0.001534;-0.563081;-0.223716;9.742907
0.029310;-0.214467;-0.226250;9.758072
0.042205;-0.066395;-0.222926;9.764037
0.062687;0.196495;-0.225986;9.774016
0.071342;0.308264;-0.225015;9.779644
0.027896;-0.141378;-0.180597;9.741074
0.048334;0.076894;-0.183073;9.750938
0.061883;0.203830;-0.181655;9.756707
0.034180;-0.287694;-0.154292;9.740984
0.056175;-0.038348;-0.156369;9.740842
0.071608;0.051116;-0.156943;9.748434
0.088784;0.131063;-0.158292;9.755581
0.106903;0.154719;-0.160393;9.760378
0.080324;-0.528396;-0.134956;9.733930
0.167790;-0.186853;-0.147544;9.750759
0.224010;0.035463;-0.165993;9.762232
0.253137;0.194317;-0.189019;9.775520
0.176477;-0.292140;-0.187170;9.778859
0.184077;-0.034421;-0.220993;9.783790
0.182395;0.114985;-0.256736;9.797826
0.176325;0.224569;-0.292862;9.812983
0.190674;0.409020;-0.340056;9.832044
0.095766;-0.007490;-0.334882;9.806157
0.107356;0.099186;-0.369744;9.819834
0.135984;0.278797;-0.410384;9.836280
0.152782;0.328153;-0.444702;9.850408
0.043463;-0.367070;-0.420984;9.820589
0.069139;-0.179526;-0.445088;9.825080
0.086267;-0.094699;-0.462800;9.834666
0.105477;0.033536;-0.479308;9.843459
0.127895;0.166769;-0.496440;9.854653
0.147740;0.272943;-0.513148;9.865862
0.028452;-0.414272;-0.460531;9.827514
0.055531;-0.168198;-0.470166;9.834192
0.075820;-0.038908;-0.473935;9.844820
0.107763;0.182638;-0.483190;9.857277
0.124952;0.291738;-0.485925;9.868322
0.010839;-0.431058;-0.416493;9.821692
0.039985;-0.137218;-0.416262;9.830578
0.054570;-0.021283;-0.407770;9.839173
0.081475;0.198288;-0.405823;9.851075
0.098140;0.324824;-0.402038;9.862323
0.008396;-0.379269;-0.335068;9.815356
0.032072;-0.099914;-0.330046;9.823238
0.050627;0.065789;-0.323277;9.837035
0.072571;0.294196;-0.321947;9.850063
0.074181;0.315566;-0.310113;9.854970
-0.000623;-0.454664;-0.245684;9.792289
0.023328;-0.082954;-0.243628;9.810922
0.036265;0.101524;-0.236681;9.824517
0.034063;0.140571;-0.220653;9.823310
0.030829;0.168111;-0.204345;9.826483
-0.018203;-0.488001;-0.149679;9.762303
-0.034479;-0.694813;-0.109862;9.735381
-0.012302;-0.078085;-0.106065;9.759929
-0.001646;0.301588;-0.098562;9.770929
0.000045;0.641566;-0.090879;9.790817
-0.009016;0.750819;-0.077790;9.818676
-0.022711;0.019724;-0.043794;9.787443
-0.041205;0.158299;-0.026534;9.794680
-0.064298;0.178231;-0.005192;9.805998
-0.089018;0.167499;0.020783;9.809635
-0.097578;0.206821;0.050741;9.816495
-0.028765;-0.570188;0.078323;9.747918
-0.017919;-0.321225;0.108334;9.761111
-0.003571;-0.178740;0.137877;9.771746
-0.010259;0.111845;0.172121;9.786477
-0.010231;0.173257;0.204250;9.791704
0.060573;-0.520739;0.213897;9.744415
0.007484;-0.343116;0.242092;9.761573
-0.068116;-0.366838;0.269854;9.772909
0.154302;-0.149967;0.295787;9.773771
0.296381;0.109369;0.311527;9.777969
0.430699;-0.336815;0.283093;9.772000
0.460193;-0.013020;0.265872;9.780060
0.439973;0.142600;0.234570;9.792055
0.390717;0.286918;0.192089;9.806040
0.327548;0.338977;0.140443;9.817844
0.198634;-0.363928;0.080044;9.813711
0.165558;-0.137699;0.019018;9.809994
0.139175;-0.057531;-0.043515;9.811177
0.136092;0.094223;-0.111888;9.816056
0.146127;0.214698;-0.181883;9.821952
0.066481;-0.337593;-0.233341;9.818478
0.102492;-0.116455;-0.300015;9.817645
0.127030;-0.017558;-0.361753;9.820956
0.159448;0.121695;-0.425834;9.827233
0.171076;0.144262;-0.482016;9.833968
0.057316;-0.361348;-0.499101;9.831523
0.100838;-0.111659;-0.553750;9.831606
0.131112;0.026656;-0.603926;9.835827
0.166076;0.179799;-0.654952;9.843776
0.191112;0.262937;-0.702947;9.853873
0.050957;-0.232521;-0.683888;9.839073
0.091686;-0.042091;-0.725443;9.840678
0.119699;0.045395;-0.760206;9.848671
0.131771;0.093844;-0.786271;9.855332
0.016734;-0.255470;-0.750029;9.841781
0.067852;-0.027973;-0.779385;9.846903
0.085563;0.043313;-0.793040;9.851899
0.116532;0.149773;-0.813033;9.860680
0.122990;0.162733;-0.821369;9.866003
-0.006026;-0.249138;-0.754393;9.842105
0.055374;0.007863;-0.775660;9.849647
0.076202;0.076047;-0.778559;9.852435
0.089527;0.125186;-0.776242;9.858277
0.102317;0.158218;-0.774628;9.863779
-0.019571;-0.276767;-0.690326;9.831758
0.038197;-0.019150;-0.698289;9.841816
0.065050;0.081288;-0.693325;9.845914
0.081630;0.141391;-0.682795;9.850445
-0.030258;-0.332287;-0.592691;9.817474
0.012028;-0.100171;-0.587934;9.822883
0.058896;0.088457;-0.589176;9.833936
0.079245;0.179076;-0.577126;9.838838
0.092773;0.222446;-0.563848;9.845594
0.011356;-0.154851;-0.484899;9.803925
0.035503;-0.023877;-0.472205;9.815329
0.053205;0.070314;-0.457685;9.822149
0.072334;0.161919;-0.445954;9.829020
0.073564;0.144214;-0.427301;9.829576
0.005741;-0.249543;-0.357618;9.792438
0.035720;-0.053513;-0.351922;9.804576
0.048134;0.034611;-0.339327;9.806225
0.071182;0.195019;-0.336645;9.816535
0.072729;0.184356;-0.325200;9.817479
0.003056;-0.353162;-0.266938;9.779446
0.039308;-0.035437;-0.274038;9.793947
0.054464;0.079020;-0.272133;9.797568
0.060750;0.122347;-0.266876;9.799946
0.064756;0.139635;-0.262398;9.803449
0.000625;-0.465490;-0.215109;9.769649
0.018865;-0.282081;-0.218223;9.763798
0.040329;-0.058534;-0.222711;9.773582
0.053648;0.074226;-0.224474;9.779029
0.062653;0.150406;-0.224912;9.783971
0.068865;0.186712;-0.225510;9.788652
0.029162;-0.261039;-0.198513;9.768000
0.054670;0.030525;-0.208112;9.775124
0.063750;0.106376;-0.210808;9.778275
0.072298;0.183104;-0.213945;9.783873
0.080690;0.237312;-0.217887;9.789579
0.027837;-0.429007;-0.186108;9.760952
0.046995;-0.168327;-0.192270;9.763087
0.058629;-0.054974;-0.194869;9.765641
0.073908;0.114141;-0.199799;9.769266
0.090419;0.313399;-0.208975;9.776119
0.035067;-0.277385;-0.183100;9.754748
0.028585;-0.085326;-0.185925;9.753030
0.016793;0.037707;-0.185994;9.759616
0.001779;0.126144;-0.181592;9.764380
-0.014496;0.217289;-0.174423;9.771908
-0.030543;0.241960;-0.161676;9.779210
-0.051701;-0.295162;-0.124377;9.746430
-0.063468;-0.099318;-0.105757;9.748193
-0.073546;-0.027200;-0.079503;9.758062
-0.086683;0.085976;-0.047762;9.769725
-0.105598;0.132045;-0.009960;9.781245
0.070598;-0.428837;0.029104;9.770306
0.175607;-0.127696;0.052427;9.775540
0.243175;-0.024213;0.066235;9.782066
0.271718;0.163897;0.070350;9.792445
0.268090;0.288252;0.065921;9.803149
0.205927;-0.223751;0.060144;9.791351
0.172141;0.003249;0.041024;9.796463
0.139333;0.162310;0.016947;9.805783
0.109722;0.249375;-0.010047;9.813970
0.086559;0.258949;-0.038777;9.822339
0.032537;-0.377227;-0.057263;9.803151
0.046021;-0.112978;-0.090141;9.808068
0.063088;0.083586;-0.123287;9.814207
0.074861;0.157778;-0.152304;9.817758
0.086537;0.200258;-0.179719;9.825035
0.097950;0.225380;-0.205707;9.832308
0.063196;-0.250940;-0.213522;9.795991
0.087599;0.063165;-0.239107;9.808996
0.097156;0.158193;-0.257429;9.816152
0.104093;0.228015;-0.272368;9.824293
0.050473;-0.358353;-0.258624;9.791594
0.065869;-0.082963;-0.269346;9.797107
0.073628;0.024122;-0.274140;9.805198
0.081334;0.137037;-0.276953;9.813118
0.087878;0.210886;-0.277410;9.821994
0.047160;-0.289056;-0.250894;9.800285
0.060350;-0.048307;-0.249660;9.804576
0.067235;0.033566;-0.244165;9.811192
0.075435;0.164174;-0.239387;9.819376
0.084632;0.295543;-0.235650;9.829641
0.047540;-0.150726;-0.202152;9.788113
0.056111;0.031524;-0.196199;9.800817
0.058177;0.097515;-0.186123;9.805694
0.061207;0.172184;-0.177116;9.812141
0.032119;-0.334211;-0.144959;9.780322
0.042099;-0.044815;-0.138850;9.783116
0.046416;0.063026;-0.130606;9.789281
0.050021;0.193108;-0.123606;9.795996
0.049734;0.210642;-0.114093;9.800129
0.030016;-0.356693;-0.087438;9.770997
0.037585;-0.005608;-0.084485;9.780337
0.038249;0.079038;-0.076973;9.782819
0.037093;0.122768;-0.067756;9.784426
0.030416;-0.382813;-0.047036;9.758716
0.037765;-0.126329;-0.040205;9.763357
0.044639;0.031464;-0.033808;9.768227
0.051056;0.137381;-0.026806;9.772723
0.057874;0.339242;-0.022211;9.783344
0.059693;-0.305321;-0.008786;9.757166
0.064137;-0.093985;-0.005985;9.759157
0.067379;-0.046262;-0.002929;9.766444
0.070094;0.070299;-0.001338;9.772929
0.072587;0.116362;-0.000359;9.778412
0.070938;-0.463247;0.003885;9.758602
0.185278;-0.119576;-0.003916;9.765776
0.261406;0.045966;-0.022758;9.770205
0.300953;0.153497;-0.050492;9.778147
0.323443;0.327228;-0.089715;9.791272
0.234206;-0.176171;-0.119191;9.780930
0.228734;0.056979;-0.171877;9.788322
0.203922;0.120437;-0.222638;9.797463
0.089999;-0.334998;-0.225648;9.776715
0.004994;-0.517856;-0.255739;9.764461
0.057108;-0.012972;-0.317952;9.777618
0.090677;0.247204;-0.374645;9.786700
0.143336;0.525522;-0.438048;9.803255
0.179779;0.628325;-0.494951;9.825676
0.079941;-0.045836;-0.498196;9.816456
0.122029;0.100670;-0.544552;9.819277
0.154641;0.159174;-0.583782;9.836470
0.174627;0.196858;-0.614766;9.847693
0.171716;0.140588;-0.632258;9.851971
0.039015;-0.483238;-0.587337;9.798665
0.063979;-0.250263;-0.598920;9.811686
0.092691;-0.080213;-0.606496;9.826280
0.121264;0.098397;-0.611309;9.835307
0.135724;0.174276;-0.608821;9.841822
0.027298;-0.385254;-0.540169;9.796508
0.066506;-0.101633;-0.539182;9.810323
0.106588;0.097591;-0.538795;9.830246
0.120983;0.175991;-0.526652;9.835836
0.136072;0.249132;-0.516687;9.847387
0.036127;-0.339574;-0.439257;9.795798
0.074293;-0.045857;-0.436462;9.818211
0.085261;0.030579;-0.420967;9.825380
0.101915;0.157959;-0.409891;9.837918
0.007012;-0.474277;-0.331198;9.779746
0.048794;-0.086314;-0.329550;9.799296
0.066682;0.056336;-0.319497;9.810212
0.080031;0.179013;-0.309285;9.817848
0.093331;0.281009;-0.303070;9.830208
0.027220;-0.320190;-0.249261;9.787455
0.045198;-0.115245;-0.244924;9.793435
0.056685;-0.018362;-0.239267;9.805490
0.072400;0.136675;-0.237977;9.815363
0.090106;0.300509;-0.241440;9.829270
0.090033;0.264607;-0.236667;9.831683
0.019183;-0.552981;-0.186767;9.762873
0.044638;-0.226567;-0.193028;9.782358
0.053735;-0.124998;-0.190542;9.791219
0.064586;0.028403;-0.189551;9.796630
0.072971;0.138490;-0.188969;9.803603
0.081026;0.233945;-0.189985;9.813765
0.041286;-0.323739;-0.160105;9.772878
0.058292;-0.035199;-0.164459;9.785473
0.067288;0.106639;-0.165966;9.794423
0.076604;0.255684;-0.168605;9.804881
0.034450;-0.475708;-0.138282;9.757858
0.047854;-0.176406;-0.141261;9.768531
0.056490;-0.020631;-0.141837;9.781010
0.071685;0.282595;-0.147550;9.796875
0.071959;0.282902;-0.144615;9.801672
0.036752;-0.487140;-0.116738;9.757615
0.047690;-0.138855;-0.118971;9.771690
0.052686;0.042178;-0.118231;9.783720
0.054182;0.173559;-0.115460;9.789941
0.052540;0.212025;-0.110266;9.796711
0.031068;-0.471307;-0.086211;9.755848
0.032220;-0.154992;-0.083067;9.769557
0.027500;-0.143166;-0.074443;9.770037
0.056111;0.058773;-0.067208;9.778918
0.069026;-0.418286;-0.049181;9.767425
0.086929;-0.098326;-0.045210;9.773938
0.096592;0.137452;-0.042982;9.782100
0.100085;0.309307;-0.041126;9.792684
0.098254;0.439806;-0.040311;9.806175
0.079075;-0.318166;-0.028609;9.784259
0.074935;-0.077229;-0.029487;9.784031
0.073314;0.167964;-0.031847;9.794492
0.071125;0.329261;-0.033703;9.801547
0.069989;0.356483;-0.034378;9.810468
0.062639;-0.350032;-0.027545;9.771892
0.065209;-0.055425;-0.030096;9.779213
0.067376;0.014705;-0.030989;9.783292
0.070433;0.160478;-0.032171;9.790337
0.068136;-0.381535;-0.027378;9.753341
0.072679;0.002450;-0.029533;9.769900
0.075036;0.275781;-0.031091;9.782146
0.076757;0.347401;-0.031159;9.790595
0.078079;0.362206;-0.030629;9.800870
0.075663;-0.228034;-0.026174;9.748064
0.076064;0.053616;-0.026829;9.767640
0.076864;0.230682;-0.026689;9.780602
0.076700;0.353464;-0.025952;9.793394
0.077312;0.362682;-0.024433;9.802561
0.076766;-0.324203;-0.019752;9.739579
0.076797;-0.004931;-0.019412;9.763981
0.076907;0.131787;-0.018299;9.774696
0.077516;0.186019;-0.016605;9.781246
0.078375;-0.320507;-0.013233;9.732354
0.079219;-0.085341;-0.012307;9.753283
0.079544;0.165137;-0.011194;9.767525
0.078647;0.406651;-0.009840;9.784307
0.079878;0.369009;-0.007798;9.791885
0.083192;-0.443472;-0.004379;9.743043
0.081412;-0.130278;-0.003552;9.758662
0.080173;0.016787;-0.002376;9.772021
0.079479;0.245572;-0.001240;9.784027
0.082819;-0.423778;0.000651;9.740677
0.081691;-0.098488;0.001116;9.753771
0.081057;0.072457;0.001867;9.766139
0.078932;0.347906;0.002780;9.781256
0.079656;0.352215;0.003980;9.788335
0.086235;-0.474977;0.004885;9.735003
0.084732;-0.324816;0.005007;9.728263
0.082793;-0.072008;0.005012;9.745866
0.082038;0.072918;0.005224;9.753828
0.079315;0.261822;0.005940;9.765933
0.085248;-0.483068;0.005681;9.727487
0.084558;-0.326861;0.005704;9.719618
0.080474;0.033280;0.006101;9.737372
0.078464;0.222611;0.006907;9.748339
0.076104;0.358327;0.008351;9.761608
0.084671;-0.483628;0.007841;9.723078
0.080005;-0.176235;0.009081;9.732538
0.076301;0.028996;0.010996;9.741886
0.071691;0.160170;0.013165;9.746563
0.083874;-0.457206;0.013159;9.725005
0.090376;-0.233631;0.015049;9.716171
0.101030;0.026727;0.016103;9.724697
0.117371;0.174052;0.015945;9.733868
0.135567;0.216431;0.013993;9.742344
0.151775;-0.502932;0.008901;9.722769
0.182059;-0.210739;0.000697;9.727466
0.221042;-0.144008;-0.011443;9.728560
0.277878;-0.357399;-0.027402;9.722125
0.115404;-0.127202;-0.047388;9.730379
-0.031224;-0.380969;-0.054736;9.730669
-0.116148;-0.075436;-0.059371;9.736692
-0.159376;0.216671;-0.055687;9.748340
-0.169349;0.458989;-0.042927;9.762840
-0.097346;-0.116485;-0.025198;9.801598
-0.065009;0.052571;-0.000508;9.794523
-0.031898;0.127220;0.028474;9.798889
-0.011499;0.233599;0.062410;9.806555
0.000770;0.291148;0.100836;9.813938
0.073561;-0.309813;0.124760;9.816952
0.053498;-0.114818;0.164863;9.811793
0.041246;-0.054772;0.202309;9.812901
0.023414;0.048346;0.240760;9.817012
-0.009287;0.240179;0.285476;9.821397
0.038525;-0.051794;0.300617;9.816561
0.014163;0.103845;0.337616;9.819755
-0.011256;0.264459;0.376581;9.826456
-0.033007;0.371103;0.415431;9.836814
0.064391;-0.213956;0.411124;9.836055
0.030280;-0.005010;0.443753;9.829954
0.016063;0.050646;0.468437;9.833426
0.000368;0.143119;0.492151;9.840439
0.098779;-0.349636;0.465973;9.828865
0.059308;-0.087893;0.487437;9.830527
0.038923;0.024774;0.501006;9.833837
0.035086;0.078416;0.505733;9.839005
0.020214;0.173300;0.514692;9.846678
0.128964;-0.377200;0.462532;9.829643
0.089184;-0.117370;0.469346;9.831969
0.068755;0.001650;0.469410;9.836047
0.033003;0.214319;0.478100;9.845337
0.008693;0.338802;0.484926;9.855152
0.010881;0.302207;0.481105;9.860795
0.103847;-0.244624;0.421458;9.820162
0.063648;-0.020561;0.428610;9.825239
0.053804;0.023293;0.422071;9.831528
0.048654;0.078452;0.413674;9.837440
0.042862;0.128814;0.407534;9.844918
0.093621;-0.148704;0.363639;9.822441
0.064811;0.062963;0.363606;9.832451
0.050371;0.167412;0.359871;9.838356
0.127467;-0.317121;0.297540;9.801774
0.158458;-0.530217;0.248271;9.780354
0.101659;-0.054052;0.252386;9.795369
0.067497;0.221225;0.256180;9.804136
0.044781;0.416986;0.260034;9.819445
0.027634;0.553920;0.268765;9.838939
0.019368;0.592198;0.278258;9.858775
0.093351;-0.144422;0.240072;9.812521
0.074045;-0.009210;0.246332;9.817823
0.061754;0.027641;0.249408;9.830111
0.046638;0.124668;0.253870;9.838273
0.046269;0.086611;0.251587;9.836628
0.106742;-0.494779;0.214180;9.783858
0.083098;-0.218775;0.217037;9.803496
0.064692;-0.026915;0.218998;9.810960
0.052649;0.109074;0.219866;9.814682
0.045870;0.193138;0.221205;9.821710
0.094175;-0.302802;0.191337;9.784851
0.068795;-0.011134;0.197256;9.800293
0.054217;0.136348;0.201206;9.808288
0.038499;0.305230;0.208908;9.820630
0.043684;0.292656;0.210941;9.825941
0.107864;-0.368135;0.182563;9.784519
0.104126;-0.154925;0.185248;9.792389
0.104057;-0.021003;0.185731;9.799777
0.105863;0.109620;0.183560;9.803040
0.112884;0.127740;0.176615;9.804114
0.142082;-0.279402;0.144673;9.763527
0.132254;0.005133;0.138019;9.774400
0.127859;0.117119;0.126689;9.777958
0.125028;0.183729;0.113665;9.782446
0.132424;-0.343675;0.084576;9.760121
0.019552;-0.069161;0.073528;9.765860
-0.061646;0.127976;0.072972;9.774637
-0.108273;0.262370;0.079938;9.783187
-0.129817;0.402277;0.096297;9.797764
-0.049055;-0.224098;0.096008;9.772636
-0.036481;-0.032875;0.120392;9.776719
-0.018083;0.073900;0.147623;9.790241
-0.000254;0.166354;0.176302;9.799325
0.013647;0.223100;0.205876;9.808270
0.099025;-0.365581;0.207660;9.766336
0.079236;-0.105561;0.237956;9.779760
0.066343;0.016135;0.263173;9.791326
0.053289;0.126748;0.285472;9.798119
0.025933;0.329274;0.313093;9.815494
0.101030;-0.346201;0.294274;9.761342
0.071766;-0.067665;0.311621;9.776028
0.053230;0.078797;0.323623;9.791811
0.038680;0.221112;0.333006;9.802257
0.028642;0.309683;0.339324;9.814826
0.085321;-0.150394;0.305618;9.759385
0.072985;0.006383;0.302550;9.773075
0.059392;0.167791;0.300424;9.790079
0.040901;0.378084;0.301769;9.810839
0.104945;-0.284449;0.257968;9.756366
0.091145;-0.075476;0.248572;9.763958
0.082647;0.045148;0.238518;9.782313
0.078068;0.142401;0.226463;9.790796
0.067681;0.307195;0.218689;9.808054
0.122902;-0.435686;0.171184;9.738062
0.108362;-0.147958;0.160910;9.752812
0.104443;-0.061732;0.146639;9.764971
0.095741;0.158281;0.138222;9.779648
0.124293;-0.317023;0.104965;9.743835
0.110431;0.060134;0.098806;9.763915
0.109179;0.165416;0.089282;9.772540
0.109902;0.236887;0.080405;9.782201
0.113854;0.265239;0.071524;9.790730
0.135520;-0.361052;0.047007;9.749008
0.133808;-0.068616;0.039754;9.763931
0.137700;0.032527;0.030634;9.768674
0.143522;0.172409;0.021511;9.776901
0.150855;0.176253;0.010504;9.779503
0.150359;-0.435247;-0.007270;9.745180
0.153996;-0.122391;-0.018754;9.755850
0.159429;0.004868;-0.031464;9.761223
0.165119;0.090052;-0.046047;9.765260
0.174397;0.139572;-0.061853;9.771155
0.160083;-0.437061;-0.075690;9.744212
0.206379;0.035254;-0.099906;9.757949
0.250760;0.071797;-0.124074;9.761723
0.026936;0.067475;-0.141195;9.761507
-0.138842;-0.521308;-0.135530;9.745462
-0.246101;-0.151097;-0.127764;9.754044
-0.293029;0.095394;-0.105164;9.761693
-0.284702;0.173399;-0.070777;9.773523
-0.149157;-0.448143;-0.034122;9.779620
-0.114580;-0.146466;0.016669;9.786043
-0.069590;-0.015683;0.071210;9.796981
-0.046808;0.191850;0.135753;9.810397
-0.037787;0.328907;0.206021;9.824841
0.092688;-0.321786;0.242896;9.821979
0.059319;-0.107959;0.309122;9.827559
0.029148;-0.003660;0.373181;9.837339
-0.018317;0.167704;0.441984;9.849281
-0.042734;0.202503;0.504447;9.859802
0.052386;-0.204603;0.521163;9.845361
0.017196;-0.055236;0.573937;9.855676
-0.015414;0.079162;0.625901;9.866669
-0.047047;0.199427;0.678576;9.878155
0.096258;-0.288383;0.662996;9.866755
0.060527;-0.105955;0.698063;9.864221
0.042558;-0.022220;0.725911;9.873793
0.014823;0.106388;0.755830;9.884151
-0.012656;0.206613;0.785317;9.893874
-0.030801;0.256137;0.810947;9.903621
0.142112;-0.332060;0.744844;9.878622
0.101673;-0.162102;0.758368;9.878680
0.083274;-0.085042;0.760514;9.882901
0.044779;0.083917;0.770173;9.890450
0.009373;0.221834;0.780705;9.897925
0.140202;-0.246283;0.704461;9.871341
0.094132;-0.048629;0.707107;9.871441
0.072827;0.024653;0.699288;9.877755
0.046125;0.138718;0.694036;9.883916
0.022608;0.224486;0.689744;9.890687
0.162452;-0.361648;0.590237;9.846813
0.124987;-0.169960;0.578031;9.849659
0.100713;-0.061170;0.561710;9.854750
0.069890;0.098996;0.549503;9.859731
0.050263;0.202417;0.536390;9.865144
0.157769;-0.341212;0.448328;9.826097
0.120855;-0.119827;0.436334;9.828974
0.104356;-0.031066;0.418263;9.833688
0.093083;0.049275;0.399169;9.835538
0.074648;0.165839;0.388258;9.841685
0.052489;0.296073;0.385502;9.850767
