-0.295044;0.098560;0.627847;10.024654;0
-0.287221;0.110768;0.633690;10.024654;0
-0.280756;0.098515;0.633690;10.024654;0
-0.274392;0.082440;0.633690;10.024654;0
-0.268220;0.073073;0.639025;10.024654;0
-0.262307;0.068761;0.639025;10.024654;0
-0.256702;0.058959;0.643847;10.024654;0
-0.251668;0.054673;0.643847;10.024654;0
-0.245719;0.061040;0.648174;10.024654;0
-0.242060;0.075466;0.648174;10.024654;0
-0.238996;0.090369;0.652043;10.024654;0
-0.236421;0.091571;0.652043;10.024654;0
-0.234547;0.089903;0.655516;10.024654;0
-0.233135;0.090743;0.655516;10.024654;0
-0.232912;0.097903;0.655516;10.024654;0
-0.233380;0.110216;0.658678;10.024654;0
-0.234353;0.113578;0.658678;10.024654;0
-0.236346;0.100118;0.661636;10.024654;0
-0.238588;0.090938;0.661636;10.024654;0
-0.241377;0.088889;0.664519;10.024654;0
-0.244691;0.093686;0.664519;10.024654;0
-0.248341;0.096625;0.667474;10.024654;0
-0.253650;0.086023;0.667474;10.024654;0
-0.258042;0.080667;0.670663;10.024654;0
-0.262780;0.082463;0.670663;10.024654;0
-0.267706;0.089780;0.674261;10.024654;0
-0.272943;0.100488;0.674261;10.024654;0
-0.280155;0.101954;0.674261;10.024654;0
-0.285551;0.092527;0.678445;10.024654;0
-0.291218;0.084071;0.678445;10.024654;0
-0.296945;0.082388;0.683392;10.024654;0
-0.302886;0.087966;0.683392;10.024654;0
-0.310793;0.089407;0.689269;10.024654;0
-0.316753;0.081832;0.689269;10.024654;0
-0.322691;0.071561;0.696223;10.024654;0
-0.328578;0.045012;0.696223;10.024654;0
-0.334917;0.018676;0.696223;10.024654;0
-0.343702;-0.013089;0.704372;10.024654;0
-0.350550;-0.016528;0.704372;10.024654;0
-0.357353;0.000723;0.713801;10.024654;0
-0.364024;0.034224;0.713801;10.024654;0
-0.370443;0.074363;0.724547;10.024654;0
-0.376870;0.104508;0.724547;10.024654;0
-0.385610;0.122301;0.724547;10.024654;0
-0.392761;0.130086;0.736599;10.024654;0
-0.401038;0.139559;0.736599;10.024654;0
-0.410605;0.140235;0.749890;10.024654;0
-0.422656;0.130028;0.749890;10.024654;0
-0.438249;0.120787;0.764294;10.024654;0
-0.466870;0.115491;0.764294;10.024654;0
-1.000000;0.136714;0.764294;10.024654;0
-1.000000;0.121081;0.779629;10.024654;0
-1.000000;0.106304;0.779629;10.024654;0
-1.000000;0.099847;0.779629;10.024654;0
-1.000000;0.106090;0.795675;10.024654;0
-1.000000;0.112369;0.795675;10.024654;0
-0.990928;0.111772;0.795675;10.024654;0
-0.980508;0.111769;0.812197;10.024654;0
-0.967289;0.119221;0.812197;10.024654;0
-0.956761;0.125250;0.828962;10.024654;0
-0.946227;0.124752;0.828962;10.024654;0
-0.935114;0.123897;0.828962;10.024654;0
-0.924235;0.127184;0.845741;10.024654;0
-0.908817;0.134210;0.845741;10.024654;0
-0.896805;0.132354;0.845741;10.024654;0
-0.883954;0.131692;0.845741;10.024654;0
-0.870956;0.136320;0.862316;10.024654;0
-0.857411;0.143379;0.862316;10.024654;0
-0.838011;0.142654;0.862316;10.024654;0
-0.822571;0.137046;0.878487;10.024654;0
-0.807626;0.135376;0.878487;10.024654;0
-0.791510;0.138737;0.878487;10.024654;0
-0.769900;0.145666;0.894071;10.024654;0
-0.752548;0.142096;0.894071;10.024654;0
-0.734860;0.134292;0.894071;10.024654;0
-0.717071;0.130177;0.894071;10.024654;0
-0.699520;0.131156;0.908905;10.024654;0
-0.680607;0.136677;0.908905;10.024654;0
-0.657962;0.141680;0.908905;10.024654;0
-0.639895;0.134744;0.922852;10.024654;0
-0.621630;0.128732;0.922852;10.024654;0
-0.603881;0.128610;0.922852;10.024654;0
-0.586317;0.136429;0.922852;10.024654;0
-0.563179;0.148457;0.935794;10.024654;0
-0.545649;0.144721;0.935794;10.024654;0
-0.528671;0.138327;0.935794;10.024654;0
-0.511727;0.135477;0.947638;10.024654;0
-0.489546;0.140730;0.947638;10.024654;0
-0.473569;0.146635;0.947638;10.024654;0
-0.457451;0.142939;0.947638;10.024654;0
-0.441653;0.130580;0.958313;10.024654;0
-0.421274;0.117760;0.958313;10.024654;0
-0.406620;0.116260;0.958313;10.024654;0
-0.392092;0.115498;0.967770;10.024654;0
-0.377967;0.109414;0.967770;10.024654;0
-0.364544;0.107981;0.967770;10.024654;0
-0.351534;0.112156;0.967770;10.024654;0
-0.335102;0.124787;0.975981;10.024654;0
-0.322554;0.124993;0.975981;10.024654;0
-0.310539;0.116896;0.975981;10.024654;0
-0.298700;0.110896;0.982938;10.024654;0
-0.283869;0.110994;0.982938;10.024654;0
-0.272958;0.111832;0.982938;10.024654;0
-0.262141;0.103461;0.982938;10.024654;0
-0.252038;0.096232;0.988652;10.024654;0
-0.242245;0.094003;0.988652;10.024654;0
-0.229135;0.104345;0.988652;10.024654;0
-0.219858;0.114171;0.988652;10.024654;0
-0.210584;0.113134;0.993149;10.024654;0
-0.201385;0.109516;0.993149;10.024654;0
-0.192583;0.107786;0.993149;10.024654;0
-0.181265;0.113653;0.996471;10.024654;0
-0.172889;0.122945;0.996471;10.024654;0
-0.164491;0.127827;0.996471;10.024654;0
-0.156246;0.115343;0.996471;10.024654;0
-0.148237;0.100444;0.998675;10.024654;0
-0.138059;0.094595;0.998675;10.024654;0
-0.130544;0.094393;0.998675;10.024654;0
-0.123372;0.085901;0.998675;10.024654;0
-0.116561;0.080050;0.998675;10.024654;0
-0.109610;0.083169;0.998675;10.024654;0
-0.101148;0.100365;0.998675;10.024654;0
-0.094921;0.113491;0.999826;10.024654;0
-0.088845;0.112706;0.999826;10.024654;0
-0.082752;0.108546;0.999826;10.024654;0
-0.074968;0.107726;0.999826;10.024654;0
-0.069472;0.111456;1.000000;10.024654;0
-0.064050;0.111690;1.000000;10.024654;0
-0.058813;0.099863;1.000000;10.024654;0
-0.053971;0.089128;0.999278;10.024654;0
-0.047872;0.084727;0.999278;10.024654;0
-0.043431;0.091022;0.999278;10.024654;0
-0.039040;0.096985;0.999278;10.024654;0
-0.034825;0.094709;0.997747;10.024654;0
-0.030908;0.096742;0.997747;10.024654;0
-0.026395;0.107854;0.997747;10.024654;0
-0.022547;0.110399;0.992609;10.024654;0
-0.019496;0.109277;0.992609;10.024654;0
-0.016861;0.111918;0.992609;10.024654;0
-0.014851;0.118269;0.992609;10.024654;0
0.027611;0.091271;0.989178;10.024654;0
0.031476;0.084549;0.989178;10.024654;0
0.033818;0.074783;0.989178;10.024654;0
0.035725;0.070281;0.985271;10.024654;0
0.037023;0.074268;0.985271;10.024654;0
0.038071;0.086092;0.985271;10.024654;0
0.038380;0.088037;0.985271;10.024654;0
0.038274;0.094569;0.980931;10.024654;0
0.037768;0.107931;0.980931;10.024654;0
0.036552;0.132082;0.980931;10.024654;0
0.035347;0.146551;0.976177;10.024654;0
0.033955;0.148260;0.976177;10.024654;0
0.032378;0.145970;0.976177;10.024654;0
0.030726;0.145799;0.976177;10.024654;0
0.028448;0.146777;0.971009;10.024654;0
0.026890;0.138716;0.971009;10.024654;0
0.025300;0.133405;0.971009;10.024654;0
0.023768;0.134630;0.965413;10.024654;0
0.022289;0.144079;0.965413;10.024654;0
0.020578;0.165879;0.965413;10.024654;0
0.019511;0.170478;0.959372;10.024654;0
0.018583;0.163275;0.959372;10.024654;0
0.017781;0.154886;0.959372;10.024654;0
0.016889;0.152681;0.952867;10.024654;0
0.016364;0.151198;0.952867;10.024654;0
0.016002;0.139202;0.952867;10.024654;0
0.015745;0.130950;0.945888;10.024654;0
0.015545;0.132017;0.945888;10.024654;0
0.015394;0.138359;0.945888;10.024654;0
0.015390;0.133289;0.938431;10.024654;0
0.015419;0.131945;0.938431;10.024654;0
0.015439;0.136992;0.938431;10.024654;0
0.015454;0.146656;0.930512;10.024654;0
0.015470;0.165280;0.930512;10.024654;0
0.015543;0.162130;0.930512;10.024654;0
0.015631;0.151717;0.922162;10.024654;0
0.015700;0.143354;0.922162;10.024654;0
0.015742;0.141952;0.922162;10.024654;0
0.015744;0.153516;0.913438;10.024654;0
0.015756;0.160616;0.913438;10.024654;0
0.015807;0.150832;0.904417;10.024654;0
0.015857;0.138352;0.904417;10.024654;0
0.015888;0.134928;0.904417;10.024654;0
0.015921;0.134142;0.895204;10.024654;0
0.015995;0.119317;0.895204;10.024654;0
0.016064;0.105434;0.948476;10.024654;0
0.016115;0.102112;0.948476;10.024654;0
0.016135;0.119309;0.885928;10.024654;0
0.016172;0.133091;0.885928;10.024654;0
0.016258;0.128434;0.876744;10.024654;0
0.016361;0.121739;0.876744;10.024654;0
0.016452;0.123581;0.867827;10.024654;0
0.016575;0.140625;0.867827;10.024654;0
0.016761;0.143883;0.867827;10.024654;0
0.016990;0.136225;0.859369;10.024654;0
0.017213;0.128652;0.859369;10.024654;0
0.017519;0.124110;0.851575;10.024654;0
0.017760;0.124294;0.851575;10.024654;0
0.018108;0.113600;0.844652;10.024654;0
0.018568;0.093888;0.844652;10.024654;0
0.019266;0.073577;0.838798;10.024654;0
0.019960;0.058364;0.838798;10.024654;0
0.020948;0.018088;0.838798;10.024654;0
0.022146;-0.027747;0.834197;10.024654;0
0.023486;-0.052649;0.834197;10.024654;0
0.024966;-0.043814;0.830997;10.024654;0
0.027346;0.011022;0.830997;10.024654;0
0.029824;0.060317;0.829305;10.024654;0
0.528571;0.077338;0.829305;10.024654;0
0.535963;0.091023;0.829168;10.024654;0
0.545872;0.092436;0.829168;10.024654;0
0.553349;0.092940;0.830567;10.024654;0
0.561037;0.099463;0.830567;10.024654;0
0.568423;0.100026;0.833414;10.024654;0
0.575740;0.092937;0.833414;10.024654;0
0.585084;0.089263;0.837576;10.024654;0
0.591618;0.093272;0.837576;10.024654;0
0.597455;0.104678;0.842878;10.024654;0
0.602573;0.117478;0.842878;10.024654;0
0.606665;0.115970;0.849114;10.024654;0
0.610418;0.111142;0.849114;10.024654;0
0.611895;0.111726;0.856056;10.024654;0
0.612017;0.112622;0.856056;10.024654;0
0.610761;0.104076;0.863464;10.024654;0
0.608217;0.097469;0.863464;10.024654;0
0.602596;0.100608;0.863464;10.024654;0
0.596778;0.117298;0.871093;10.024654;0
0.589419;0.134909;0.878701;10.024654;0
0.580484;0.138677;0.878701;10.024654;0
0.570184;0.138044;0.886055;10.024654;0
0.554483;0.143628;0.886055;10.024654;0
0.541137;0.155694;0.886055;10.024654;0
0.526567;0.159881;0.892937;10.024654;0
0.511325;0.154935;0.892937;10.024654;0
0.495091;0.153138;0.899145;10.024654;0
0.473322;0.163808;0.899145;10.024654;0
0.456186;0.173475;0.899145;10.024654;0
0.438235;0.167883;0.904501;10.024654;0
0.419782;0.158968;0.904501;10.024654;0
0.401577;0.155093;0.908849;10.024654;0
0.376780;0.167993;0.908849;10.024654;0
0.358718;0.186490;0.908849;10.024654;0
0.339885;0.199156;0.912057;10.024654;0
0.321488;0.189246;0.912057;10.024654;0
0.303521;0.175448;0.914019;10.024654;0
0.279828;0.166287;0.914019;10.024654;0
0.263151;0.167182;0.914019;10.024654;0
0.246393;0.158718;0.914657;10.024654;0
0.230607;0.143221;0.914657;10.024654;0
0.210657;0.137054;0.913918;10.024654;0
0.195593;0.146774;0.913918;10.024654;0
0.181447;0.162710;0.913918;10.024654;0
0.168037;0.164519;0.911777;10.024654;0
0.154983;0.151673;0.911777;10.024654;0
0.138363;0.136536;0.908235;10.024654;0
0.126253;0.135531;0.908235;10.024654;0
0.114725;0.142049;0.908235;10.024654;0
0.103638;0.141946;0.903322;10.024654;0
0.093036;0.133021;0.903322;10.024654;0
0.079539;0.129863;0.897094;10.024654;0
0.069788;0.135054;0.897094;10.024654;0
0.060056;0.144839;0.897094;10.024654;0
0.050616;0.144294;0.889636;10.024654;0
0.038636;0.125376;0.889636;10.024654;0
0.029800;0.113360;0.881061;10.024654;0
0.020912;0.110459;0.881061;10.024654;0
0.012077;0.119303;0.871511;10.024654;0
0.003690;0.123058;0.871511;10.024654;0
-0.005502;0.112927;0.871511;10.024654;0
-0.015188;0.097309;0.861155;10.024654;0
-0.025714;0.084979;0.861155;10.024654;0
0.531501;0.055565;0.850192;10.024654;0
0.536028;0.037541;0.850192;10.024654;0
0.541581;0.014374;0.838841;10.024654;0
0.551090;0.000985;0.838841;10.024654;0
0.560035;0.009720;0.838841;10.024654;0
0.569555;0.032336;0.827310;10.024654;0
0.579575;0.051711;0.827310;10.024654;0
0.589793;0.065193;0.815799;10.024654;0
0.600131;0.081568;0.815799;10.024654;0
0.613200;0.112497;0.815799;10.024654;0
0.622338;0.138050;0.804494;10.024654;0
0.630222;0.153524;0.804494;10.024654;0
0.636567;0.149285;0.793568;10.024654;0
0.642301;0.138605;0.793568;10.024654;0
0.646579;0.132690;0.793568;10.024654;0
0.648273;0.135304;0.783182;10.024654;0
0.648130;0.139589;0.783182;10.024654;0
0.646000;0.134377;0.773478;10.024654;0
0.642087;0.124469;0.773478;10.024654;0
0.634300;0.120555;0.764587;10.024654;0
0.626367;0.127986;0.764587;10.024654;0
0.616646;0.142228;0.764587;10.024654;0
0.605089;0.149687;0.756619;10.024654;0
0.591697;0.146104;0.756619;10.024654;0
0.572046;0.146837;0.749669;10.024654;0
0.555951;0.156270;0.749669;10.024654;0
0.538369;0.171509;0.749669;10.024654;0
0.520277;0.176643;0.743810;10.024654;0
0.497965;0.165833;0.743810;10.024654;0
0.474451;0.158113;0.739098;10.024654;0
0.454469;0.160822;0.739098;10.024654;0
0.434221;0.169049;0.735564;10.024654;0
0.413801;0.173742;0.735564;10.024654;0
0.393464;0.163604;0.733223;10.024654;0
0.366428;0.154065;0.733223;10.024654;0
0.347236;0.156883;0.733223;10.024654;0
0.327666;0.166281;0.732066;10.024654;0
0.308509;0.166296;0.732066;10.024654;0
0.284955;0.152555;0.732062;10.024654;0
0.267334;0.146962;0.732062;10.024654;0
0.250321;0.149098;0.733161;10.024654;0
0.233919;0.151729;0.733161;10.024654;0
0.218550;0.143446;0.735294;10.024654;0
0.203882;0.137065;0.735294;10.024654;0
0.185184;0.136197;0.738372;10.024654;0
0.171619;0.142203;0.738372;10.024654;0
0.158636;0.143202;0.742290;10.024654;0
0.146417;0.125776;0.742290;10.024654;0
0.135091;0.107968;0.746928;10.024654;0
0.120944;0.097554;0.746928;10.024654;0
0.110653;0.093353;0.752149;10.024654;0
0.100997;0.077213;0.752149;10.024654;0
0.091844;0.064721;0.757806;10.024654;0
0.083375;0.061246;0.757806;10.024654;0
0.072470;0.064538;0.763741;10.024654;0
0.064495;0.056337;0.763741;10.024654;0
0.056699;0.049583;0.769787;10.024654;0
0.048889;0.048687;0.769787;10.024654;0
0.527562;0.114897;0.775768;10.024654;0
0.524918;0.114583;0.775768;10.024654;0
0.521665;0.095531;0.781513;10.024654;0
0.519564;0.085989;0.781513;10.024654;0
0.517575;0.087433;0.781513;10.024654;0
0.515414;0.096936;0.786872;10.024654;0
0.512986;0.098254;0.786872;10.024654;0
0.509166;0.102525;0.791724;10.024654;0
0.505579;0.111901;0.791724;10.024654;0
0.501216;0.121495;0.795970;10.024654;0
0.496074;0.120569;0.795970;10.024654;0
0.487645;0.120415;0.799541;10.024654;0
0.480121;0.128173;0.799541;10.024654;0
0.471566;0.143195;0.802392;10.024654;0
0.461725;0.157647;0.802392;10.024654;0
0.447160;0.152090;0.802392;10.024654;0
0.433265;0.141219;0.804500;10.024654;0
0.419718;0.134438;0.804500;10.024654;0
0.405221;0.133380;0.805870;10.024654;0
0.389181;0.140970;0.805870;10.024654;0
0.366828;0.152149;0.806527;10.024654;0
0.349366;0.144652;0.806527;10.024654;0
0.330724;0.134463;0.806521;10.024654;0
0.311908;0.131247;0.806521;10.024654;0
0.286242;0.141829;0.806521;10.024654;0
0.266319;0.147131;0.805923;10.024654;0
0.247010;0.137093;0.805923;10.024654;0
0.226983;0.124820;0.804825;10.024654;0
0.206944;0.119279;0.804825;10.024654;0
0.180363;0.129537;0.803337;10.024654;0
0.159890;0.139282;0.803337;10.024654;0
0.139714;0.132747;0.801586;10.024654;0
0.119838;0.125066;0.801586;10.024654;0
0.100498;0.126482;0.801586;10.024654;0
0.074769;0.143581;0.799716;10.024654;0
0.056163;0.150791;0.799716;10.024654;0
0.037694;0.142003;0.797877;10.024654;0
0.019226;0.134434;0.797877;10.024654;0
0.000966;0.133623;0.796230;10.024654;0
-0.022915;0.127526;0.796230;10.024654;0
-0.040037;0.096393;0.794933;10.024654;0
-0.056694;0.057327;0.794933;10.024654;0
-0.072800;0.021961;0.794143;10.024654;0
-0.088797;0.005666;0.794143;10.024654;0
-0.105005;0.016115;0.794004;10.024654;0
-0.126248;0.061327;0.794004;10.024654;0
-0.141714;0.090552;0.794643;10.024654;0
-0.157222;0.110362;0.794643;10.024654;0
-0.177842;0.131361;0.796159;10.024654;0
-0.194265;0.145149;0.796159;10.024654;0
-0.211513;0.159511;0.798622;10.024654;0
-0.229139;0.167532;0.798622;10.024654;0
-0.248093;0.154087;0.802059;10.024654;0
-0.268857;0.134888;0.802059;10.024654;0
-0.300826;0.120922;0.806454;10.024654;0
-0.328948;0.122398;0.806454;10.024654;0
-0.362832;0.116249;0.811739;10.024654;0
0.845268;-0.005858;0.811739;10.024654;0
0.865026;-0.030401;0.817799;10.024654;0
0.893967;-0.060446;0.817799;10.024654;0
0.917243;-0.066723;0.824478;10.024654;0
0.943115;-0.066519;0.824478;10.024654;0
0.969742;-0.060188;0.824478;10.024654;0
0.996764;-0.044224;0.831589;10.024654;0
1.000000;-0.010786;0.831589;10.024654;0
1.000000;0.018728;0.838927;10.024654;0
1.000000;0.043977;0.838927;10.024654;0
1.000000;0.055298;0.838927;10.024654;0
1.000000;0.061580;0.846276;10.024654;0
1.000000;0.066361;0.846276;10.024654;0
1.000000;0.074565;0.846276;10.024654;0
1.000000;0.082186;0.853418;10.024654;0
1.000000;0.082008;0.853418;10.024654;0
1.000000;0.080974;0.853418;10.024654;0
1.000000;0.085074;0.853418;10.024654;0
1.000000;0.093674;0.860138;10.024654;0
1.000000;0.101431;0.860138;10.024654;0
1.000000;0.101654;0.860138;10.024654;0
1.000000;0.102432;0.860138;10.024654;0
1.000000;0.108651;0.860138;10.024654;0
1.000000;0.120334;0.860138;10.024654;0
1.000000;0.132168;0.866230;10.024654;0
1.000000;0.137104;0.866230;10.024654;0
1.000000;0.142221;0.866230;10.024654;0
1.000000;0.147813;0.866230;10.024654;0
1.000000;0.148563;0.871505;10.024654;0
1.000000;0.145382;0.871505;10.024654;0
1.000000;0.144259;0.871505;10.024654;0
1.000000;0.148370;0.871505;10.024654;0
1.000000;0.155906;0.875787;10.024654;0
1.000000;0.157910;0.875787;10.024654;0
0.978386;0.154102;0.875787;10.024654;0
0.939739;0.153548;0.875787;10.024654;0
0.910321;0.157590;0.878921;10.024654;0
0.879936;0.164904;0.878921;10.024654;0
0.849056;0.165180;0.878921;10.024654;0
0.818649;0.159223;0.878921;10.024654;0
0.779342;0.156258;0.880776;10.024654;0
0.748954;0.159923;0.880776;10.024654;0
0.718807;0.162594;0.880776;10.024654;0
0.689592;0.155020;0.880776;10.024654;0
0.661122;0.149823;0.881241;10.024654;0
0.624633;0.152351;0.881241;10.024654;0
0.596896;0.158184;0.881241;10.024654;0
0.570865;0.154577;0.880229;10.024654;0
0.545790;0.148122;0.880229;10.024654;0
0.521288;0.143554;0.880229;10.024654;0
0.491001;0.145807;0.880229;10.024654;0
0.469155;0.149947;0.877676;10.024654;0
0.448271;0.141364;0.877676;10.024654;0
0.428532;0.129483;0.877676;10.024654;0
0.409903;0.121257;0.877676;10.024654;0
0.386848;0.120551;0.873544;10.024654;0
0.370462;0.127400;0.873544;10.024654;0
0.354684;0.125699;0.873544;10.024654;0
0.339903;0.115506;0.867819;10.024654;0
0.326528;0.108430;0.867819;10.024654;0
0.309511;0.107835;0.867819;10.024654;0
0.297397;0.112320;0.867819;10.024654;0
0.285954;0.113916;0.860512;10.024654;0
0.275446;0.103970;0.860512;10.024654;0
0.265644;0.088883;0.860512;10.024654;0
0.253771;0.076627;0.851658;10.024654;0
0.245226;0.076083;0.851658;10.024654;0
0.237099;0.081141;0.851658;10.024654;0
0.229412;0.081081;0.851658;10.024654;0
0.219840;0.072043;0.841318;10.024654;0
0.212880;0.070056;0.841318;10.024654;0
0.206459;0.073443;0.841318;10.024654;0
0.200390;0.081932;0.829579;10.024654;0
0.194475;0.088257;0.829579;10.024654;0
0.187352;0.074756;0.829579;10.024654;0
0.182235;0.061714;0.816553;10.024654;0
0.177457;0.054964;0.816553;10.024654;0
0.172972;0.058589;0.802380;10.024654;0
0.168825;0.066016;0.802380;10.024654;0
0.164208;0.059519;0.802380;10.024654;0
0.161207;0.052715;0.787226;10.024654;0
0.158900;0.050797;0.787226;10.024654;0
0.157323;0.054733;0.787226;10.024654;0
0.156866;0.059599;0.771286;10.024654;0
0.158979;0.059064;0.771286;10.024654;0
0.163250;0.047315;0.771286;10.024654;0
0.170761;0.034409;0.754785;10.024654;0
0.200765;0.075607;0.754785;10.024654;0
0.197159;0.075396;0.754785;10.024654;0
0.194058;0.072978;0.737967;10.024654;0
0.193094;0.060342;0.737967;10.024654;0
0.193317;0.050341;0.737967;10.024654;0
0.194627;0.047795;0.721078;10.024654;0
0.196919;0.054490;0.721078;10.024654;0
0.201129;0.061605;0.704354;10.024654;0
0.204971;0.059897;0.704354;10.024654;0
0.209205;0.061628;0.704354;10.024654;0
0.213505;0.069942;0.688019;10.024654;0
0.217631;0.084116;0.688019;10.024654;0
0.221395;0.097565;0.688019;10.024654;0
0.225649;0.091062;0.672288;10.024654;0
0.228053;0.085514;0.672288;10.024654;0
0.229628;0.086479;0.657361;10.024654;0
0.230318;0.093673;0.657361;10.024654;0
0.229713;0.106337;0.657361;10.024654;0
0.228113;0.104996;0.643428;10.024654;0
0.225574;0.099656;0.643428;10.024654;0
0.221972;0.099774;0.630660;10.024654;0
0.217332;0.107442;0.630660;10.024654;0
0.209924;0.110347;0.619213;10.024654;0
0.203204;0.099824;0.619213;10.024654;0
0.196021;0.092165;0.609224;10.024654;0
0.188035;0.091364;0.609224;10.024654;0
0.179423;0.097120;0.600805;10.024654;0
0.168328;0.103962;0.600805;10.024654;0
0.158150;0.098405;0.594048;10.024654;0
0.148390;0.094133;0.594048;10.024654;0
0.138616;0.095386;0.589016;10.024654;0
0.128388;0.102348;0.589016;10.024654;0
0.118572;0.100214;0.585746;10.024654;0
0.105579;0.093736;0.585746;10.024654;0
0.095829;0.093058;0.584248;10.024654;0
0.086227;0.096984;0.584248;10.024654;0
0.077071;0.097517;0.584502;10.024654;0
0.068262;0.087434;0.584502;10.024654;0
0.056942;0.078688;0.586465;10.024654;0
0.048654;0.081608;0.586465;10.024654;0
0.040632;0.090215;0.590066;10.024654;0
0.033071;0.095593;0.595216;10.024654;0
0.025781;0.089601;0.595216;10.024654;0
0.016917;0.084369;0.601803;10.024654;0
0.010314;0.085777;0.601803;10.024654;0
0.004254;0.083927;0.609704;10.024654;0
-0.001576;0.070472;0.609704;10.024654;0
-0.007047;0.058708;0.618781;10.024654;0
-0.014307;0.052920;0.618781;10.024654;0
-0.019498;0.059956;0.628884;10.024654;0
-0.024581;0.067553;0.628884;10.024654;0
-0.029653;0.063322;0.639861;10.024654;0
-0.035036;0.054720;0.639861;10.024654;0
-0.042915;0.047207;0.651550;10.024654;0
0.690189;0.062087;0.651550;10.024654;0
0.697076;0.062096;0.663787;10.024654;0
0.704181;0.052674;0.663787;10.024654;0
0.711414;0.047993;0.676411;10.024654;0
0.721329;0.056853;0.676411;10.024654;0
0.728412;0.075927;0.689273;10.024654;0
0.734944;0.091498;0.689273;10.024654;0
0.740487;0.101164;0.702250;10.024654;0
0.745031;0.110076;0.702250;10.024654;0
0.749258;0.098611;0.702250;10.024654;0
0.751090;0.085095;0.715236;10.024654;0
0.751736;0.069019;0.715236;10.024654;0
0.751010;0.063796;0.715236;10.024654;0
0.748666;0.074973;0.728140;10.024654;0
0.742785;0.113184;0.728140;10.024654;0
0.736188;0.144807;0.740891;10.024654;0
0.727227;0.164317;0.740891;10.024654;0
0.716531;0.179029;0.740891;10.024654;0
0.703431;0.194360;0.753432;10.024654;0
0.683182;0.214687;0.753432;10.024654;0
0.666106;0.221017;0.765717;10.024654;0
0.646694;0.210888;0.765717;10.024654;0
0.626321;0.197601;0.765717;10.024654;0
0.605676;0.190148;0.777713;10.024654;0
0.577187;0.194534;0.777713;10.024654;0
0.555220;0.198437;0.789400;10.024654;0
0.532837;0.190469;0.789400;10.024654;0
0.511287;0.184446;0.789400;10.024654;0
0.488665;0.186094;0.800763;10.024654;0
0.459107;0.199440;0.800763;10.024654;0
0.436785;0.200640;0.811799;10.024654;0
0.414921;0.194289;0.811799;10.024654;0
0.393668;0.189818;0.811799;10.024654;0
0.373427;0.190713;0.822510;10.024654;0
0.347351;0.185932;0.822510;10.024654;0
0.328559;0.169391;0.832901;10.024654;0
0.311382;0.158318;0.832901;10.024654;0
0.294762;0.156143;0.832901;10.024654;0
0.278934;0.162239;0.842986;10.024654;0
0.258863;0.173886;0.842986;10.024654;0
0.244769;0.167455;0.852775;10.024654;0
0.231238;0.159094;0.852775;10.024654;0
0.219115;0.155608;0.852775;10.024654;0
0.203234;0.165138;0.862283;10.024654;0
0.192168;0.179180;0.862283;10.024654;0
0.181365;0.186670;0.871522;10.024654;0
0.170953;0.174587;0.871522;10.024654;0
0.160969;0.156980;0.871522;10.024654;0
0.151684;0.143968;0.880501;10.024654;0
0.140104;0.138881;0.880501;10.024654;0
0.131834;0.143987;0.889225;10.024654;0
0.123820;0.140309;0.889225;10.024654;0
0.116231;0.130072;0.897693;10.024654;0
0.109094;0.123085;0.897693;10.024654;0
0.099901;0.128368;0.897693;10.024654;0
0.093198;0.133552;0.905898;10.024654;0
0.086953;0.122714;0.905898;10.024654;0
0.081083;0.110459;0.913821;10.024654;0
0.075200;0.107257;0.913821;10.024654;0
0.067682;0.120032;0.913821;10.024654;0
0.062301;0.126422;0.921436;10.024654;0
0.057317;0.116559;0.921436;10.024654;0
0.052501;0.106592;0.928704;10.024654;0
0.047981;0.104696;0.928704;10.024654;0
0.042126;0.113832;0.928704;10.024654;0
0.038376;0.109903;0.935575;10.024654;0
0.055782;0.098090;0.935575;10.024654;0
0.050311;0.084848;0.941990;10.024654;0
0.043557;0.072976;0.941990;10.024654;0
0.038854;0.064965;0.947877;10.024654;0
0.034569;0.048215;0.947877;10.024654;0
0.030582;0.038186;0.947877;10.024654;0
0.026976;0.040464;0.953162;10.024654;0
0.022659;0.062075;0.953162;10.024654;0
0.019617;0.079170;0.953162;10.024654;0
0.016952;0.078049;0.957767;10.024654;0
0.014534;0.075722;0.957767;10.024654;0
0.011533;0.087058;0.961618;10.024654;0
0.009410;0.105277;0.961618;10.024654;0
0.007456;0.119815;0.961618;10.024654;0
0.005685;0.117427;0.964643;10.024654;0
0.003946;0.112418;0.964643;10.024654;0
0.001717;0.113172;0.964643;10.024654;0
0.000144;0.104546;0.966781;10.024654;0
-0.001341;0.090633;0.966781;10.024654;0
-0.002804;0.086570;0.967978;10.024654;0
-0.004263;0.096049;0.967978;10.024654;0
-0.005727;0.111531;0.967978;10.024654;0
-0.007415;0.115863;0.968195;10.024654;0
-0.008616;0.110459;0.968195;10.024654;0
-0.009844;0.110430;0.968195;10.024654;0
-0.011091;0.120996;0.967403;10.024654;0
-0.012702;0.142394;0.967403;10.024654;0
-0.013798;0.144226;0.965591;10.024654;0
-0.014799;0.136645;0.965591;10.024654;0
-0.015811;0.133093;0.965591;10.024654;0
-0.016786;0.133856;0.962762;10.024654;0
-0.017903;0.117067;0.962762;10.024654;0
-0.018701;0.098914;0.958939;10.024654;0
-0.019443;0.089447;0.958939;10.024654;0
-0.020205;0.093888;0.958939;10.024654;0
-0.021180;0.116837;0.954158;10.024654;0
-0.021838;0.128925;0.954158;10.024654;0
-0.022345;0.123729;0.954158;10.024654;0
-0.022814;0.115060;0.948476;10.024654;0
-0.023406;0.115487;0.948476;10.024654;0
-0.023791;0.118561;0.941966;10.024654;0
-0.024065;0.108328;0.941966;10.024654;0
-0.024309;0.098605;0.941966;10.024654;0
-0.024554;0.099716;0.934717;10.024654;0
-0.024885;0.118670;0.934717;10.024654;0
-0.025048;0.129343;0.926836;10.024654;0
-0.025056;0.123382;0.926836;10.024654;0
-0.025049;0.108718;0.926836;10.024654;0
-0.025074;0.097998;0.918442;10.024654;0
-0.025183;0.098729;0.918442;10.024654;0
-0.025258;0.102299;0.909667;10.024654;0
-0.025218;0.094737;0.909667;10.024654;0
-0.025188;0.080969;0.909667;10.024654;0
-0.025267;0.077743;0.900652;10.024654;0
-0.025432;0.089580;0.900652;10.024654;0
-0.025609;0.098286;0.891546;10.024654;0
-0.025791;0.087982;0.891546;10.024654;0
-0.026037;0.075865;0.891546;10.024654;0
-0.026540;0.071430;0.882497;10.024654;0
-0.026963;0.072725;0.882497;10.024654;0
-0.027366;0.063943;0.873651;10.024654;0
-0.027900;0.052427;0.873651;10.024654;0
-0.028691;0.048463;0.865144;10.024654;0
-0.030269;0.056245;0.865144;10.024654;0
-0.032145;0.056824;0.865144;10.024654;0
-0.034800;0.041877;0.857099;10.024654;0
-0.586177;0.047598;0.857099;10.024654;0
-0.593764;0.032190;0.849613;10.024654;0
-0.604699;0.001387;0.849613;10.024654;0
-0.613663;-0.026571;0.842758;10.024654;0
-0.623345;-0.046736;0.842758;10.024654;0
-0.634063;-0.050520;0.842758;10.024654;0
-0.644886;-0.035430;0.836575;10.024654;0
-0.659586;-0.001812;0.836575;10.024654;0
-0.670262;0.013049;0.836575;10.024654;0
-0.680649;0.026107;0.831076;10.024654;0
-0.690597;0.040352;0.831076;10.024654;0
-0.699970;0.057538;0.826248;10.024654;0
-0.711224;0.077402;0.826248;10.024654;0
-0.718084;0.077992;0.826248;10.024654;0
-0.724030;0.074709;0.822053;10.024654;0
-0.728962;0.072207;0.822053;10.024654;0
-0.733513;0.071693;0.822053;10.024654;0
-0.735330;0.065441;0.818430;10.024654;0
-0.735824;0.062037;0.818430;10.024654;0
-0.734966;0.066954;0.818430;10.024654;0
-0.731635;0.087842;0.815302;10.024654;0
-0.727284;0.104969;0.815302;10.024654;0
-0.721375;0.111229;0.815302;10.024654;0
-0.713917;0.115069;0.812579;10.024654;0
-0.702202;0.122620;0.812579;10.024654;0
-0.691294;0.127281;0.812579;10.024654;0
-0.679245;0.121891;0.810160;10.024654;0
-0.665982;0.117149;0.810160;10.024654;0
-0.652096;0.116794;0.810160;10.024654;0
-0.637957;0.120395;0.807938;10.024654;0
-0.617243;0.124303;0.807938;10.024654;0
-0.601536;0.115832;0.807938;10.024654;0
-0.585255;0.107857;0.805802;10.024654;0
-0.568781;0.107016;0.805802;10.024654;0
-0.551833;0.117029;0.805802;10.024654;0
-0.529480;0.136684;0.803644;10.024654;0
-0.511647;0.146997;0.803644;10.024654;0
-0.493977;0.145716;0.803644;10.024654;0
-0.476729;0.143789;0.801357;10.024654;0
-0.459689;0.144047;0.801357;10.024654;0
-0.442598;0.147573;0.801357;10.024654;0
-0.420473;0.139586;0.798843;10.024654;0
-0.404730;0.133266;0.798843;10.024654;0
-0.389147;0.129075;0.798843;10.024654;0
-0.374282;0.107630;0.798843;10.024654;0
-0.355099;0.076524;0.796008;10.024654;0
-0.341479;0.052839;0.796008;10.024654;0
-0.328639;0.044062;0.796008;10.024654;0
-0.316663;0.052628;0.792772;10.024654;0
-0.305417;0.075565;0.792772;10.024654;0
-0.290726;0.120149;0.789062;10.024654;0
-0.280258;0.147790;0.789062;10.024654;0
-0.269846;0.159707;0.789062;10.024654;0
-0.259553;0.164025;0.784823;10.024654;0
-0.246653;0.169322;0.784823;10.024654;0
-0.237036;0.173909;0.784823;10.024654;0
-0.227976;0.165516;0.780008;10.024654;0
-0.218960;0.145298;0.780008;10.024654;0
-0.210545;0.127185;0.780008;10.024654;0
-0.199924;0.117071;0.774588;10.024654;0
-0.192383;0.118535;0.774588;10.024654;0
-0.185254;0.113577;0.774588;10.024654;0
-0.178361;0.103076;0.768549;10.024654;0
-0.170041;0.097790;0.768549;10.024654;0
-0.163713;0.104900;0.768549;10.024654;0
-0.157763;0.119672;0.761891;10.024654;0
-0.152069;0.130942;0.761891;10.024654;0
-0.146826;0.124614;0.754634;10.024654;0
-0.142052;0.114948;0.754634;10.024654;0
-0.136707;0.109349;0.754634;10.024654;0
-0.133421;0.106959;0.746813;10.024654;0
-0.131029;0.095242;0.746813;10.024654;0
-0.129942;0.080817;0.746813;10.024654;0
-0.131333;0.073706;0.738487;10.024654;0
-0.342284;0.071788;0.738487;10.024654;0
-0.337479;0.076165;0.729730;10.024654;0
-0.333156;0.068803;0.729730;10.024654;0
-0.329481;0.063969;0.729730;10.024654;0
-0.325376;0.074083;0.720634;10.024654;0
-0.322647;0.095211;0.720634;10.024654;0
-0.319931;0.116982;0.720634;10.024654;0
-0.317136;0.124424;0.711300;10.024654;0
-0.314178;0.129063;0.711300;10.024654;0
-0.311050;0.135704;0.701835;10.024654;0
-0.306209;0.149546;0.701835;10.024654;0
-0.301757;0.156611;0.701835;10.024654;0
-0.296620;0.150546;0.692359;10.024654;0
-0.290662;0.143266;0.692359;10.024654;0
-0.283913;0.140301;0.682996;10.024654;0
-0.273696;0.149507;0.682996;10.024654;0
-0.264766;0.155903;0.682996;10.024654;0
-0.255085;0.150244;0.673883;10.024654;0
-0.244469;0.145596;0.673883;10.024654;0
-0.233146;0.148232;0.665158;10.024654;0
-0.221122;0.154845;0.665158;10.024654;0
-0.204055;0.152610;0.656970;10.024654;0
-0.190781;0.146843;0.656970;10.024654;0
-0.177237;0.146408;0.649469;10.024654;0
-0.163953;0.156131;0.649469;10.024654;0
-0.149935;0.166806;0.642807;10.024654;0
-0.131631;0.161609;0.642807;10.024654;0
-0.117667;0.156104;0.637133;10.024654;0
-0.104375;0.155023;0.637133;10.024654;0
-0.091027;0.160949;0.632590;10.024654;0
-0.077832;0.164659;0.632590;10.024654;0
-0.060432;0.148311;0.629307;10.024654;0
-0.048096;0.135300;0.627399;10.024654;0
-0.036159;0.129959;0.627399;10.024654;0
-0.024583;0.122162;0.626958;10.024654;0
-0.013407;0.110803;0.626958;10.024654;0
0.000790;0.107578;0.628045;10.024654;0
0.011157;0.114284;0.630691;10.024654;0
0.021262;0.125830;0.630691;10.024654;0
0.031176;0.128385;0.634891;10.024654;0
0.044025;0.115475;0.640598;10.024654;0
0.053827;0.107674;0.640598;10.024654;0
0.063469;0.106484;0.647728;10.024654;0
0.073220;0.110337;0.656157;10.024654;0
0.083210;0.113376;0.656157;10.024654;0
0.097275;0.097419;0.665720;10.024654;0
0.108780;0.087375;0.676221;10.024654;0
0.121285;0.083444;0.676221;10.024654;0
0.134959;0.084750;0.687426;10.024654;0
0.150692;0.077968;0.687426;10.024654;0
-0.797529;0.038923;0.699076;10.024654;0
-0.815040;0.024002;0.699076;10.024654;0
-0.829644;0.019544;0.710886;10.024654;0
-0.845439;0.018682;0.710886;10.024654;0
-0.862473;0.014542;0.722568;10.024654;0
-0.880954;0.020152;0.722568;10.024654;0
-0.903690;0.043751;0.733852;10.024654;0
-0.921038;0.063029;0.733852;10.024654;0
-0.938304;0.072389;0.744488;10.024654;0
-0.954541;0.078549;0.744488;10.024654;0
-0.974376;0.091177;0.754251;10.024654;0
-0.988432;0.106446;0.754251;10.024654;0
-1.000000;0.119635;0.754251;10.024654;0
-1.000000;0.121727;0.762938;10.024654;0
-1.000000;0.121305;0.762938;10.024654;0
-1.000000;0.126258;0.770373;10.024654;0
-1.000000;0.134099;0.770373;10.024654;0
-1.000000;0.134488;0.770373;10.024654;0
-1.000000;0.132352;0.776406;10.024654;0
-1.000000;0.133060;0.776406;10.024654;0
-1.000000;0.139285;0.776406;10.024654;0
-1.000000;0.147279;0.776406;10.024654;0
-0.987407;0.144352;0.776406;10.024654;0
-0.972573;0.140666;0.780913;10.024654;0
-0.955629;0.140336;0.780913;10.024654;0
-0.930648;0.148865;0.780913;10.024654;0
-0.910413;0.161087;0.783795;10.024654;0
-0.888460;0.171673;0.783795;10.024654;0
-0.864358;0.168923;0.783795;10.024654;0
-0.836766;0.160483;0.784978;10.024654;0
-0.803448;0.154269;0.784978;10.024654;0
-0.775957;0.157954;0.784978;10.024654;0
-0.748274;0.164582;0.784413;10.024654;0
-0.719477;0.162361;0.784413;10.024654;0
-0.690448;0.158828;0.784413;10.024654;0
-0.652709;0.159303;0.782077;10.024654;0
-0.624204;0.166233;0.782077;10.024654;0
-0.595728;0.171589;0.782077;10.024654;0
-0.566944;0.163154;0.777971;10.024654;0
-0.538752;0.151323;0.777971;10.024654;0
-0.502816;0.142545;0.777971;10.024654;0
-0.476857;0.144969;0.772121;10.024654;0
-0.451587;0.148104;0.772121;10.024654;0
-0.427555;0.139414;0.772121;10.024654;0
-0.396766;0.125911;0.764576;10.024654;0
-0.374675;0.120105;0.764576;10.024654;0
-0.353584;0.120434;0.764576;10.024654;0
