-0.288058;0.094565;0.627847;10.024654;0
-0.280614;0.088751;0.633690;10.024654;0
-0.271946;0.076103;0.633690;10.024654;0
-0.262873;0.071351;0.639025;10.024654;0
-0.249720;0.072313;0.639025;10.024654;0
-0.239534;0.065426;0.639025;10.024654;0
-0.228874;0.060741;0.643847;10.024654;0
-0.217973;0.064953;0.643847;10.024654;0
-0.207053;0.073348;0.648174;10.024654;0
-0.196007;0.072770;0.648174;10.024654;0
-0.181191;0.077548;0.652043;10.024654;0
-0.170369;0.090592;0.652043;10.024654;0
-0.159578;0.104931;0.655516;10.024654;0
-0.148432;0.108785;0.655516;10.024654;0
-0.133916;0.102961;0.658678;10.024654;0
-0.123385;0.102318;0.658678;10.024654;0
-0.113186;0.107053;0.661636;10.024654;0
-0.103659;0.115431;0.661636;10.024654;0
-0.094065;0.118094;0.661636;10.024654;0
-0.084348;0.107507;0.664519;10.024654;0
-0.073590;0.096782;0.664519;10.024654;0
-0.065293;0.095075;0.667474;10.024654;0
-0.057367;0.098133;0.667474;10.024654;0
-0.049896;0.095255;0.670663;10.024654;0
-0.042666;0.084794;0.670663;10.024654;0
-0.033975;0.075788;0.674261;10.024654;0
-0.027699;0.079803;0.674261;10.024654;0
-0.021590;0.087602;0.678445;10.024654;0
-0.015959;0.084642;0.678445;10.024654;0
-0.008729;0.078578;0.683392;10.024654;0
-0.003549;0.080129;0.683392;10.024654;0
0.001381;0.088237;0.689269;10.024654;0
0.006046;0.094763;0.689269;10.024654;0
0.010699;0.089990;0.696223;10.024654;0
0.015097;0.077332;0.696223;10.024654;0
0.020802;0.041875;0.696223;10.024654;0
0.024818;0.019015;0.704372;10.024654;0
0.028673;0.006282;0.704372;10.024654;0
0.032373;-0.005099;0.713801;10.024654;0
0.035869;-0.002866;0.713801;10.024654;0
0.040256;0.026090;0.724547;10.024654;0
0.043310;0.062721;0.724547;10.024654;0
0.046426;0.098564;0.736599;10.024654;0
0.049759;0.117598;0.736599;10.024654;0
0.053548;0.128164;0.749890;10.024654;0
0.059817;0.139504;0.749890;10.024654;0
0.066040;0.139511;0.764294;10.024654;0
0.073874;0.124731;0.764294;10.024654;0
-1.000000;0.096891;0.764294;10.024654;0
-1.000000;0.099362;0.779629;10.024654;0
-1.000000;0.104651;0.779629;10.024654;0
-1.000000;0.101554;0.795675;10.024654;0
-1.000000;0.100198;0.795675;10.024654;0
-1.000000;0.103525;0.795675;10.024654;0
-1.000000;0.110306;0.812197;10.024654;0
-1.000000;0.117031;0.812197;10.024654;0
-1.000000;0.117366;0.812197;10.024654;0
-1.000000;0.118964;0.828962;10.024654;0
-1.000000;0.123221;0.828962;10.024654;0
-1.000000;0.129202;0.828962;10.024654;0
-1.000000;0.128037;0.845741;10.024654;0
-1.000000;0.123436;0.845741;10.024654;0
-1.000000;0.123002;0.845741;10.024654;0
-1.000000;0.126651;0.862316;10.024654;0
-1.000000;0.127671;0.862316;10.024654;0
-0.995351;0.123879;0.862316;10.024654;0
-0.974429;0.123294;0.878487;10.024654;0
-0.958436;0.129585;0.878487;10.024654;0
-0.941053;0.139559;0.878487;10.024654;0
-0.922917;0.140444;0.878487;10.024654;0
-0.903743;0.136114;0.894071;10.024654;0
-0.877621;0.137315;0.894071;10.024654;0
-0.858368;0.145615;0.894071;10.024654;0
-0.838299;0.153555;0.908905;10.024654;0
-0.817666;0.150847;0.908905;10.024654;0
-0.796890;0.147305;0.908905;10.024654;0
-0.768720;0.149093;0.908905;10.024654;0
-0.747985;0.156042;0.922852;10.024654;0
-0.726671;0.156718;0.922852;10.024654;0
-0.706087;0.150589;0.922852;10.024654;0
-0.679134;0.144765;0.922852;10.024654;0
-0.659164;0.145206;0.935794;10.024654;0
-0.638676;0.145520;0.935794;10.024654;0
-0.619087;0.136237;0.935794;10.024654;0
-0.599256;0.126378;0.947638;10.024654;0
-0.574310;0.122427;0.947638;10.024654;0
-0.555638;0.127530;0.947638;10.024654;0
-0.537626;0.133116;0.947638;10.024654;0
-0.519922;0.130765;0.958313;10.024654;0
-0.502359;0.128761;0.958313;10.024654;0
-0.479961;0.133749;0.958313;10.024654;0
-0.463645;0.139930;0.958313;10.024654;0
-0.447892;0.136349;0.967770;10.024654;0
-0.432009;0.131851;0.967770;10.024654;0
-0.412079;0.136864;0.967770;10.024654;0
-0.397610;0.141659;0.975981;10.024654;0
-0.382917;0.135088;0.975981;10.024654;0
-0.368926;0.128451;0.975981;10.024654;0
-0.355619;0.126962;0.975981;10.024654;0
-0.337857;0.132518;0.982938;10.024654;0
-0.324931;0.137037;0.982938;10.024654;0
-0.312512;0.128520;0.982938;10.024654;0
-0.300504;0.118183;0.982938;10.024654;0
-0.289132;0.111704;0.988652;10.024654;0
-0.274618;0.110475;0.988652;10.024654;0
-0.263851;0.105013;0.988652;10.024654;0
-0.253449;0.097085;0.993149;10.024654;0
-0.243425;0.095813;0.993149;10.024654;0
-0.230491;0.107737;0.993149;10.024654;0
-0.220937;0.110675;0.993149;10.024654;0
-0.212006;0.104910;0.996471;10.024654;0
-0.203388;0.098847;0.996471;10.024654;0
-0.192402;0.096725;0.996471;10.024654;0
-0.184420;0.100858;0.996471;10.024654;0
-0.176496;0.104196;0.998675;10.024654;0
-0.168792;0.095348;0.998675;10.024654;0
-0.159030;0.083633;0.998675;10.024654;0
-0.151821;0.081547;0.998675;10.024654;0
-0.144971;0.085021;0.998675;10.024654;0
-0.138306;0.094169;0.998675;10.024654;0
-0.131788;0.094741;0.998675;10.024654;0
-0.123481;0.089749;0.999826;10.024654;0
-0.117326;0.090218;0.999826;10.024654;0
-0.111359;0.097527;0.999826;10.024654;0
-0.105629;0.104508;0.999826;10.024654;0
-0.100140;0.098996;1.000000;10.024654;0
-0.092959;0.089989;1.000000;10.024654;0
-0.087819;0.090863;1.000000;10.024654;0
-0.082756;0.099807;0.999278;10.024654;0
-0.077828;0.109249;0.999278;10.024654;0
-0.073047;0.106071;0.999278;10.024654;0
-0.068459;0.102702;0.999278;10.024654;0
-0.062707;0.103469;0.997747;10.024654;0
-0.058667;0.104137;0.997747;10.024654;0
-0.054980;0.096158;0.997747;10.024654;0
-0.051681;0.090488;0.992609;10.024654;0
-0.048839;0.093554;0.992609;10.024654;0
-0.046125;0.102444;0.992609;10.024654;0
-0.045091;0.098884;0.992609;10.024654;0
0.046440;0.072706;0.989178;10.024654;0
0.050948;0.069809;0.989178;10.024654;0
0.054809;0.070293;0.989178;10.024654;0
0.059078;0.066066;0.989178;10.024654;0
0.061654;0.063245;0.985271;10.024654;0
0.063590;0.068207;0.985271;10.024654;0
0.064932;0.085252;0.985271;10.024654;0
0.065707;0.106690;0.980931;10.024654;0
0.065971;0.115797;0.980931;10.024654;0
0.065605;0.120077;0.980931;10.024654;0
0.064812;0.129121;0.976177;10.024654;0
0.063625;0.142228;0.976177;10.024654;0
0.062218;0.150692;0.976177;10.024654;0
0.060036;0.144312;0.976177;10.024654;0
0.058237;0.141995;0.971009;10.024654;0
0.056405;0.146542;0.971009;10.024654;0
0.054452;0.158856;0.971009;10.024654;0
0.052577;0.170396;0.965413;10.024654;0
0.050163;0.163603;0.965413;10.024654;0
0.048406;0.153910;0.965413;10.024654;0
0.046799;0.151589;0.959372;10.024654;0
0.045307;0.153144;0.959372;10.024654;0
0.044006;0.142360;0.959372;10.024654;0
0.042469;0.131992;0.952867;10.024654;0
0.041464;0.135124;0.952867;10.024654;0
0.040572;0.145177;0.952867;10.024654;0
0.039779;0.156014;0.945888;10.024654;0
0.039109;0.152970;0.945888;10.024654;0
0.038380;0.145061;0.945888;10.024654;0
0.037918;0.147720;0.938431;10.024654;0
0.037518;0.160422;0.938431;10.024654;0
0.037185;0.171746;0.938431;10.024654;0
0.036924;0.163792;0.930512;10.024654;0
0.036674;0.150547;0.930512;10.024654;0
0.036495;0.148432;0.930512;10.024654;0
0.036303;0.153681;0.922162;10.024654;0
0.036110;0.160056;0.922162;10.024654;0
0.035921;0.147544;0.922162;10.024654;0
0.035783;0.137321;0.913438;10.024654;0
0.035623;0.132539;0.913438;10.024654;0
0.035471;0.136056;0.904417;10.024654;0
0.035427;0.138443;0.904417;10.024654;0
0.035437;0.123683;0.904417;10.024654;0
0.035425;0.114891;0.895204;10.024654;0
0.035368;0.115879;0.895204;10.024654;0
0.035261;0.125809;0.885928;10.024654;0
0.035179;0.130517;0.885928;10.024654;0
0.035103;0.123557;0.885928;10.024654;0
0.035024;0.119595;0.885928;10.024654;0
0.034923;0.120212;0.876744;10.024654;0
0.034807;0.127158;0.876744;10.024654;0
0.034717;0.131468;0.867827;10.024654;0
0.034764;0.113242;0.867827;10.024654;0
0.034892;0.093071;0.867827;10.024654;0
0.035068;0.080867;0.859369;10.024654;0
0.035293;0.077281;0.859369;10.024654;0
0.035720;0.077241;0.851575;10.024654;0
0.036182;0.068154;0.851575;10.024654;0
0.036732;0.060896;0.844652;10.024654;0
0.037372;0.062627;0.844652;10.024654;0
0.038296;0.079676;0.838798;10.024654;0
0.039195;0.089451;0.838798;10.024654;0
0.040333;0.080071;0.838798;10.024654;0
0.041757;0.049044;0.834197;10.024654;0
0.043536;0.015889;0.834197;10.024654;0
0.046525;-0.006895;0.830997;10.024654;0
0.049560;-0.020661;0.830997;10.024654;0
0.053471;-0.021391;0.829305;10.024654;0
0.517837;0.014308;0.829305;10.024654;0
0.523559;0.039121;0.829168;10.024654;0
0.531834;0.063157;0.829168;10.024654;0
0.537892;0.064411;0.830567;10.024654;0
0.543882;0.065416;0.830567;10.024654;0
0.549705;0.072609;0.833414;10.024654;0
0.555253;0.086291;0.833414;10.024654;0
0.561521;0.090348;0.837576;10.024654;0
0.565569;0.093918;0.837576;10.024654;0
0.568732;0.105270;0.842878;10.024654;0
0.570754;0.124573;0.842878;10.024654;0
0.571352;0.141462;0.849114;10.024654;0
0.570004;0.141134;0.849114;10.024654;0
0.566629;0.138320;0.856056;10.024654;0
0.561966;0.138195;0.856056;10.024654;0
0.555581;0.140852;0.863464;10.024654;0
0.547227;0.143021;0.863464;10.024654;0
0.537455;0.131708;0.863464;10.024654;0
0.521610;0.115023;0.871093;10.024654;0
0.507942;0.112837;0.871093;10.024654;0
0.492932;0.122201;0.878701;10.024654;0
0.476024;0.135766;0.878701;10.024654;0
0.452593;0.137883;0.886055;10.024654;0
0.433339;0.139734;0.886055;10.024654;0
0.412220;0.145569;0.886055;10.024654;0
0.390377;0.157202;0.892937;10.024654;0
0.367577;0.162785;0.892937;10.024654;0
0.336138;0.154570;0.899145;10.024654;0
0.312153;0.151496;0.899145;10.024654;0
0.287345;0.154576;0.904501;10.024654;0
0.262655;0.162254;0.904501;10.024654;0
0.237328;0.168919;0.908849;10.024654;0
0.203888;0.154294;0.908849;10.024654;0
0.179204;0.143989;0.908849;10.024654;0
0.155677;0.141066;0.912057;10.024654;0
0.131982;0.148247;0.912057;10.024654;0
0.108654;0.156881;0.914019;10.024654;0
0.077985;0.148959;0.914019;10.024654;0
0.055660;0.143465;0.914657;10.024654;0
0.033821;0.143400;0.914657;10.024654;0
0.012589;0.141996;0.914657;10.024654;0
-0.006818;0.130432;0.913918;10.024654;0
-0.026763;0.123321;0.913918;10.024654;0
-0.051703;0.126843;0.911777;10.024654;0
-0.070163;0.139541;0.911777;10.024654;0
-0.088962;0.153395;0.911777;10.024654;0
-0.107162;0.148191;0.908235;10.024654;0
-0.130593;0.135643;0.908235;10.024654;0
-0.147341;0.133431;0.903322;10.024654;0
-0.164712;0.139151;0.903322;10.024654;0
-0.182128;0.149799;0.897094;10.024654;0
-0.199723;0.149938;0.897094;10.024654;0
-0.223155;0.131728;0.897094;10.024654;0
-0.240821;0.124558;0.889636;10.024654;0
-0.258949;0.125323;0.889636;10.024654;0
-0.277485;0.120418;0.881061;10.024654;0
-0.298118;0.108787;0.881061;10.024654;0
-0.324118;0.103538;0.871511;10.024654;0
-0.346189;0.110003;0.871511;10.024654;0
-0.370034;0.119770;0.871511;10.024654;0
-0.396356;0.118414;0.861155;10.024654;0
-0.427119;0.109361;0.861155;10.024654;0
-0.477675;0.106628;0.850192;10.024654;0
0.544471;-0.046903;0.850192;10.024654;0
0.567404;-0.068767;0.838841;10.024654;0
0.593289;-0.102547;0.838841;10.024654;0
0.632775;-0.128223;0.838841;10.024654;0
0.666739;-0.122798;0.827310;10.024654;0
0.701119;-0.095815;0.827310;10.024654;0
0.736568;-0.055520;0.815799;10.024654;0
0.771768;-0.020598;0.815799;10.024654;0
0.817723;0.029335;0.815799;10.024654;0
0.849084;0.069225;0.804494;10.024654;0
0.879067;0.107965;0.804494;10.024654;0
0.906622;0.138557;0.804494;10.024654;0
0.937783;0.154235;0.793568;10.024654;0
0.958126;0.159784;0.793568;10.024654;0
0.974184;0.164855;0.793568;10.024654;0
0.986682;0.172546;0.783182;10.024654;0
0.996560;0.179366;0.783182;10.024654;0
0.998798;0.174104;0.773478;10.024654;0
0.996921;0.170368;0.773478;10.024654;0
0.991110;0.172136;0.773478;10.024654;0
0.981358;0.177054;0.764587;10.024654;0
0.967397;0.174789;0.764587;10.024654;0
0.943800;0.176076;0.764587;10.024654;0
0.922538;0.185302;0.756619;10.024654;0
0.898701;0.197950;0.756619;10.024654;0
0.871539;0.203670;0.756619;10.024654;0
0.831089;0.204019;0.749669;10.024654;0
0.798678;0.209086;0.749669;10.024654;0
0.765373;0.218152;0.743810;10.024654;0
0.730148;0.224280;0.743810;10.024654;0
0.694041;0.217304;0.743810;10.024654;0
0.658521;0.209221;0.739098;10.024654;0
0.610785;0.206265;0.739098;10.024654;0
0.576816;0.213997;0.735564;10.024654;0
0.542141;0.220812;0.735564;10.024654;0
0.508945;0.212874;0.735564;10.024654;0
0.477687;0.203840;0.733223;10.024654;0
0.436844;0.204797;0.733223;10.024654;0
0.407981;0.205144;0.732066;10.024654;0
0.381315;0.193953;0.732066;10.024654;0
0.356497;0.182411;0.732062;10.024654;0
0.333482;0.176419;0.732062;10.024654;0
0.305294;0.178962;0.732062;10.024654;0
0.286143;0.177026;0.733161;10.024654;0
0.268718;0.162467;0.733161;10.024654;0
0.252947;0.150709;0.735294;10.024654;0
0.234586;0.143588;0.735294;10.024654;0
0.221758;0.146911;0.738372;10.024654;0
0.210152;0.147450;0.738372;10.024654;0
0.200021;0.130740;0.742290;10.024654;0
0.190906;0.111426;0.742290;10.024654;0
0.180560;0.099360;0.746928;10.024654;0
0.173482;0.104946;0.746928;10.024654;0
0.167244;0.108992;0.752149;10.024654;0
0.161815;0.096947;0.752149;10.024654;0
0.157016;0.084024;0.752149;10.024654;0
0.152902;0.078598;0.757806;10.024654;0
0.148215;0.086184;0.757806;10.024654;0
0.145485;0.090335;0.763741;10.024654;0
0.143604;0.078511;0.763741;10.024654;0
0.142755;0.065565;0.769787;10.024654;0
0.453543;0.114502;0.769787;10.024654;0
0.446824;0.116467;0.775768;10.024654;0
0.439790;0.112382;0.775768;10.024654;0
0.432475;0.092458;0.781513;10.024654;0
0.423031;0.074462;0.781513;10.024654;0
0.415085;0.075810;0.786872;10.024654;0
0.407185;0.089126;0.786872;10.024654;0
0.398933;0.102851;0.791724;10.024654;0
0.390505;0.101742;0.791724;10.024654;0
0.381495;0.097518;0.791724;10.024654;0
0.369129;0.102372;0.795970;10.024654;0
0.359625;0.116388;0.795970;10.024654;0
0.349938;0.127218;0.799541;10.024654;0
0.340155;0.123822;0.799541;10.024654;0
0.330443;0.121893;0.802392;10.024654;0
0.320832;0.128477;0.802392;10.024654;0
0.308527;0.136192;0.804500;10.024654;0
0.299297;0.125463;0.804500;10.024654;0
0.290589;0.116119;0.804500;10.024654;0
0.282245;0.115201;0.805870;10.024654;0
0.274110;0.122956;0.805870;10.024654;0
0.264120;0.136718;0.806527;10.024654;0
0.256939;0.135869;0.806527;10.024654;0
0.250199;0.132456;0.806521;10.024654;0
0.243881;0.132596;0.806521;10.024654;0
0.238070;0.135327;0.805923;10.024654;0
0.230896;0.147566;0.805923;10.024654;0
0.225883;0.152310;0.805923;10.024654;0
0.221256;0.140584;0.804825;10.024654;0
0.217100;0.127126;0.804825;10.024654;0
0.213405;0.122124;0.803337;10.024654;0
0.210108;0.127942;0.803337;10.024654;0
0.207170;0.136576;0.801586;10.024654;0
0.203863;0.128256;0.801586;10.024654;0
0.201851;0.123426;0.799716;10.024654;0
0.200172;0.124135;0.799716;10.024654;0
0.198744;0.126361;0.797877;10.024654;0
0.197448;0.109962;0.797877;10.024654;0
0.196919;0.077692;0.797877;10.024654;0
0.196899;0.049370;0.796230;10.024654;0
0.197225;0.041348;0.796230;10.024654;0
0.198090;0.053483;0.794933;10.024654;0
0.199181;0.063132;0.794933;10.024654;0
0.200494;0.075066;0.794143;10.024654;0
0.202004;0.096718;0.794143;10.024654;0
0.203698;0.128580;0.794004;10.024654;0
0.206247;0.166529;0.794004;10.024654;0
0.208446;0.172489;0.794643;10.024654;0
0.210943;0.173558;0.794643;10.024654;0
0.213950;0.174926;0.796159;10.024654;0
0.217511;0.178140;0.796159;10.024654;0
0.223285;0.176711;0.798622;10.024654;0
0.229106;0.157391;0.798622;10.024654;0
0.236523;0.137433;0.802059;10.024654;0
0.246125;0.122055;0.802059;10.024654;0
0.263549;0.112947;0.806454;10.024654;0
0.282438;0.101810;0.806454;10.024654;0
0.998335;0.091297;0.811739;10.024654;0
1.000000;0.067583;0.811739;10.024654;0
1.000000;0.050837;0.811739;10.024654;0
1.000000;0.042234;0.817799;10.024654;0
1.000000;0.036390;0.817799;10.024654;0
1.000000;0.039082;0.824478;10.024654;0
1.000000;0.052838;0.824478;10.024654;0
1.000000;0.074308;0.824478;10.024654;0
1.000000;0.102839;0.831589;10.024654;0
1.000000;0.111774;0.831589;10.024654;0
1.000000;0.118697;0.838927;10.024654;0
1.000000;0.127030;0.838927;10.024654;0
1.000000;0.133487;0.838927;10.024654;0
1.000000;0.127360;0.846276;10.024654;0
1.000000;0.123929;0.846276;10.024654;0
1.000000;0.125828;0.846276;10.024654;0
1.000000;0.132615;0.853418;10.024654;0
1.000000;0.135811;0.853418;10.024654;0
1.000000;0.132007;0.853418;10.024654;0
1.000000;0.131547;0.853418;10.024654;0
0.992214;0.135374;0.853418;10.024654;0
0.976258;0.137758;0.860138;10.024654;0
0.958282;0.131451;0.860138;10.024654;0
0.939002;0.125735;0.860138;10.024654;0
0.910754;0.126153;0.866230;10.024654;0
0.887828;0.135477;0.866230;10.024654;0
0.863685;0.141395;0.866230;10.024654;0
0.837212;0.141642;0.866230;10.024654;0
0.809467;0.143343;0.871505;10.024654;0
0.771687;0.151947;0.871505;10.024654;0
0.741800;0.156777;0.871505;10.024654;0
0.710541;0.149638;0.875787;10.024654;0
0.678856;0.140683;0.875787;10.024654;0
0.648012;0.135058;0.875787;10.024654;0
0.605684;0.134249;0.875787;10.024654;0
0.573984;0.134590;0.878921;10.024654;0
0.542502;0.125222;0.878921;10.024654;0
0.510926;0.115281;0.878921;10.024654;0
0.479858;0.111808;0.880776;10.024654;0
0.439705;0.121173;0.880776;10.024654;0
0.409812;0.128856;0.880776;10.024654;0
0.381704;0.126261;0.880776;10.024654;0
0.354457;0.116630;0.881241;10.024654;0
0.318716;0.107923;0.881241;10.024654;0
0.293017;0.109408;0.881241;10.024654;0
0.268117;0.116639;0.880229;10.024654;0
0.244539;0.117012;0.880229;10.024654;0
0.221149;0.109554;0.880229;10.024654;0
0.191882;0.101241;0.880229;10.024654;0
0.171077;0.100074;0.877676;10.024654;0
0.150793;0.101740;0.877676;10.024654;0
0.131866;0.094953;0.873544;10.024654;0
0.113642;0.080142;0.873544;10.024654;0
0.092503;0.067890;0.873544;10.024654;0
0.075057;0.067989;0.867819;10.024654;0
0.059558;0.071657;0.867819;10.024654;0
0.045154;0.067452;0.867819;10.024654;0
0.031448;0.064350;0.860512;10.024654;0
0.014009;0.071971;0.860512;10.024654;0
0.001220;0.083011;0.860512;10.024654;0
-0.010253;0.084808;0.851658;10.024654;0
-0.021384;0.082361;0.851658;10.024654;0
-0.032245;0.083965;0.851658;10.024654;0
-0.044461;0.090782;0.851658;10.024654;0
-0.055558;0.099052;0.841318;10.024654;0
-0.064706;0.095759;0.841318;10.024654;0
-0.073520;0.085758;0.841318;10.024654;0
-0.081755;0.077096;0.829579;10.024654;0
-0.089568;0.075539;0.829579;10.024654;0
-0.099272;0.077873;0.829579;10.024654;0
-0.106014;0.070686;0.816553;10.024654;0
-0.112276;0.065752;0.816553;10.024654;0
-0.117961;0.065334;0.816553;10.024654;0
-0.123170;0.071275;0.802380;10.024654;0
-0.129365;0.079168;0.802380;10.024654;0
-0.133557;0.072627;0.802380;10.024654;0
-0.137411;0.067956;0.787226;10.024654;0
-0.141091;0.071056;0.787226;10.024654;0
-0.144990;0.077975;0.787226;10.024654;0
-0.150795;0.070407;0.771286;10.024654;0
-0.156328;0.063564;0.771286;10.024654;0
0.337339;0.054037;0.754785;10.024654;0
0.349858;0.058762;0.754785;10.024654;0
0.364340;0.063352;0.754785;10.024654;0
0.379289;0.057058;0.737967;10.024654;0
0.392402;0.048940;0.737967;10.024654;0
0.405354;0.049454;0.737967;10.024654;0
0.417712;0.058169;0.721078;10.024654;0
0.429546;0.075458;0.721078;10.024654;0
0.444452;0.093414;0.704354;10.024654;0
0.454385;0.098532;0.704354;10.024654;0
0.463484;0.102199;0.704354;10.024654;0
0.471364;0.106808;0.688019;10.024654;0
0.478225;0.109068;0.688019;10.024654;0
0.484715;0.095507;0.688019;10.024654;0
0.489601;0.084444;0.672288;10.024654;0
0.492637;0.084839;0.672288;10.024654;0
0.494661;0.095246;0.657361;10.024654;0
0.495609;0.109713;0.657361;10.024654;0
0.495146;0.115001;0.643428;10.024654;0
0.493655;0.109948;0.643428;10.024654;0
0.491398;0.106194;0.643428;10.024654;0
0.488320;0.109087;0.630660;10.024654;0
0.484532;0.118264;0.630660;10.024654;0
0.480108;0.127804;0.619213;10.024654;0
0.473441;0.122954;0.619213;10.024654;0
0.467969;0.118238;0.609224;10.024654;0
0.462103;0.118210;0.609224;10.024654;0
0.455979;0.123004;0.600805;10.024654;0
0.447796;0.123534;0.600805;10.024654;0
0.441407;0.115956;0.594048;10.024654;0
0.435183;0.111959;0.594048;10.024654;0
0.429111;0.114397;0.594048;10.024654;0
0.422964;0.122394;0.589016;10.024654;0
0.414791;0.130086;0.589016;10.024654;0
0.408837;0.122360;0.585746;10.024654;0
0.403245;0.115026;0.585746;10.024654;0
0.397710;0.113918;0.584248;10.024654;0
0.390830;0.126948;0.584248;10.024654;0
0.385791;0.135270;0.584502;10.024654;0
0.380973;0.130692;0.586465;10.024654;0
0.376528;0.125477;0.586465;10.024654;0
0.372190;0.123992;0.590066;10.024654;0
0.366918;0.125849;0.590066;10.024654;0
0.363300;0.115023;0.595216;10.024654;0
0.360227;0.104075;0.595216;10.024654;0
0.357388;0.100182;0.601803;10.024654;0
0.353968;0.108102;0.601803;10.024654;0
0.351799;0.108201;0.609704;10.024654;0
0.350032;0.103496;0.609704;10.024654;0
0.348763;0.102057;0.618781;10.024654;0
0.347882;0.106633;0.618781;10.024654;0
0.348098;0.114586;0.628884;10.024654;0
0.349545;0.113585;0.628884;10.024654;0
0.352932;0.102058;0.639861;10.024654;0
0.361660;0.088127;0.639861;10.024654;0
0.373064;0.084071;0.651550;10.024654;0
0.651376;0.095390;0.651550;10.024654;0
0.640538;0.077326;0.663787;10.024654;0
0.630455;0.058465;0.663787;10.024654;0
0.618496;0.051969;0.663787;10.024654;0
0.610580;0.063029;0.676411;10.024654;0
0.603615;0.082901;0.676411;10.024654;0
0.597115;0.098565;0.689273;10.024654;0
0.591128;0.107400;0.689273;10.024654;0
0.585751;0.115473;0.702250;10.024654;0
0.578690;0.132916;0.702250;10.024654;0
0.573404;0.141367;0.702250;10.024654;0
0.567925;0.121214;0.715236;10.024654;0
0.562333;0.091311;0.715236;10.024654;0
0.556766;0.071560;0.728140;10.024654;0
0.548526;0.075325;0.728140;10.024654;0
0.541468;0.093982;0.728140;10.024654;0
0.533331;0.109872;0.740891;10.024654;0
0.524115;0.129991;0.740891;10.024654;0
0.510761;0.163565;0.753432;10.024654;0
0.498926;0.192135;0.753432;10.024654;0
0.485667;0.215013;0.753432;10.024654;0
0.470941;0.219307;0.765717;10.024654;0
0.454878;0.216504;0.765717;10.024654;0
0.432487;0.215352;0.777713;10.024654;0
0.414620;0.210546;0.777713;10.024654;0
0.396313;0.192026;0.777713;10.024654;0
0.378297;0.176822;0.789400;10.024654;0
0.359963;0.171743;0.789400;10.024654;0
0.341625;0.176792;0.800763;10.024654;0
0.317944;0.171099;0.800763;10.024654;0
0.300079;0.165402;0.800763;10.024654;0
0.282580;0.166853;0.811799;10.024654;0
0.265753;0.174141;0.811799;10.024654;0
0.249032;0.182776;0.822510;10.024654;0
0.228153;0.176123;0.822510;10.024654;0
0.212810;0.171560;0.832901;10.024654;0
0.198332;0.172911;0.832901;10.024654;0
0.184406;0.180611;0.832901;10.024654;0
0.170885;0.175751;0.842986;10.024654;0
0.154399;0.164126;0.842986;10.024654;0
0.142412;0.164102;0.852775;10.024654;0
0.131206;0.166026;0.852775;10.024654;0
0.120502;0.156429;0.862283;10.024654;0
0.110602;0.142354;0.862283;10.024654;0
0.098237;0.136206;0.862283;10.024654;0
0.089300;0.142175;0.871522;10.024654;0
0.080811;0.153763;0.871522;10.024654;0
0.072560;0.152169;0.880501;10.024654;0
0.064512;0.145626;0.880501;10.024654;0
0.054136;0.143278;0.889225;10.024654;0
0.046873;0.142829;0.889225;10.024654;0
0.039637;0.129223;0.889225;10.024654;0
0.032598;0.115994;0.897693;10.024654;0
0.025796;0.110697;0.897693;10.024654;0
0.016765;0.119275;0.905898;10.024654;0
0.010124;0.124964;0.905898;10.024654;0
0.003631;0.115700;0.905898;10.024654;0
-0.002931;0.106506;0.913821;10.024654;0
-0.009407;0.104772;0.913821;10.024654;0
-0.018124;0.106295;0.921436;10.024654;0
-0.024654;0.097857;0.921436;10.024654;0
-0.031123;0.095065;0.928704;10.024654;0
-0.038132;0.102025;0.928704;10.024654;0
-0.048091;0.121887;0.928704;10.024654;0
-0.056366;0.125315;0.935575;10.024654;0
0.100567;0.099125;0.935575;10.024654;0
0.101041;0.083414;0.941990;10.024654;0
0.102147;0.067357;0.941990;10.024654;0
0.104650;0.052933;0.941990;10.024654;0
0.107401;0.036074;0.947877;10.024654;0
0.110810;0.022506;0.947877;10.024654;0
0.114712;0.022413;0.953162;10.024654;0
0.120525;0.041784;0.953162;10.024654;0
0.125369;0.064699;0.953162;10.024654;0
0.130575;0.074080;0.957767;10.024654;0
0.135965;0.077837;0.957767;10.024654;0
0.142992;0.087390;0.957767;10.024654;0
0.148396;0.091435;0.961618;10.024654;0
0.153790;0.080684;0.961618;10.024654;0
0.158943;0.070529;0.964643;10.024654;0
0.163714;0.068817;0.964643;10.024654;0
0.169996;0.081314;0.964643;10.024654;0
0.174250;0.090434;0.966781;10.024654;0
0.178303;0.088968;0.966781;10.024654;0
0.181916;0.089152;0.966781;10.024654;0
0.185155;0.097107;0.967978;10.024654;0
0.188913;0.117711;0.967978;10.024654;0
0.191343;0.126062;0.967978;10.024654;0
0.193321;0.117630;0.968195;10.024654;0
0.194997;0.108282;0.968195;10.024654;0
0.196400;0.106713;0.968195;10.024654;0
0.197919;0.105709;0.967403;10.024654;0
0.198819;0.096092;0.967403;10.024654;0
0.199546;0.092550;0.965591;10.024654;0
0.200083;0.099129;0.965591;10.024654;0
0.200452;0.114430;0.965591;10.024654;0
0.200738;0.134617;0.962762;10.024654;0
0.200854;0.133286;0.962762;10.024654;0
0.200910;0.127518;0.962762;10.024654;0
0.200940;0.127055;0.958939;10.024654;0
0.200957;0.133458;0.958939;10.024654;0
0.200970;0.140084;0.958939;10.024654;0
0.200985;0.123910;0.954158;10.024654;0
0.201124;0.112317;0.954158;10.024654;0
0.201375;0.111452;0.948476;10.024654;0
0.201752;0.113596;0.948476;10.024654;0
0.202221;0.105236;0.948476;10.024654;0
0.203054;0.100519;0.941966;10.024654;0
0.203824;0.108668;0.941966;10.024654;0
0.204683;0.125976;0.941966;10.024654;0
0.205648;0.141894;0.934717;10.024654;0
0.206669;0.138170;0.934717;10.024654;0
0.208302;0.123031;0.926836;10.024654;0
0.209803;0.118039;0.926836;10.024654;0
0.211506;0.122707;0.926836;10.024654;0
0.213361;0.132458;0.918442;10.024654;0
0.215448;0.133972;0.918442;10.024654;0
0.218623;0.117437;0.918442;10.024654;0
0.221495;0.107537;0.909667;10.024654;0
0.224621;0.109734;0.909667;10.024654;0
0.227971;0.114966;0.900652;10.024654;0
0.231943;0.105712;0.900652;10.024654;0
0.237907;0.095336;0.891546;10.024654;0
0.243139;0.099339;0.891546;10.024654;0
0.248731;0.113836;0.882497;10.024654;0
0.255082;0.121098;0.882497;10.024654;0
0.264986;0.112879;0.882497;10.024654;0
0.273688;0.108840;0.873651;10.024654;0
0.283773;0.111713;0.873651;10.024654;0
0.295836;0.116871;0.865144;10.024654;0
0.309842;0.109554;0.865144;10.024654;0
0.333837;0.102116;0.857099;10.024654;0
0.358018;0.108677;0.857099;10.024654;0
-0.661536;-0.004233;0.857099;10.024654;0
-0.685562;-0.013440;0.849613;10.024654;0
-0.710441;-0.030697;0.849613;10.024654;0
-0.736764;-0.040092;0.842758;10.024654;0
-0.773801;-0.032625;0.842758;10.024654;0
-0.802501;-0.017034;0.842758;10.024654;0
-0.830563;-0.003705;0.836575;10.024654;0
-0.858026;0.011121;0.836575;10.024654;0
-0.893173;0.039275;0.831076;10.024654;0
-0.917694;0.059236;0.831076;10.024654;0
-0.940738;0.067508;0.831076;10.024654;0
-0.960727;0.072106;0.826248;10.024654;0
-0.979356;0.077144;0.826248;10.024654;0
-1.000000;0.086787;0.826248;10.024654;0
-1.000000;0.095602;0.822053;10.024654;0
-1.000000;0.094141;0.822053;10.024654;0
-1.000000;0.088509;0.822053;10.024654;0
-1.000000;0.087059;0.818430;10.024654;0
-1.000000;0.098591;0.818430;10.024654;0
-1.000000;0.113702;0.818430;10.024654;0
-1.000000;0.124884;0.815302;10.024654;0
-1.000000;0.131840;0.815302;10.024654;0
-1.000000;0.141158;0.815302;10.024654;0
-0.979234;0.155621;0.812579;10.024654;0
-0.959702;0.162716;0.812579;10.024654;0
-0.937435;0.158713;0.812579;10.024654;0
-0.913440;0.151453;0.812579;10.024654;0
-0.877830;0.147075;0.812579;10.024654;0
-0.849722;0.151123;0.810160;10.024654;0
-0.819415;0.159099;0.810160;10.024654;0
-0.787462;0.160799;0.810160;10.024654;0
-0.753631;0.154999;0.807938;10.024654;0
-0.707706;0.148763;0.807938;10.024654;0
-0.673236;0.150079;0.807938;10.024654;0
-0.638197;0.157089;0.807938;10.024654;0
-0.591588;0.165890;0.805802;10.024654;0
-0.554446;0.160974;0.805802;10.024654;0
-0.518120;0.154355;0.805802;10.024654;0
-0.482114;0.152661;0.803644;10.024654;0
-0.447131;0.154729;0.803644;10.024654;0
-0.401058;0.144445;0.803644;10.024654;0
-0.366012;0.138003;0.801357;10.024654;0
-0.333093;0.139916;0.801357;10.024654;0
-0.301065;0.148850;0.801357;10.024654;0
-0.270008;0.150633;0.801357;10.024654;0
-0.230117;0.116528;0.798843;10.024654;0
-0.202117;0.084590;0.798843;10.024654;0
-0.176560;0.065788;0.796008;10.024654;0
-0.151461;0.061041;0.796008;10.024654;0
-0.127807;0.060626;0.792772;10.024654;0
-0.105880;0.070562;0.792772;10.024654;0
-0.078259;0.103028;0.792772;10.024654;0
-0.059053;0.131879;0.789062;10.024654;0
-0.040363;0.149603;0.789062;10.024654;0
-0.022286;0.155248;0.789062;10.024654;0
0.000247;0.158246;0.784823;10.024654;0
0.016264;0.160762;0.784823;10.024654;0
0.031669;0.162742;0.784823;10.024654;0
0.046731;0.153764;0.780008;10.024654;0
0.061176;0.134414;0.780008;10.024654;0
0.074863;0.116648;0.780008;10.024654;0
0.092699;0.103395;0.774588;10.024654;0
0.105341;0.102176;0.774588;10.024654;0
0.117788;0.093688;0.774588;10.024654;0
0.129821;0.084263;0.768549;10.024654;0
0.141059;0.081224;0.768549;10.024654;0
0.155990;0.094136;0.768549;10.024654;0
0.166593;0.104298;0.761891;10.024654;0
0.176965;0.101258;0.761891;10.024654;0
0.187441;0.096318;0.761891;10.024654;0
0.198005;0.095616;0.754634;10.024654;0
0.212320;0.104461;0.754634;10.024654;0
0.224160;0.108418;0.746813;10.024654;0
0.237273;0.100158;0.746813;10.024654;0
0.253337;0.092348;0.746813;10.024654;0
-0.265863;0.074287;0.738487;10.024654;0
-0.275752;0.074469;0.738487;10.024654;0
-0.285676;0.065786;0.738487;10.024654;0
-0.295910;0.062447;0.729730;10.024654;0
-0.305863;0.070158;0.729730;10.024654;0
-0.317598;0.090560;0.720634;10.024654;0
-0.326714;0.099226;0.720634;10.024654;0
-0.334192;0.105792;0.720634;10.024654;0
-0.340482;0.115750;0.711300;10.024654;0
-0.345299;0.131536;0.711300;10.024654;0
-0.348526;0.147150;0.701835;10.024654;0
-0.350032;0.143798;0.701835;10.024654;0
-0.349174;0.140322;0.701835;10.024654;0
-0.346650;0.144439;0.692359;10.024654;0
-0.342410;0.155239;0.692359;10.024654;0
-0.336353;0.158770;0.682996;10.024654;0
-0.325683;0.148577;0.682996;10.024654;0
-0.316110;0.143885;0.673883;10.024654;0
-0.305285;0.146563;0.673883;10.024654;0
-0.293458;0.152508;0.665158;10.024654;0
-0.277916;0.147719;0.665158;10.024654;0
-0.261306;0.145429;0.656970;10.024654;0
-0.246257;0.154207;0.656970;10.024654;0
-0.230885;0.168505;0.656970;10.024654;0
-0.214687;0.175425;0.649469;10.024654;0
-0.193593;0.163530;0.642807;10.024654;0
-0.177174;0.154845;0.642807;10.024654;0
-0.161774;0.152080;0.637133;10.024654;0
-0.145722;0.155583;0.637133;10.024654;0
-0.130206;0.151453;0.632590;10.024654;0
-0.110325;0.134072;0.632590;10.024654;0
-0.095580;0.126177;0.629307;10.024654;0
-0.081313;0.127283;0.629307;10.024654;0
-0.067712;0.136056;0.627399;10.024654;0
-0.054543;0.132499;0.626958;10.024654;0
-0.037673;0.118167;0.626958;10.024654;0
-0.025573;0.113430;0.628045;10.024654;0
-0.013605;0.118218;0.630691;10.024654;0
-0.002315;0.123647;0.630691;10.024654;0
0.009197;0.117934;0.634891;10.024654;0
0.024182;0.101225;0.634891;10.024654;0
0.035071;0.094962;0.640598;10.024654;0
0.045933;0.098055;0.647728;10.024654;0
0.057099;0.105589;0.647728;10.024654;0
0.068498;0.100958;0.656157;10.024654;0
0.080031;0.093157;0.665720;10.024654;0
0.096068;0.088602;0.665720;10.024654;0
0.109125;0.094114;0.676221;10.024654;0
0.123385;0.106298;0.687426;10.024654;0
0.144412;0.103629;0.687426;10.024654;0
0.163948;0.094993;0.699076;10.024654;0
-0.824986;0.053150;0.699076;10.024654;0
-0.838081;0.040226;0.710886;10.024654;0
-0.852621;0.029513;0.710886;10.024654;0
-0.868126;0.013923;0.722568;10.024654;0
-0.890966;0.001996;0.722568;10.024654;0
-0.908873;0.010120;0.733852;10.024654;0
-0.927152;0.028105;0.733852;10.024654;0
-0.945913;0.043932;0.744488;10.024654;0
-0.969969;0.061966;0.744488;10.024654;0
-0.987483;0.078817;0.744488;10.024654;0
-1.000000;0.095329;0.754251;10.024654;0
-1.000000;0.111754;0.754251;10.024654;0
-1.000000;0.117815;0.762938;10.024654;0
-1.000000;0.118047;0.762938;10.024654;0
-1.000000;0.120216;0.762938;10.024654;0
-1.000000;0.128321;0.770373;10.024654;0
-1.000000;0.136182;0.770373;10.024654;0
-1.000000;0.133520;0.770373;10.024654;0
-1.000000;0.129374;0.776406;10.024654;0
-1.000000;0.132556;0.776406;10.024654;0
-1.000000;0.142002;0.776406;10.024654;0
-1.000000;0.145228;0.776406;10.024654;0
-1.000000;0.143789;0.780913;10.024654;0
-1.000000;0.145655;0.780913;10.024654;0
-0.992711;0.155384;0.780913;10.024654;0
-0.973403;0.165151;0.783795;10.024654;0
-0.952337;0.166624;0.783795;10.024654;0
-0.929237;0.166628;0.783795;10.024654;0
-0.905175;0.168884;0.783795;10.024654;0
-0.872013;0.175931;0.784978;10.024654;0
-0.845738;0.179822;0.784978;10.024654;0
-0.817480;0.173776;0.784978;10.024654;0
-0.789737;0.168175;0.784413;10.024654;0
-0.751490;0.167915;0.784413;10.024654;0
-0.722725;0.175533;0.784413;10.024654;0
-0.693206;0.181855;0.782077;10.024654;0
-0.664616;0.174455;0.782077;10.024654;0
-0.635374;0.164512;0.782077;10.024654;0
-0.598277;0.159058;0.777971;10.024654;0
-0.570916;0.161266;0.777971;10.024654;0
-0.544623;0.157111;0.777971;10.024654;0
-0.518675;0.148168;0.772121;10.024654;0
-0.485405;0.145461;0.772121;10.024654;0
-0.461211;0.150872;0.772121;10.024654;0
-0.437894;0.153542;0.764576;10.024654;0
-0.415945;0.145650;0.764576;10.024654;0
-0.394708;0.138672;0.764576;10.024654;0
-0.374562;0.136675;0.755412;10.024654;0
-0.350231;0.141720;0.755412;10.024654;0
