-0.290944;0.115733;0.627847;10.024654;0
-0.283031;0.116153;0.633690;10.024654;0
-0.271534;0.092965;0.633690;10.024654;0
-0.262213;0.071732;0.639025;10.024654;0
-0.252648;0.059574;0.639025;10.024654;0
-0.242687;0.055862;0.639025;10.024654;0
-0.229238;0.046432;0.643847;10.024654;0
-0.219068;0.045302;0.643847;10.024654;0
-0.208186;0.051926;0.648174;10.024654;0
-0.197182;0.067317;0.648174;10.024654;0
-0.186274;0.086973;0.652043;10.024654;0
-0.171805;0.096725;0.652043;10.024654;0
-0.160760;0.099892;0.655516;10.024654;0
-0.150044;0.106087;0.655516;10.024654;0
-0.139488;0.117007;0.658678;10.024654;0
-0.125779;0.128882;0.658678;10.024654;0
-0.115483;0.121478;0.661636;10.024654;0
-0.105694;0.106187;0.661636;10.024654;0
-0.096483;0.076495;0.661636;10.024654;0
-0.087564;0.044963;0.664519;10.024654;0
-0.076131;0.018485;0.664519;10.024654;0
-0.068090;0.004867;0.667474;10.024654;0
-0.060761;0.006576;0.667474;10.024654;0
-0.053565;0.027344;0.670663;10.024654;0
-0.046718;0.064563;0.670663;10.024654;0
-0.040021;0.103872;0.674261;10.024654;0
-0.033694;0.121655;0.674261;10.024654;0
-0.025687;0.129214;0.678445;10.024654;0
-0.020069;0.132885;0.678445;10.024654;0
-0.014857;0.137345;0.678445;10.024654;0
-0.009628;0.139732;0.683392;10.024654;0
-0.002687;0.124347;0.683392;10.024654;0
0.002317;0.106400;0.689269;10.024654;0
0.007129;0.094431;0.689269;10.024654;0
0.011585;0.090011;0.696223;10.024654;0
0.015942;0.092606;0.696223;10.024654;0
0.021546;0.095742;0.704372;10.024654;0
0.025587;0.088229;0.704372;10.024654;0
0.029403;0.081096;0.713801;10.024654;0
0.033069;0.077033;0.713801;10.024654;0
0.037739;0.081187;0.724547;10.024654;0
0.041337;0.083662;0.724547;10.024654;0
0.045002;0.075354;0.736599;10.024654;0
0.048677;0.069545;0.736599;10.024654;0
0.052803;0.069318;0.749890;10.024654;0
0.059267;0.076525;0.749890;10.024654;0
0.065449;0.072381;0.764294;10.024654;0
0.073452;0.063488;0.764294;10.024654;0
-1.000000;0.067145;0.764294;10.024654;0
-1.000000;0.079915;0.779629;10.024654;0
-1.000000;0.092415;0.779629;10.024654;0
-1.000000;0.095762;0.795675;10.024654;0
-1.000000;0.100018;0.795675;10.024654;0
-1.000000;0.106892;0.795675;10.024654;0
-1.000000;0.116527;0.812197;10.024654;0
-1.000000;0.116625;0.812197;10.024654;0
-1.000000;0.115413;0.812197;10.024654;0
-1.000000;0.119543;0.828962;10.024654;0
-1.000000;0.126764;0.828962;10.024654;0
-1.000000;0.128687;0.828962;10.024654;0
-1.000000;0.127556;0.845741;10.024654;0
-1.000000;0.130686;0.845741;10.024654;0
-1.000000;0.136515;0.845741;10.024654;0
-1.000000;0.134500;0.862316;10.024654;0
-1.000000;0.126159;0.862316;10.024654;0
-0.993440;0.120119;0.862316;10.024654;0
-0.973293;0.122485;0.878487;10.024654;0
-0.957164;0.131229;0.878487;10.024654;0
-0.939681;0.133627;0.878487;10.024654;0
-0.921387;0.131382;0.878487;10.024654;0
-0.902925;0.131481;0.894071;10.024654;0
-0.878254;0.137649;0.894071;10.024654;0
-0.858520;0.146409;0.894071;10.024654;0
-0.838885;0.148181;0.908905;10.024654;0
-0.818166;0.144742;0.908905;10.024654;0
-0.797713;0.142657;0.908905;10.024654;0
-0.770690;0.147949;0.908905;10.024654;0
-0.749859;0.159967;0.922852;10.024654;0
-0.729509;0.169198;0.922852;10.024654;0
-0.708442;0.164594;0.922852;10.024654;0
-0.684498;0.154341;0.922852;10.024654;0
-0.659509;0.148007;0.935794;10.024654;0
-0.638936;0.148674;0.935794;10.024654;0
-0.618956;0.150676;0.935794;10.024654;0
-0.598775;0.143707;0.947638;10.024654;0
-0.579365;0.136276;0.947638;10.024654;0
-0.554124;0.132690;0.947638;10.024654;0
-0.535806;0.136224;0.947638;10.024654;0
-0.518149;0.140261;0.958313;10.024654;0
-0.500129;0.134456;0.958313;10.024654;0
-0.478092;0.122137;0.958313;10.024654;0
-0.461601;0.118801;0.958313;10.024654;0
-0.445337;0.122999;0.967770;10.024654;0
-0.430068;0.132459;0.967770;10.024654;0
-0.414549;0.136646;0.967770;10.024654;0
-0.394984;0.127890;0.975981;10.024654;0
-0.380493;0.123291;0.975981;10.024654;0
-0.366718;0.125854;0.975981;10.024654;0
-0.353305;0.131077;0.975981;10.024654;0
-0.340205;0.124840;0.982938;10.024654;0
-0.323576;0.112260;0.982938;10.024654;0
-0.311305;0.108659;0.982938;10.024654;0
-0.299440;0.114144;0.988652;10.024654;0
-0.287865;0.121739;0.988652;10.024654;0
-0.277160;0.115998;0.988652;10.024654;0
-0.262853;0.106430;0.988652;10.024654;0
-0.252590;0.106402;0.993149;10.024654;0
-0.242809;0.112470;0.993149;10.024654;0
-0.233277;0.122749;0.993149;10.024654;0
-0.220564;0.126228;0.993149;10.024654;0
-0.211358;0.116921;0.996471;10.024654;0
-0.202302;0.107037;0.996471;10.024654;0
-0.193689;0.103085;0.996471;10.024654;0
-0.185442;0.095416;0.998675;10.024654;0
-0.174516;0.077825;0.998675;10.024654;0
-0.166690;0.072608;0.998675;10.024654;0
-0.159123;0.079445;0.998675;10.024654;0
-0.151872;0.090957;0.998675;10.024654;0
-0.144692;0.092748;0.998675;10.024654;0
-0.135601;0.095791;0.998675;10.024654;0
-0.129171;0.102773;0.998675;10.024654;0
-0.122778;0.109421;0.999826;10.024654;0
-0.116498;0.104701;0.999826;10.024654;0
-0.110336;0.091631;0.999826;10.024654;0
-0.102615;0.080034;1.000000;10.024654;0
-0.097212;0.080162;1.000000;10.024654;0
-0.091984;0.084248;1.000000;10.024654;0
-0.086848;0.080036;1.000000;10.024654;0
-0.080398;0.076732;0.999278;10.024654;0
-0.075667;0.083527;0.999278;10.024654;0
-0.071193;0.097428;0.999278;10.024654;0
-0.066964;0.111972;0.999278;10.024654;0
-0.062746;0.113505;0.997747;10.024654;0
-0.057642;0.107354;0.997747;10.024654;0
-0.054150;0.105631;0.997747;10.024654;0
-0.051018;0.109483;0.992609;10.024654;0
-0.048467;0.113236;0.992609;10.024654;0
-0.046438;0.107583;0.992609;10.024654;0
-0.045010;0.092483;0.992609;10.024654;0
0.048148;0.068958;0.989178;10.024654;0
0.052613;0.075189;0.989178;10.024654;0
0.056492;0.080659;0.989178;10.024654;0
0.060644;0.074773;0.985271;10.024654;0
0.063055;0.076247;0.985271;10.024654;0
0.064803;0.085289;0.985271;10.024654;0
0.065940;0.099721;0.985271;10.024654;0
0.066495;0.112783;0.980931;10.024654;0
0.066483;0.111477;0.980931;10.024654;0
0.065891;0.109251;0.980931;10.024654;0
0.064921;0.113606;0.976177;10.024654;0
0.063524;0.125359;0.976177;10.024654;0
0.061425;0.143756;0.976177;10.024654;0
0.059266;0.146142;0.976177;10.024654;0
0.057323;0.139860;0.971009;10.024654;0
0.055216;0.137187;0.971009;10.024654;0
0.052528;0.147193;0.971009;10.024654;0
0.050422;0.157889;0.965413;10.024654;0
0.048493;0.154300;0.965413;10.024654;0
0.046713;0.150754;0.965413;10.024654;0
0.045038;0.153542;0.959372;10.024654;0
0.042919;0.164666;0.959372;10.024654;0
0.041451;0.175482;0.959372;10.024654;0
0.040188;0.172013;0.952867;10.024654;0
0.039096;0.158274;0.952867;10.024654;0
0.038187;0.148128;0.952867;10.024654;0
0.037138;0.145761;0.945888;10.024654;0
0.036463;0.154805;0.945888;10.024654;0
0.035947;0.154962;0.945888;10.024654;0
0.035554;0.147025;0.938431;10.024654;0
0.035254;0.144625;0.938431;10.024654;0
0.034990;0.147883;0.938431;10.024654;0
0.034958;0.138419;0.930512;10.024654;0
0.034972;0.129490;0.930512;10.024654;0
0.034969;0.130024;0.930512;10.024654;0
0.034932;0.140149;0.922162;10.024654;0
0.034864;0.152066;0.922162;10.024654;0
0.034835;0.143698;0.913438;10.024654;0
0.034793;0.136691;0.913438;10.024654;0
0.034692;0.135000;0.913438;10.024654;0
0.034480;0.146491;0.904417;10.024654;0
0.034326;0.153863;0.904417;10.024654;0
0.034191;0.145721;0.904417;10.024654;0
0.034054;0.134799;0.895204;10.024654;0
0.033911;0.131588;0.895204;10.024654;0
0.033749;0.130953;0.885928;10.024654;0
0.033671;0.111602;0.885928;10.024654;0
0.033645;0.098161;0.885928;10.024654;0
0.033617;0.097999;0.885928;10.024654;0
0.033583;0.110639;0.876744;10.024654;0
0.033562;0.135740;0.876744;10.024654;0
0.033673;0.137563;0.867827;10.024654;0
0.033842;0.127314;0.867827;10.024654;0
0.034046;0.116329;0.859369;10.024654;0
0.034275;0.112733;0.859369;10.024654;0
0.034550;0.113388;0.859369;10.024654;0
0.035099;0.093550;0.851575;10.024654;0
0.035610;0.077922;0.851575;10.024654;0
0.036199;0.070567;0.844652;10.024654;0
0.036850;0.073568;0.844652;10.024654;0
0.037749;0.081534;0.838798;10.024654;0
0.039022;0.073374;0.838798;10.024654;0
0.040354;0.060081;0.834197;10.024654;0
0.041880;0.054009;0.834197;10.024654;0
0.043719;0.060421;0.830997;10.024654;0
0.046330;0.069876;0.830997;10.024654;0
0.050117;0.059502;0.829305;10.024654;0
0.516281;0.063703;0.829305;10.024654;0
0.522283;0.058071;0.829168;10.024654;0
0.528389;0.054043;0.829168;10.024654;0
0.534704;0.044745;0.830567;10.024654;0
0.543569;0.033877;0.830567;10.024654;0
0.550276;0.041999;0.833414;10.024654;0
0.556794;0.062143;0.833414;10.024654;0
0.562718;0.074956;0.837576;10.024654;0
0.568295;0.080758;0.837576;10.024654;0
0.573598;0.089244;0.842878;10.024654;0
0.579240;0.104241;0.842878;10.024654;0
0.582593;0.118713;0.849114;10.024654;0
0.584755;0.126066;0.849114;10.024654;0
0.585840;0.117943;0.856056;10.024654;0
0.585987;0.108004;0.856056;10.024654;0
0.585183;0.105026;0.863464;10.024654;0
0.582392;0.106680;0.863464;10.024654;0
0.579101;0.096238;0.863464;10.024654;0
0.574999;0.072803;0.871093;10.024654;0
0.570009;0.047085;0.871093;10.024654;0
0.562191;0.040514;0.878701;10.024654;0
0.555393;0.052374;0.878701;10.024654;0
0.547619;0.064449;0.886055;10.024654;0
0.538984;0.083361;0.886055;10.024654;0
0.526097;0.123579;0.892937;10.024654;0
0.515704;0.159643;0.892937;10.024654;0
0.503958;0.189779;0.892937;10.024654;0
0.491156;0.200658;0.899145;10.024654;0
0.477860;0.201046;0.899145;10.024654;0
0.459329;0.202556;0.904501;10.024654;0
0.444795;0.206095;0.904501;10.024654;0
0.430430;0.204187;0.904501;10.024654;0
0.415374;0.186924;0.908849;10.024654;0
0.400784;0.168570;0.908849;10.024654;0
0.381674;0.155018;0.912057;10.024654;0
0.367437;0.157234;0.912057;10.024654;0
0.354123;0.166786;0.912057;10.024654;0
0.340245;0.169546;0.914019;10.024654;0
0.326962;0.161703;0.914019;10.024654;0
0.310498;0.158058;0.914657;10.024654;0
0.298105;0.162753;0.914657;10.024654;0
0.286027;0.174055;0.914657;10.024654;0
0.274250;0.179053;0.913918;10.024654;0
0.259177;0.166797;0.913918;10.024654;0
0.248495;0.157407;0.911777;10.024654;0
0.238284;0.153101;0.911777;10.024654;0
0.228658;0.158403;0.911777;10.024654;0
0.216296;0.165917;0.908235;10.024654;0
0.207209;0.152844;0.908235;10.024654;0
0.198834;0.138999;0.903322;10.024654;0
0.190958;0.134348;0.903322;10.024654;0
0.183621;0.141730;0.903322;10.024654;0
0.176849;0.147410;0.897094;10.024654;0
0.168433;0.135175;0.897094;10.024654;0
0.162632;0.127706;0.889636;10.024654;0
0.157281;0.127665;0.889636;10.024654;0
0.152607;0.127635;0.881061;10.024654;0
0.148542;0.116636;0.881061;10.024654;0
0.144275;0.093258;0.881061;10.024654;0
0.142079;0.081576;0.871511;10.024654;0
0.140811;0.078457;0.871511;10.024654;0
0.140991;0.070648;0.861155;10.024654;0
0.143187;0.054383;0.861155;10.024654;0
0.150730;0.041891;0.861155;10.024654;0
0.556595;0.070849;0.850192;10.024654;0
0.556686;0.062789;0.850192;10.024654;0
0.557601;0.042616;0.838841;10.024654;0
0.560376;0.015535;0.838841;10.024654;0
0.563989;0.008785;0.827310;10.024654;0
0.568499;0.017654;0.827310;10.024654;0
0.573563;0.040856;0.827310;10.024654;0
0.578933;0.067987;0.815799;10.024654;0
0.584273;0.081441;0.815799;10.024654;0
0.590797;0.095322;0.804494;10.024654;0
0.595436;0.110297;0.804494;10.024654;0
0.599408;0.124755;0.804494;10.024654;0
0.602474;0.123794;0.793568;10.024654;0
0.604951;0.121153;0.793568;10.024654;0
0.605525;0.127902;0.783182;10.024654;0
0.604692;0.142385;0.783182;10.024654;0
0.602324;0.159042;0.783182;10.024654;0
0.596318;0.164701;0.773478;10.024654;0
0.589282;0.157744;0.773478;10.024654;0
0.581194;0.153341;0.764587;10.024654;0
0.571500;0.154994;0.764587;10.024654;0
0.560314;0.158929;0.756619;10.024654;0
0.548003;0.155013;0.756619;10.024654;0
0.534614;0.146897;0.756619;10.024654;0
0.515014;0.140794;0.749669;10.024654;0
0.499904;0.145658;0.749669;10.024654;0
0.483471;0.154170;0.743810;10.024654;0
0.466991;0.150496;0.743810;10.024654;0
0.444001;0.147224;0.739098;10.024654;0
0.425898;0.155581;0.739098;10.024654;0
0.408492;0.169488;0.739098;10.024654;0
0.391220;0.178173;0.735564;10.024654;0
0.373047;0.166899;0.735564;10.024654;0
0.349482;0.150420;0.733223;10.024654;0
0.332925;0.147358;0.733223;10.024654;0
0.316784;0.151602;0.732066;10.024654;0
0.300548;0.151847;0.732066;10.024654;0
0.285269;0.141117;0.732062;10.024654;0
0.266155;0.130885;0.732062;10.024654;0
0.252201;0.132023;0.733161;10.024654;0
0.239090;0.141045;0.733161;10.024654;0
0.226413;0.142018;0.735294;10.024654;0
0.214519;0.132391;0.735294;10.024654;0
0.199794;0.122380;0.738372;10.024654;0
0.189496;0.125205;0.738372;10.024654;0
0.180017;0.126750;0.742290;10.024654;0
0.171400;0.115496;0.742290;10.024654;0
0.163289;0.103199;0.746928;10.024654;0
0.153472;0.095022;0.746928;10.024654;0
0.146520;0.099210;0.752149;10.024654;0
0.140051;0.110461;0.752149;10.024654;0
0.134195;0.110192;0.757806;10.024654;0
0.129245;0.097224;0.757806;10.024654;0
0.123615;0.084326;0.763741;10.024654;0
0.120231;0.083187;0.763741;10.024654;0
0.117586;0.087854;0.769787;10.024654;0
0.116148;0.088658;0.769787;10.024654;0
0.559069;0.114957;0.769787;10.024654;0
0.555802;0.099445;0.775768;10.024654;0
0.552775;0.086466;0.775768;10.024654;0
0.549980;0.082958;0.781513;10.024654;0
0.547282;0.083384;0.781513;10.024654;0
0.543512;0.075137;0.786872;10.024654;0
0.540487;0.074069;0.786872;10.024654;0
0.537145;0.082078;0.791724;10.024654;0
0.533447;0.091508;0.791724;10.024654;0
0.529162;0.091928;0.795970;10.024654;0
0.522950;0.096438;0.795970;10.024654;0
0.517282;0.110148;0.799541;10.024654;0
0.510610;0.133355;0.799541;10.024654;0
0.503258;0.149751;0.799541;10.024654;0
0.495078;0.147735;0.802392;10.024654;0
0.486003;0.140011;0.802392;10.024654;0
0.474894;0.137779;0.804500;10.024654;0
0.462371;0.150081;0.804500;10.024654;0
0.451475;0.159372;0.805870;10.024654;0
0.439948;0.151316;0.805870;10.024654;0
0.427871;0.139217;0.805870;10.024654;0
0.411297;0.134531;0.806527;10.024654;0
0.398371;0.145295;0.806527;10.024654;0
0.385592;0.155074;0.806521;10.024654;0
0.372371;0.148534;0.806521;10.024654;0
0.355411;0.138044;0.805923;10.024654;0
0.342286;0.138538;0.805923;10.024654;0
0.328963;0.146776;0.805923;10.024654;0
0.315696;0.155157;0.804825;10.024654;0
0.301740;0.149053;0.804825;10.024654;0
0.289048;0.139244;0.803337;10.024654;0
0.276675;0.137620;0.803337;10.024654;0
0.260996;0.149490;0.801586;10.024654;0
0.249412;0.157495;0.801586;10.024654;0
0.237997;0.148290;0.799716;10.024654;0
0.227044;0.139343;0.799716;10.024654;0
0.216657;0.138152;0.797877;10.024654;0
0.203254;0.146788;0.797877;10.024654;0
0.193432;0.156982;0.797877;10.024654;0
0.184146;0.159676;0.796230;10.024654;0
0.175307;0.149565;0.796230;10.024654;0
0.166748;0.141551;0.794933;10.024654;0
0.156181;0.140988;0.794933;10.024654;0
0.148784;0.137761;0.794143;10.024654;0
0.141965;0.124619;0.794143;10.024654;0
0.135186;0.114804;0.794004;10.024654;0
0.127986;0.113362;0.794004;10.024654;0
0.120876;0.121379;0.794643;10.024654;0
0.115363;0.120075;0.794643;10.024654;0
0.110283;0.111930;0.796159;10.024654;0
0.105577;0.106813;0.796159;10.024654;0
0.099818;0.114112;0.798622;10.024654;0
0.096084;0.120917;0.798622;10.024654;0
0.092848;0.113101;0.802059;10.024654;0
0.090333;0.105042;0.802059;10.024654;0
0.088708;0.103221;0.806454;10.024654;0
0.088351;0.110437;0.806454;10.024654;0
0.870460;0.101605;0.811739;10.024654;0
0.874629;0.080881;0.811739;10.024654;0
0.879472;0.057994;0.817799;10.024654;0
0.885334;0.044354;0.817799;10.024654;0
0.894204;0.045416;0.817799;10.024654;0
0.901574;0.045531;0.824478;10.024654;0
0.909525;0.041088;0.824478;10.024654;0
0.917734;0.027170;0.824478;10.024654;0
0.926492;0.016071;0.831589;10.024654;0
0.935240;0.016940;0.831589;10.024654;0
0.946440;0.023311;0.838927;10.024654;0
0.953845;0.036009;0.838927;10.024654;0
0.960920;0.058012;0.838927;10.024654;0
0.967237;0.084206;0.846276;10.024654;0
0.974287;0.108744;0.846276;10.024654;0
0.978090;0.116200;0.846276;10.024654;0
0.980560;0.122718;0.853418;10.024654;0
0.981869;0.131353;0.853418;10.024654;0
0.981599;0.143333;0.860138;10.024654;0
0.979497;0.145750;0.860138;10.024654;0
0.975911;0.138561;0.860138;10.024654;0
0.971258;0.132255;0.860138;10.024654;0
0.965711;0.130252;0.860138;10.024654;0
0.956634;0.134111;0.866230;10.024654;0
0.948149;0.132311;0.866230;10.024654;0
0.938743;0.126402;0.866230;10.024654;0
0.928450;0.122406;0.866230;10.024654;0
0.917300;0.121598;0.871505;10.024654;0
0.900816;0.127312;0.871505;10.024654;0
0.887788;0.126112;0.871505;10.024654;0
0.873788;0.121075;0.875787;10.024654;0
0.858926;0.118187;0.875787;10.024654;0
0.843464;0.119846;0.875787;10.024654;0
0.821899;0.129879;0.878921;10.024654;0
0.805543;0.135404;0.878921;10.024654;0
0.788003;0.133784;0.878921;10.024654;0
0.770701;0.131999;0.878921;10.024654;0
0.752426;0.132267;0.880776;10.024654;0
0.727880;0.131307;0.880776;10.024654;0
0.709324;0.121594;0.880776;10.024654;0
0.690801;0.114204;0.881241;10.024654;0
0.672299;0.113507;0.881241;10.024654;0
0.653447;0.121335;0.881241;10.024654;0
0.628151;0.134526;0.881241;10.024654;0
0.609121;0.131920;0.880229;10.024654;0
0.590575;0.127801;0.880229;10.024654;0
0.572218;0.125886;0.880229;10.024654;0
0.554061;0.129932;0.877676;10.024654;0
0.534141;0.136602;0.877676;10.024654;0
0.512008;0.127759;0.877676;10.024654;0
0.494783;0.121114;0.877676;10.024654;0
0.477958;0.122173;0.873544;10.024654;0
0.461460;0.130634;0.873544;10.024654;0
0.440100;0.139540;0.873544;10.024654;0
0.424958;0.132551;0.867819;10.024654;0
0.409764;0.123875;0.867819;10.024654;0
0.394820;0.119293;0.867819;10.024654;0
0.376381;0.119303;0.860512;10.024654;0
0.362823;0.112333;0.860512;10.024654;0
0.350128;0.101141;0.860512;10.024654;0
0.338223;0.094068;0.860512;10.024654;0
0.322485;0.094332;0.851658;10.024654;0
0.311072;0.102146;0.851658;10.024654;0
0.300549;0.103327;0.851658;10.024654;0
0.290231;0.095607;0.841318;10.024654;0
0.280824;0.087744;0.841318;10.024654;0
0.268621;0.086609;0.841318;10.024654;0
0.260283;0.093176;0.829579;10.024654;0
0.252289;0.091584;0.829579;10.024654;0
0.245010;0.081306;0.829579;10.024654;0
0.236011;0.073446;0.816553;10.024654;0
0.229597;0.077227;0.816553;10.024654;0
0.223646;0.083184;0.802380;10.024654;0
0.218482;0.080327;0.802380;10.024654;0
0.212555;0.074668;0.802380;10.024654;0
0.208516;0.077549;0.787226;10.024654;0
0.205148;0.086384;0.787226;10.024654;0
0.202655;0.100254;0.787226;10.024654;0
0.201419;0.104481;0.771286;10.024654;0
0.202296;0.096746;0.771286;10.024654;0
0.205646;0.090812;0.771286;10.024654;0
0.212323;0.087776;0.754785;10.024654;0
0.223239;0.097010;0.754785;10.024654;0
0.216598;0.086049;0.754785;10.024654;0
0.210973;0.076797;0.737967;10.024654;0
0.205160;0.077092;0.737967;10.024654;0
0.202136;0.080657;0.737967;10.024654;0
0.200165;0.075579;0.721078;10.024654;0
0.199244;0.073385;0.721078;10.024654;0
0.199196;0.079749;0.721078;10.024654;0
0.200129;0.093240;0.704354;10.024654;0
0.201362;0.093274;0.704354;10.024654;0
0.202875;0.092416;0.704354;10.024654;0
0.204505;0.096446;0.688019;10.024654;0
0.206439;0.106918;0.688019;10.024654;0
0.207628;0.104618;0.672288;10.024654;0
0.208382;0.095804;0.672288;10.024654;0
0.208646;0.089052;0.672288;10.024654;0
0.208020;0.087365;0.657361;10.024654;0
0.206691;0.095506;0.657361;10.024654;0
0.204623;0.098171;0.643428;10.024654;0
0.201881;0.093580;0.643428;10.024654;0
0.198338;0.091796;0.630660;10.024654;0
0.192273;0.100159;0.630660;10.024654;0
0.186899;0.112617;0.619213;10.024654;0
0.181112;0.118374;0.619213;10.024654;0
0.174555;0.111505;0.619213;10.024654;0
0.164878;0.100454;0.609224;10.024654;0
0.157216;0.098480;0.609224;10.024654;0
0.149200;0.098122;0.600805;10.024654;0
0.141017;0.090286;0.600805;10.024654;0
0.132686;0.081245;0.594048;10.024654;0
0.121469;0.081452;0.594048;10.024654;0
0.112699;0.091742;0.589016;10.024654;0
0.104028;0.106088;0.589016;10.024654;0
0.095304;0.107670;0.585746;10.024654;0
0.086888;0.102334;0.584248;10.024654;0
0.075862;0.097383;0.584248;10.024654;0
0.067957;0.102518;0.584502;10.024654;0
0.060409;0.107825;0.584502;10.024654;0
0.052779;0.099778;0.586465;10.024654;0
0.043340;0.087431;0.586465;10.024654;0
0.036265;0.085505;0.590066;10.024654;0
0.029565;0.092136;0.590066;10.024654;0
0.023343;0.103124;0.595216;10.024654;0
0.017338;0.105339;0.601803;10.024654;0
0.011679;0.096127;0.601803;10.024654;0
0.004618;0.084509;0.609704;10.024654;0
-0.000547;0.083060;0.609704;10.024654;0
-0.005499;0.090193;0.618781;10.024654;0
-0.010228;0.098192;0.618781;10.024654;0
-0.015808;0.090451;0.628884;10.024654;0
-0.019947;0.077341;0.628884;10.024654;0
-0.024279;0.068787;0.639861;10.024654;0
-0.028800;0.068736;0.639861;10.024654;0
-0.033591;0.074328;0.651550;10.024654;0
0.699654;0.052670;0.651550;10.024654;0
0.706770;0.049145;0.663787;10.024654;0
0.714193;0.054374;0.663787;10.024654;0
0.721470;0.068377;0.676411;10.024654;0
0.730603;0.078756;0.676411;10.024654;0
0.737290;0.086364;0.689273;10.024654;0
0.743168;0.099273;0.689273;10.024654;0
0.748089;0.116857;0.689273;10.024654;0
0.751836;0.136827;0.702250;10.024654;0
0.754209;0.148699;0.702250;10.024654;0
0.753966;0.147732;0.715236;10.024654;0
0.752098;0.146856;0.715236;10.024654;0
0.748538;0.151085;0.715236;10.024654;0
0.742986;0.160991;0.728140;10.024654;0
0.731849;0.164383;0.728140;10.024654;0
0.721370;0.158683;0.740891;10.024654;0
0.708845;0.156604;0.740891;10.024654;0
0.694217;0.161965;0.740891;10.024654;0
0.677685;0.173673;0.753432;10.024654;0
0.653002;0.190054;0.753432;10.024654;0
0.632546;0.191063;0.765717;10.024654;0
0.610382;0.189816;0.765717;10.024654;0
0.588380;0.191605;0.765717;10.024654;0
0.556869;0.202671;0.777713;10.024654;0
0.532030;0.205911;0.777713;10.024654;0
0.506723;0.195100;0.789400;10.024654;0
0.481440;0.185779;0.789400;10.024654;0
0.456281;0.184532;0.800763;10.024654;0
0.422847;0.192631;0.800763;10.024654;0
0.397358;0.190150;0.800763;10.024654;0
0.372892;0.186728;0.811799;10.024654;0
0.349088;0.187681;0.811799;10.024654;0
0.326386;0.188669;0.822510;10.024654;0
0.304157;0.177935;0.822510;10.024654;0
0.276475;0.165776;0.822510;10.024654;0
0.256585;0.163776;0.832901;10.024654;0
0.238262;0.169812;0.832901;10.024654;0
0.220153;0.174569;0.832901;10.024654;0
0.203835;0.147377;0.842986;10.024654;0
0.183793;0.080297;0.842986;10.024654;0
0.170054;0.043218;0.852775;10.024654;0
0.157450;0.036147;0.852775;10.024654;0
0.145912;0.057502;0.852775;10.024654;0
0.134306;0.096441;0.862283;10.024654;0
0.119988;0.134810;0.862283;10.024654;0
0.109777;0.154715;0.871522;10.024654;0
0.099784;0.175335;0.871522;10.024654;0
0.089904;0.195740;0.880501;10.024654;0
0.077154;0.212417;0.880501;10.024654;0
0.067459;0.200655;0.880501;10.024654;0
0.058118;0.183392;0.889225;10.024654;0
0.049040;0.170758;0.889225;10.024654;0
0.039847;0.165320;0.897693;10.024654;0
0.027757;0.149929;0.897693;10.024654;0
0.018948;0.129643;0.905898;10.024654;0
0.010216;0.116311;0.905898;10.024654;0
0.001517;0.111572;0.905898;10.024654;0
-0.009903;0.112722;0.913821;10.024654;0
-0.018534;0.098945;0.913821;10.024654;0
-0.027138;0.084192;0.921436;10.024654;0
-0.035523;0.079697;0.921436;10.024654;0
-0.044383;0.087088;0.928704;10.024654;0
-0.053503;0.096717;0.928704;10.024654;0
-0.066202;0.084080;0.928704;10.024654;0
-0.076788;0.072188;0.935575;10.024654;0
0.069299;0.083251;0.935575;10.024654;0
0.069216;0.073205;0.941990;10.024654;0
0.070352;0.037314;0.941990;10.024654;0
0.072134;0.013557;0.941990;10.024654;0
0.074623;0.006888;0.947877;10.024654;0
0.077738;0.012337;0.947877;10.024654;0
0.081424;0.015073;0.953162;10.024654;0
0.086823;0.030448;0.953162;10.024654;0
0.091350;0.054185;0.953162;10.024654;0
0.096033;0.077029;0.957767;10.024654;0
0.100837;0.086628;0.957767;10.024654;0
0.105755;0.087432;0.957767;10.024654;0
0.112048;0.088107;0.961618;10.024654;0
0.116765;0.092761;0.961618;10.024654;0
0.121232;0.100958;0.961618;10.024654;0
0.125337;0.109602;0.964643;10.024654;0
0.129190;0.113339;0.964643;10.024654;0
0.132682;0.098045;0.966781;10.024654;0
0.136810;0.075820;0.966781;10.024654;0
0.139400;0.071119;0.966781;10.024654;0
0.141637;0.079022;0.967978;10.024654;0
0.143607;0.094122;0.967978;10.024654;0
0.145767;0.097402;0.967978;10.024654;0
0.147018;0.095250;0.968195;10.024654;0
0.147924;0.099697;0.968195;10.024654;0
0.148523;0.110644;0.968195;10.024654;0
0.148860;0.125273;0.967403;10.024654;0
0.148927;0.129601;0.967403;10.024654;0
0.148765;0.122272;0.967403;10.024654;0
0.148472;0.116782;0.965591;10.024654;0
0.148092;0.120286;0.965591;10.024654;0
0.147448;0.127309;0.962762;10.024654;0
0.146903;0.118489;0.962762;10.024654;0
0.146351;0.109866;0.962762;10.024654;0
0.145792;0.110027;0.958939;10.024654;0
0.145242;0.121400;0.958939;10.024654;0
0.144567;0.140255;0.958939;10.024654;0
0.144154;0.140385;0.954158;10.024654;0
0.143783;0.133977;0.954158;10.024654;0
0.143467;0.132206;0.948476;10.024654;0
0.143195;0.138356;0.948476;10.024654;0
0.142971;0.147886;0.948476;10.024654;0
0.142913;0.143155;0.941966;10.024654;0
0.142967;0.134765;0.941966;10.024654;0
0.143098;0.132402;0.941966;10.024654;0
0.143305;0.138651;0.934717;10.024654;0
0.143585;0.146087;0.934717;10.024654;0
0.144011;0.133677;0.926836;10.024654;0
0.144651;0.119640;0.926836;10.024654;0
0.145323;0.117988;0.926836;10.024654;0
0.146099;0.124939;0.918442;10.024654;0
0.147016;0.134749;0.918442;10.024654;0
0.148048;0.129645;0.909667;10.024654;0
0.149747;0.119592;0.909667;10.024654;0
0.151255;0.120871;0.909667;10.024654;0
0.152925;0.120793;0.900652;10.024654;0
0.154925;0.106827;0.900652;10.024654;0
0.157312;0.094625;0.891546;10.024654;0
0.160974;0.099465;0.891546;10.024654;0
0.164188;0.109536;0.882497;10.024654;0
0.167732;0.109042;0.882497;10.024654;0
0.171842;0.108549;0.882497;10.024654;0
0.178087;0.115714;0.873651;10.024654;0
0.184017;0.119675;0.873651;10.024654;0
0.190972;0.109067;0.865144;10.024654;0
0.199505;0.095116;0.865144;10.024654;0
0.210282;0.089890;0.857099;10.024654;0
0.223939;0.096361;0.857099;10.024654;0
-0.653746;0.013815;0.857099;10.024654;0
-0.673729;-0.005334;0.849613;10.024654;0
-0.694123;-0.021038;0.849613;10.024654;0
-0.716090;-0.025518;0.842758;10.024654;0
-0.746230;-0.021161;0.842758;10.024654;0
-0.770940;-0.018473;0.842758;10.024654;0
-0.795002;-0.008483;0.836575;10.024654;0
-0.819268;0.009409;0.836575;10.024654;0
-0.843368;0.032135;0.831076;10.024654;0
-0.865729;0.050702;0.831076;10.024654;0
-0.893649;0.052169;0.831076;10.024654;0
-0.912983;0.048894;0.826248;10.024654;0
-0.930868;0.050037;0.826248;10.024654;0
-0.946799;0.056398;0.826248;10.024654;0
-0.964993;0.067831;0.822053;10.024654;0
-0.976669;0.069242;0.822053;10.024654;0
-0.985695;0.069898;0.822053;10.024654;0
-0.992628;0.075641;0.818430;10.024654;0
-0.997082;0.085977;0.818430;10.024654;0
-0.999343;0.099826;0.818430;10.024654;0
-0.998092;0.100062;0.815302;10.024654;0
-0.994705;0.100364;0.815302;10.024654;0
-0.989052;0.103887;0.815302;10.024654;0
-0.981280;0.113511;0.815302;10.024654;0
-0.967862;0.126352;0.815302;10.024654;0
-0.954946;0.125073;0.812579;10.024654;0
-0.940795;0.123779;0.812579;10.024654;0
-0.924567;0.128296;0.812579;10.024654;0
-0.907425;0.139655;0.810160;10.024654;0
-0.881584;0.158785;0.810160;10.024654;0
-0.860301;0.160918;0.810160;10.024654;0
-0.838587;0.159451;0.807938;10.024654;0
-0.814648;0.157521;0.807938;10.024654;0
-0.781862;0.156752;0.807938;10.024654;0
-0.756525;0.154864;0.805802;10.024654;0
-0.730639;0.144859;0.805802;10.024654;0
-0.705029;0.135712;0.805802;10.024654;0
-0.678411;0.133837;0.805802;10.024654;0
-0.642738;0.146978;0.803644;10.024654;0
-0.616704;0.150521;0.803644;10.024654;0
-0.589792;0.144888;0.803644;10.024654;0
-0.564128;0.139935;0.801357;10.024654;0
-0.538387;0.138956;0.801357;10.024654;0
-0.505007;0.136576;0.801357;10.024654;0
-0.479981;0.124951;0.798843;10.024654;0
-0.456150;0.117424;0.798843;10.024654;0
-0.432658;0.117373;0.798843;10.024654;0
-0.410296;0.119498;0.796008;10.024654;0
-0.381615;0.109259;0.796008;10.024654;0
-0.361248;0.104385;0.796008;10.024654;0
-0.341744;0.106057;0.792772;10.024654;0
-0.323033;0.113833;0.792772;10.024654;0
-0.299422;0.121853;0.792772;10.024654;0
-0.282449;0.117386;0.789062;10.024654;0
-0.265996;0.113465;0.789062;10.024654;0
-0.250600;0.112336;0.789062;10.024654;0
-0.235915;0.114313;0.784823;10.024654;0
-0.217298;0.110881;0.784823;10.024654;0
-0.204003;0.096152;0.784823;10.024654;0
-0.191900;0.082431;0.780008;10.024654;0
-0.180046;0.075627;0.780008;10.024654;0
-0.168810;0.077334;0.774588;10.024654;0
-0.155050;0.078587;0.774588;10.024654;0
-0.145294;0.067432;0.774588;10.024654;0
-0.136245;0.058696;0.768549;10.024654;0
-0.127684;0.056124;0.768549;10.024654;0
-0.116703;0.061627;0.768549;10.024654;0
-0.109234;0.064225;0.761891;10.024654;0
-0.102034;0.055460;0.761891;10.024654;0
-0.095143;0.046568;0.754634;10.024654;0
-0.086616;0.045766;0.754634;10.024654;0
-0.080679;0.046840;0.754634;10.024654;0
-0.075332;0.020569;0.754634;10.024654;0
-0.070715;-0.012930;0.746813;10.024654;0
-0.066981;-0.033404;0.746813;10.024654;0
-0.064453;-0.035069;0.738487;10.024654;0
-0.220189;0.024572;0.738487;10.024654;0
-0.216969;0.049143;0.738487;10.024654;0
-0.214605;0.063237;0.729730;10.024654;0
-0.213018;0.078049;0.729730;10.024654;0
-0.211854;0.106433;0.729730;10.024654;0
-0.211434;0.132773;0.720634;10.024654;0
-0.211244;0.161645;0.720634;10.024654;0
-0.211060;0.182777;0.720634;10.024654;0
-0.210746;0.184003;0.711300;10.024654;0
-0.210274;0.179478;0.711300;10.024654;0
-0.209755;0.180741;0.701835;10.024654;0
-0.208874;0.179171;0.701835;10.024654;0
-0.207449;0.165989;0.692359;10.024654;0
-0.204782;0.155057;0.692359;10.024654;0
-0.202055;0.158642;0.692359;10.024654;0
-0.198493;0.165655;0.682996;10.024654;0
-0.194139;0.160691;0.682996;10.024654;0
-0.188987;0.153905;0.673883;10.024654;0
-0.183290;0.152748;0.673883;10.024654;0
-0.174691;0.159283;0.665158;10.024654;0
-0.167421;0.152477;0.665158;10.024654;0
-0.159849;0.143240;0.656970;10.024654;0
-0.151825;0.137624;0.656970;10.024654;0
-0.143692;0.141038;0.649469;10.024654;0
-0.132294;0.157773;0.649469;10.024654;0
-0.123512;0.156624;0.642807;10.024654;0
-0.114871;0.151422;0.642807;10.024654;0
-0.106304;0.151072;0.637133;10.024654;0
-0.097865;0.156829;0.637133;10.024654;0
-0.086771;0.149725;0.632590;10.024654;0
-0.078900;0.135115;0.632590;10.024654;0
-0.071347;0.126587;0.629307;10.024654;0
-0.063992;0.128106;0.627399;10.024654;0
-0.056239;0.137833;0.627399;10.024654;0
-0.047730;0.142874;0.626958;10.024654;0
-0.041389;0.132365;0.628045;10.024654;0
-0.035428;0.123206;0.628045;10.024654;0
-0.029940;0.121902;0.630691;10.024654;0
-0.023035;0.125448;0.634891;10.024654;0
-0.018068;0.116022;0.634891;10.024654;0
-0.013499;0.106287;0.640598;10.024654;0
-0.009131;0.102829;0.640598;10.024654;0
-0.005076;0.108681;0.647728;10.024654;0
0.000040;0.116080;0.656157;10.024654;0
0.003835;0.104197;0.656157;10.024654;0
0.007439;0.093250;0.665720;10.024654;0
0.010890;0.090656;0.676221;10.024654;0
0.014129;0.096241;0.676221;10.024654;0
0.017236;0.107988;0.687426;10.024654;0
0.020355;0.110042;0.687426;10.024654;0
-0.877812;0.031581;0.699076;10.024654;0
-0.890869;-0.004061;0.699076;10.024654;0
-0.905152;-0.036929;0.710886;10.024654;0
-0.927134;-0.055621;0.710886;10.024654;0
-0.945758;-0.051990;0.722568;10.024654;0
-0.965675;-0.042802;0.722568;10.024654;0
-0.986093;-0.023349;0.733852;10.024654;0
-1.000000;0.006443;0.733852;10.024654;0
-1.000000;0.054887;0.733852;10.024654;0
-1.000000;0.083644;0.744488;10.024654;0
-1.000000;0.096843;0.744488;10.024654;0
-1.000000;0.102950;0.754251;10.024654;0
-1.000000;0.110369;0.754251;10.024654;0
-1.000000;0.119863;0.754251;10.024654;0
-1.000000;0.128049;0.762938;10.024654;0
-1.000000;0.128883;0.762938;10.024654;0
-1.000000;0.127693;0.762938;10.024654;0
-1.000000;0.133350;0.770373;10.024654;0
-1.000000;0.143310;0.770373;10.024654;0
-1.000000;0.151532;0.770373;10.024654;0
-1.000000;0.150901;0.770373;10.024654;0
-1.000000;0.148794;0.770373;10.024654;0
-1.000000;0.149649;0.776406;10.024654;0
-1.000000;0.156273;0.776406;10.024654;0
-0.988189;0.163816;0.776406;10.024654;0
-0.958609;0.164864;0.776406;10.024654;0
-0.927286;0.164103;0.780913;10.024654;0
-0.880198;0.168370;0.780913;10.024654;0
-0.844506;0.175152;0.780913;10.024654;0
-0.806593;0.181734;0.783795;10.024654;0
-0.768073;0.179282;0.783795;10.024654;0
-0.727334;0.170046;0.783795;10.024654;0
-0.672541;0.160926;0.784978;10.024654;0
-0.631424;0.160845;0.784978;10.024654;0
-0.591894;0.168128;0.784978;10.024654;0
-0.553312;0.171974;0.784413;10.024654;0
-0.501368;0.167891;0.784413;10.024654;0
-0.463083;0.168348;0.784413;10.024654;0
-0.425811;0.171805;0.784413;10.024654;0
-0.389672;0.171705;0.782077;10.024654;0
-0.354336;0.158954;0.782077;10.024654;0
-0.310980;0.143356;0.782077;10.024654;0
-0.280117;0.136902;0.777971;10.024654;0
-0.250893;0.136910;0.777971;10.024654;0
-0.223738;0.138635;0.777971;10.024654;0
-0.189341;0.125660;0.772121;10.024654;0
-0.166013;0.117330;0.772121;10.024654;0
-0.143793;0.115162;0.772121;10.024654;0
-0.121909;0.120096;0.764576;10.024654;0
-0.102445;0.129945;0.755412;10.024654;0
