-0.263224;0.078057;0.627847;10.024654;0
-0.255609;0.073703;0.627847;10.024654;0
-0.248718;0.067943;0.633690;10.024654;0
-0.242380;0.063215;0.633690;10.024654;0
-0.236727;0.047950;0.639025;10.024654;0
-0.230471;0.036358;0.639025;10.024654;0
-0.226684;0.042493;0.643847;10.024654;0
-0.223596;0.060373;0.643847;10.024654;0
-0.221210;0.078324;0.643847;10.024654;0
-0.219427;0.083237;0.648174;10.024654;0
-0.218319;0.085091;0.648174;10.024654;0
-0.217846;0.091575;0.652043;10.024654;0
-0.218224;0.103208;0.652043;10.024654;0
-0.219113;0.113886;0.655516;10.024654;0
-0.220392;0.110869;0.655516;10.024654;0
-0.222144;0.104986;0.658678;10.024654;0
-0.225167;0.102953;0.658678;10.024654;0
-0.227904;0.101524;0.661636;10.024654;0
-0.230968;0.088744;0.661636;10.024654;0
-0.234157;0.076520;0.664519;10.024654;0
-0.239243;0.070525;0.664519;10.024654;0
-0.243514;0.076914;0.667474;10.024654;0
-0.247997;0.082539;0.667474;10.024654;0
-0.252593;0.075680;0.670663;10.024654;0
-0.257329;0.069725;0.670663;10.024654;0
-0.262394;0.070277;0.670663;10.024654;0
-0.269375;0.082617;0.674261;10.024654;0
-0.274770;0.089441;0.674261;10.024654;0
-0.280219;0.082762;0.678445;10.024654;0
-0.285506;0.070028;0.678445;10.024654;0
-0.291082;0.061008;0.683392;10.024654;0
-0.298808;0.059930;0.683392;10.024654;0
-0.304599;0.068961;0.689269;10.024654;0
-0.310478;0.072407;0.689269;10.024654;0
-0.316409;0.069082;0.696223;10.024654;0
-0.322456;0.065565;0.696223;10.024654;0
-0.330693;0.069888;0.704372;10.024654;0
-0.336664;0.079203;0.704372;10.024654;0
-0.342945;0.086203;0.704372;10.024654;0
-0.349151;0.077701;0.713801;10.024654;0
-0.357765;0.065217;0.713801;10.024654;0
-0.364672;0.066445;0.724547;10.024654;0
-0.371538;0.076526;0.724547;10.024654;0
-0.378853;0.086789;0.736599;10.024654;0
-0.386696;0.082660;0.736599;10.024654;0
-0.398693;0.074480;0.736599;10.024654;0
-0.409738;0.073956;0.749890;10.024654;0
-0.423906;0.078361;0.749890;10.024654;0
-0.441367;0.085923;0.764294;10.024654;0
-1.000000;0.125438;0.764294;10.024654;0
-1.000000;0.111901;0.764294;10.024654;0
-1.000000;0.099789;0.779629;10.024654;0
-1.000000;0.094779;0.779629;10.024654;0
-0.999798;0.099250;0.795675;10.024654;0
-0.989738;0.104519;0.795675;10.024654;0
-0.976375;0.103536;0.795675;10.024654;0
-0.966179;0.105932;0.812197;10.024654;0
-0.956268;0.113801;0.812197;10.024654;0
-0.946061;0.122516;0.812197;10.024654;0
-0.935668;0.125044;0.828962;10.024654;0
-0.924665;0.123484;0.828962;10.024654;0
-0.910146;0.127015;0.828962;10.024654;0
-0.899275;0.135389;0.845741;10.024654;0
-0.888080;0.146508;0.845741;10.024654;0
-0.876179;0.150881;0.845741;10.024654;0
-0.863830;0.147084;0.862316;10.024654;0
-0.846634;0.140560;0.862316;10.024654;0
-0.833064;0.140311;0.862316;10.024654;0
-0.819364;0.143805;0.878487;10.024654;0
-0.805655;0.146503;0.878487;10.024654;0
-0.786200;0.134920;0.878487;10.024654;0
-0.770776;0.126807;0.878487;10.024654;0
-0.755520;0.126197;0.894071;10.024654;0
-0.740044;0.130178;0.894071;10.024654;0
-0.721895;0.130134;0.894071;10.024654;0
-0.702023;0.125438;0.908905;10.024654;0
-0.685845;0.124505;0.908905;10.024654;0
-0.669655;0.128335;0.908905;10.024654;0
-0.654002;0.137083;0.922852;10.024654;0
-0.632282;0.147435;0.922852;10.024654;0
-0.615293;0.141553;0.922852;10.024654;0
-0.598424;0.134779;0.922852;10.024654;0
-0.582067;0.132945;0.935794;10.024654;0
-0.565918;0.136691;0.935794;10.024654;0
-0.544687;0.135110;0.935794;10.024654;0
-0.528840;0.128418;0.947638;10.024654;0
-0.513327;0.125483;0.947638;10.024654;0
-0.498135;0.128031;0.947638;10.024654;0
-0.478732;0.137262;0.947638;10.024654;0
-0.463486;0.135461;0.958313;10.024654;0
-0.449043;0.126078;0.958313;10.024654;0
-0.434757;0.119416;0.958313;10.024654;0
-0.421108;0.120344;0.958313;10.024654;0
-0.403487;0.113748;0.967770;10.024654;0
-0.390373;0.108078;0.967770;10.024654;0
-0.377664;0.107922;0.967770;10.024654;0
-0.365734;0.116374;0.975981;10.024654;0
-0.353813;0.128127;0.975981;10.024654;0
-0.341854;0.127921;0.975981;10.024654;0
-0.326567;0.123343;0.975981;10.024654;0
-0.315301;0.124852;0.982938;10.024654;0
-0.304450;0.125957;0.982938;10.024654;0
-0.293630;0.116472;0.982938;10.024654;0
-0.283510;0.107283;0.988652;10.024654;0
-0.270205;0.103001;0.988652;10.024654;0
-0.260408;0.109293;0.988652;10.024654;0
-0.250961;0.117194;0.988652;10.024654;0
-0.241514;0.114089;0.993149;10.024654;0
-0.232316;0.108896;0.993149;10.024654;0
-0.220584;0.110825;0.993149;10.024654;0
-0.212009;0.115107;0.996471;10.024654;0
-0.203576;0.109110;0.996471;10.024654;0
-0.195671;0.101394;0.996471;10.024654;0
-0.185214;0.098563;0.996471;10.024654;0
-0.177417;0.103998;0.998675;10.024654;0
-0.169789;0.111454;0.998675;10.024654;0
-0.162295;0.114878;0.998675;10.024654;0
-0.154985;0.105829;0.998675;10.024654;0
-0.147917;0.095872;0.998675;10.024654;0
-0.139068;0.095849;0.998675;10.024654;0
-0.132670;0.094449;0.998675;10.024654;0
-0.126254;0.089472;0.999826;10.024654;0
-0.120080;0.087273;0.999826;10.024654;0
-0.114334;0.090323;0.999826;10.024654;0
-0.106879;0.103063;0.999826;10.024654;0
-0.101399;0.110505;1.000000;10.024654;0
-0.095987;0.104312;1.000000;10.024654;0
-0.090951;0.097486;1.000000;10.024654;0
-0.084462;0.098118;1.000000;10.024654;0
-0.079649;0.100957;0.999278;10.024654;0
-0.075005;0.094140;0.999278;10.024654;0
-0.070721;0.089907;0.999278;10.024654;0
-0.066509;0.092381;0.997747;10.024654;0
-0.061344;0.105439;0.997747;10.024654;0
-0.057816;0.108302;0.997747;10.024654;0
-0.054546;0.104148;0.997747;10.024654;0
-0.051716;0.100021;0.992609;10.024654;0
-0.049416;0.100251;0.992609;10.024654;0
-0.047569;0.109588;0.992609;10.024654;0
-0.047303;0.109483;0.989178;10.024654;0
0.041176;0.076738;0.989178;10.024654;0
0.045320;0.072005;0.989178;10.024654;0
0.048858;0.073038;0.989178;10.024654;0
0.052593;0.087880;0.985271;10.024654;0
0.054712;0.099375;0.985271;10.024654;0
0.056216;0.100146;0.985271;10.024654;0
0.057147;0.100056;0.980931;10.024654;0
0.057494;0.105869;0.980931;10.024654;0
0.057190;0.116713;0.980931;10.024654;0
0.056466;0.113718;0.980931;10.024654;0
0.055337;0.111720;0.976177;10.024654;0
0.053874;0.118184;0.976177;10.024654;0
0.052141;0.131544;0.976177;10.024654;0
0.049726;0.144051;0.971009;10.024654;0
0.047787;0.141346;0.971009;10.024654;0
0.045777;0.140979;0.971009;10.024654;0
0.043786;0.146747;0.971009;10.024654;0
0.041807;0.154223;0.965413;10.024654;0
0.039886;0.149639;0.965413;10.024654;0
0.037674;0.146568;0.965413;10.024654;0
0.036149;0.145595;0.959372;10.024654;0
0.034935;0.122643;0.959372;10.024654;0
0.033995;0.091215;0.959372;10.024654;0
0.033195;0.067436;0.952867;10.024654;0
0.032309;0.068257;0.952867;10.024654;0
0.031723;0.093278;0.952867;10.024654;0
0.031245;0.125872;0.945888;10.024654;0
0.030897;0.144478;0.945888;10.024654;0
0.030504;0.161319;0.945888;10.024654;0
0.030246;0.175007;0.938431;10.024654;0
0.029998;0.193368;0.938431;10.024654;0
0.029787;0.207860;0.938431;10.024654;0
0.029632;0.200310;0.930512;10.024654;0
0.029499;0.181229;0.930512;10.024654;0
0.029425;0.174763;0.930512;10.024654;0
0.029339;0.174691;0.922162;10.024654;0
0.029270;0.173049;0.922162;10.024654;0
0.029268;0.151331;0.922162;10.024654;0
0.029280;0.138145;0.913438;10.024654;0
0.029267;0.133129;0.913438;10.024654;0
0.029234;0.137631;0.904417;10.024654;0
0.029211;0.145434;0.904417;10.024654;0
0.029236;0.137655;0.904417;10.024654;0
0.029301;0.125151;0.895204;10.024654;0
0.029340;0.122010;0.895204;10.024654;0
0.029361;0.127065;0.948476;10.024654;0
0.029403;0.132434;0.948476;10.024654;0
0.029536;0.116760;0.885928;10.024654;0
0.029752;0.096234;0.885928;10.024654;0
0.029948;0.093587;0.876744;10.024654;0
0.030187;0.101088;0.876744;10.024654;0
0.030487;0.097687;0.867827;10.024654;0
0.030932;0.092777;0.867827;10.024654;0
0.031268;0.097433;0.867827;10.024654;0
0.031595;0.111311;0.859369;10.024654;0
0.031973;0.123699;0.859369;10.024654;0
0.032535;0.120371;0.851575;10.024654;0
0.033431;0.099847;0.851575;10.024654;0
0.034151;0.089082;0.844652;10.024654;0
0.034929;0.085385;0.844652;10.024654;0
0.035745;0.091055;0.838798;10.024654;0
0.036674;0.099089;0.838798;10.024654;0
0.038217;0.086479;0.834197;10.024654;0
0.039710;0.076068;0.834197;10.024654;0
0.041416;0.073951;0.830997;10.024654;0
0.043679;0.074526;0.830997;10.024654;0
0.046709;0.064742;0.829305;10.024654;0
0.519825;0.056121;0.829305;10.024654;0
0.526204;0.042787;0.829168;10.024654;0
0.532573;0.035836;0.829168;10.024654;0
0.539305;0.039757;0.830567;10.024654;0
0.546110;0.047270;0.830567;10.024654;0
0.553018;0.045978;0.833414;10.024654;0
0.561937;0.046504;0.833414;10.024654;0
0.568283;0.056595;0.837576;10.024654;0
0.574271;0.075048;0.837576;10.024654;0
0.579625;0.095652;0.842878;10.024654;0
0.584058;0.101369;0.842878;10.024654;0
0.588706;0.100488;0.849114;10.024654;0
0.591227;0.101231;0.849114;10.024654;0
0.592815;0.106419;0.856056;10.024654;0
0.593334;0.107767;0.856056;10.024654;0
0.592394;0.102212;0.856056;10.024654;0
0.590398;0.102230;0.863464;10.024654;0
0.587269;0.110430;0.863464;10.024654;0
0.582758;0.123556;0.871093;10.024654;0
0.577320;0.126712;0.871093;10.024654;0
0.570693;0.127795;0.878701;10.024654;0
0.560255;0.137152;0.878701;10.024654;0
0.551145;0.153320;0.886055;10.024654;0
0.541111;0.165101;0.886055;10.024654;0
0.530244;0.159712;0.892937;10.024654;0
0.514925;0.151769;0.892937;10.024654;0
0.502353;0.153751;0.892937;10.024654;0
0.489690;0.156493;0.899145;10.024654;0
0.476374;0.148700;0.899145;10.024654;0
0.462854;0.142496;0.904501;10.024654;0
0.444985;0.144853;0.904501;10.024654;0
0.431592;0.156485;0.908849;10.024654;0
0.417508;0.169855;0.908849;10.024654;0
0.398971;0.165784;0.908849;10.024654;0
0.384384;0.159523;0.912057;10.024654;0
0.370731;0.157489;0.912057;10.024654;0
0.357258;0.162734;0.912057;10.024654;0
0.343700;0.171737;0.914019;10.024654;0
0.326135;0.164762;0.914019;10.024654;0
0.313062;0.159278;0.914657;10.024654;0
0.300379;0.159635;0.914657;10.024654;0
0.288065;0.162758;0.914657;10.024654;0
0.276408;0.151932;0.913918;10.024654;0
0.265090;0.139359;0.913918;10.024654;0
0.251151;0.136528;0.911777;10.024654;0
0.241049;0.148983;0.911777;10.024654;0
0.231284;0.164158;0.911777;10.024654;0
0.222083;0.161990;0.908235;10.024654;0
0.210096;0.152395;0.908235;10.024654;0
0.201907;0.149910;0.903322;10.024654;0
0.193811;0.152678;0.903322;10.024654;0
0.186094;0.159372;0.897094;10.024654;0
0.178956;0.156416;0.897094;10.024654;0
0.170302;0.135597;0.897094;10.024654;0
0.164573;0.124796;0.889636;10.024654;0
0.159149;0.120415;0.889636;10.024654;0
0.154334;0.122082;0.881061;10.024654;0
0.149019;0.120748;0.881061;10.024654;0
0.145897;0.102821;0.881061;10.024654;0
0.143734;0.084429;0.871511;10.024654;0
0.142551;0.072763;0.871511;10.024654;0
0.143228;0.069485;0.861155;10.024654;0
0.146237;0.058146;0.861155;10.024654;0
0.152427;0.040059;0.861155;10.024654;0
0.551507;0.055507;0.850192;10.024654;0
0.551204;0.040663;0.850192;10.024654;0
0.552141;0.027545;0.838841;10.024654;0
0.554200;0.010498;0.838841;10.024654;0
0.557590;0.004186;0.827310;10.024654;0
0.561956;0.014921;0.827310;10.024654;0
0.567043;0.039626;0.827310;10.024654;0
0.574094;0.082216;0.815799;10.024654;0
0.579130;0.100626;0.815799;10.024654;0
0.584024;0.107721;0.804494;10.024654;0
0.588518;0.111415;0.804494;10.024654;0
0.593753;0.119804;0.804494;10.024654;0
0.596833;0.132798;0.793568;10.024654;0
0.598734;0.144245;0.793568;10.024654;0
0.599176;0.140505;0.783182;10.024654;0
0.598299;0.133233;0.783182;10.024654;0
0.594941;0.132565;0.783182;10.024654;0
0.590553;0.139580;0.773478;10.024654;0
0.584711;0.144165;0.773478;10.024654;0
0.576991;0.137200;0.764587;10.024654;0
0.565020;0.131508;0.764587;10.024654;0
0.554078;0.138577;0.756619;10.024654;0
0.541919;0.146907;0.756619;10.024654;0
0.528256;0.143589;0.756619;10.024654;0
0.514116;0.142171;0.749669;10.024654;0
0.493444;0.148961;0.749669;10.024654;0
0.477082;0.160050;0.743810;10.024654;0
0.460012;0.167961;0.743810;10.024654;0
0.442141;0.161722;0.739098;10.024654;0
0.424417;0.157147;0.739098;10.024654;0
0.401160;0.161688;0.739098;10.024654;0
0.383581;0.170525;0.735564;10.024654;0
0.365777;0.166703;0.735564;10.024654;0
0.348331;0.159645;0.733223;10.024654;0
0.328288;0.156694;0.733223;10.024654;0
0.309133;0.161032;0.732066;10.024654;0
0.292858;0.163944;0.732066;10.024654;0
0.277538;0.152335;0.732062;10.024654;0
0.262981;0.140207;0.732062;10.024654;0
0.245100;0.131999;0.733161;10.024654;0
0.231720;0.134342;0.733161;10.024654;0
0.219488;0.136801;0.735294;10.024654;0
0.208046;0.128098;0.735294;10.024654;0
0.197173;0.119155;0.738372;10.024654;0
0.186998;0.116527;0.738372;10.024654;0
0.174457;0.120158;0.742290;10.024654;0
0.166223;0.115102;0.742290;10.024654;0
0.158488;0.106197;0.746928;10.024654;0
0.151191;0.101487;0.746928;10.024654;0
0.144535;0.102985;0.752149;10.024654;0
0.136516;0.098815;0.752149;10.024654;0
0.131371;0.087436;0.757806;10.024654;0
0.126631;0.078830;0.757806;10.024654;0
0.122489;0.077865;0.757806;10.024654;0
0.119013;0.082998;0.763741;10.024654;0
0.115863;0.076459;0.763741;10.024654;0
0.115033;0.054298;0.769787;10.024654;0
0.116099;0.013574;0.769787;10.024654;0
0.563490;0.035290;0.775768;10.024654;0
0.561732;0.013081;0.775768;10.024654;0
0.559845;-0.011686;0.781513;10.024654;0
0.558621;-0.017085;0.781513;10.024654;0
0.557100;-0.003019;0.786872;10.024654;0
0.555146;0.028392;0.786872;10.024654;0
0.552670;0.072292;0.786872;10.024654;0
0.548469;0.124679;0.791724;10.024654;0
0.544235;0.143081;0.791724;10.024654;0
0.539059;0.154754;0.795970;10.024654;0
0.533134;0.164295;0.795970;10.024654;0
0.523327;0.177636;0.799541;10.024654;0
0.514589;0.189504;0.799541;10.024654;0
0.504936;0.189027;0.802392;10.024654;0
0.493893;0.173439;0.802392;10.024654;0
0.482136;0.155880;0.802392;10.024654;0
0.465959;0.146191;0.804500;10.024654;0
0.452723;0.149332;0.804500;10.024654;0
0.438787;0.146206;0.805870;10.024654;0
0.424854;0.135325;0.805870;10.024654;0
0.410306;0.128666;0.805870;10.024654;0
0.390209;0.135333;0.806527;10.024654;0
0.374723;0.147809;0.806527;10.024654;0
0.359208;0.148029;0.806521;10.024654;0
0.343301;0.145012;0.806521;10.024654;0
0.321868;0.152283;0.805923;10.024654;0
0.306028;0.168207;0.805923;10.024654;0
0.289550;0.174996;0.805923;10.024654;0
0.273209;0.168981;0.804825;10.024654;0
0.257397;0.163359;0.804825;10.024654;0
0.236596;0.165728;0.803337;10.024654;0
0.221120;0.165236;0.803337;10.024654;0
0.206397;0.149685;0.801586;10.024654;0
0.192473;0.136180;0.801586;10.024654;0
0.178994;0.132763;0.799716;10.024654;0
0.161208;0.146866;0.799716;10.024654;0
0.148157;0.158159;0.797877;10.024654;0
0.136058;0.154403;0.797877;10.024654;0
0.124003;0.149935;0.797877;10.024654;0
0.109154;0.151620;0.796230;10.024654;0
0.098059;0.151420;0.796230;10.024654;0
0.087544;0.138390;0.794933;10.024654;0
0.077680;0.124728;0.794933;10.024654;0
0.067968;0.122864;0.794143;10.024654;0
0.058855;0.130899;0.794143;10.024654;0
0.046888;0.139493;0.794004;10.024654;0
0.038202;0.130807;0.794004;10.024654;0
0.029744;0.124283;0.794643;10.024654;0
0.021697;0.126694;0.794643;10.024654;0
0.011052;0.133746;0.796159;10.024654;0
0.002914;0.126006;0.796159;10.024654;0
-0.004901;0.118950;0.798622;10.024654;0
-0.012768;0.117746;0.798622;10.024654;0
-0.020897;0.123206;0.802059;10.024654;0
-0.029058;0.130490;0.802059;10.024654;0
-0.040553;0.118528;0.806454;10.024654;0
-0.049911;0.108481;0.806454;10.024654;0
0.862035;0.052256;0.811739;10.024654;0
0.871628;0.041010;0.811739;10.024654;0
0.882117;0.019821;0.817799;10.024654;0
0.893745;0.005549;0.817799;10.024654;0
0.910496;0.006811;0.824478;10.024654;0
0.923421;0.023199;0.824478;10.024654;0
0.936543;0.043749;0.824478;10.024654;0
0.949765;0.056512;0.831589;10.024654;0
0.966740;0.071386;0.831589;10.024654;0
0.979221;0.087689;0.838927;10.024654;0
0.990595;0.100912;0.838927;10.024654;0
1.000000;0.101417;0.838927;10.024654;0
1.000000;0.097578;0.846276;10.024654;0
1.000000;0.097535;0.846276;10.024654;0
1.000000;0.106167;0.846276;10.024654;0
1.000000;0.115030;0.853418;10.024654;0
1.000000;0.114318;0.853418;10.024654;0
1.000000;0.113148;0.853418;10.024654;0
1.000000;0.117680;0.860138;10.024654;0
1.000000;0.121635;0.860138;10.024654;0
1.000000;0.116905;0.860138;10.024654;0
1.000000;0.111180;0.866230;10.024654;0
0.992589;0.109967;0.866230;10.024654;0
0.974973;0.119017;0.866230;10.024654;0
0.959697;0.131251;0.866230;10.024654;0
0.942515;0.139732;0.866230;10.024654;0
0.923918;0.138422;0.871505;10.024654;0
0.896797;0.136926;0.871505;10.024654;0
0.874375;0.140172;0.871505;10.024654;0
0.851527;0.147208;0.871505;10.024654;0
0.827026;0.152999;0.875787;10.024654;0
0.800971;0.147234;0.875787;10.024654;0
0.765701;0.136970;0.875787;10.024654;0
0.738332;0.133297;0.878921;10.024654;0
0.711035;0.134594;0.878921;10.024654;0
0.683369;0.137251;0.878921;10.024654;0
0.655033;0.130077;0.878921;10.024654;0
0.627300;0.123054;0.880776;10.024654;0
0.589887;0.123763;0.880776;10.024654;0
0.562978;0.127693;0.880776;10.024654;0
0.536374;0.124870;0.881241;10.024654;0
0.509293;0.117285;0.881241;10.024654;0
0.474967;0.112624;0.881241;10.024654;0
0.450049;0.114970;0.881241;10.024654;0
0.425183;0.121837;0.880229;10.024654;0
0.400911;0.121209;0.880229;10.024654;0
0.372944;0.107374;0.880229;10.024654;0
0.346973;0.097110;0.877676;10.024654;0
0.325414;0.097951;0.877676;10.024654;0
0.304173;0.106564;0.877676;10.024654;0
0.284060;0.109370;0.877676;10.024654;0
0.264453;0.102152;0.873544;10.024654;0
0.239892;0.094515;0.873544;10.024654;0
0.222378;0.094190;0.873544;10.024654;0
0.205517;0.097408;0.867819;10.024654;0
0.189371;0.094879;0.867819;10.024654;0
0.169460;0.084148;0.867819;10.024654;0
0.154688;0.079604;0.860512;10.024654;0
0.140809;0.075682;0.860512;10.024654;0
0.127421;0.064044;0.851658;10.024654;0
0.115095;0.056804;0.851658;10.024654;0
0.102637;0.056445;0.851658;10.024654;0
0.087258;0.066984;0.841318;10.024654;0
0.076503;0.074457;0.841318;10.024654;0
0.066094;0.069463;0.841318;10.024654;0
0.056154;0.061280;0.829579;10.024654;0
0.043476;0.056803;0.829579;10.024654;0
0.034266;0.062303;0.829579;10.024654;0
0.025415;0.071767;0.829579;10.024654;0
0.017161;0.070671;0.816553;10.024654;0
0.009489;0.060223;0.816553;10.024654;0
-0.000274;0.048148;0.816553;10.024654;0
-0.007255;0.045222;0.802380;10.024654;0
-0.013921;0.037671;0.802380;10.024654;0
-0.020169;0.026201;0.802380;10.024654;0
-0.025974;0.019434;0.787226;10.024654;0
-0.033054;0.024324;0.787226;10.024654;0
-0.038204;0.038461;0.787226;10.024654;0
-0.042833;0.049713;0.771286;10.024654;0
-0.047274;0.047150;0.771286;10.024654;0
0.280921;0.071329;0.754785;10.024654;0
0.287294;0.065081;0.754785;10.024654;0
0.293010;0.066199;0.754785;10.024654;0
0.299626;0.065126;0.737967;10.024654;0
0.306834;0.059384;0.737967;10.024654;0
0.314491;0.057404;0.737967;10.024654;0
0.324714;0.066952;0.721078;10.024654;0
0.332209;0.081111;0.721078;10.024654;0
0.339648;0.088188;0.721078;10.024654;0
0.346488;0.085310;0.704354;10.024654;0
0.352824;0.083463;0.704354;10.024654;0
0.359928;0.089045;0.688019;10.024654;0
0.363946;0.098446;0.688019;10.024654;0
0.366742;0.105491;0.688019;10.024654;0
0.368343;0.100266;0.672288;10.024654;0
0.368603;0.091596;0.672288;10.024654;0
0.367260;0.091293;0.657361;10.024654;0
0.364583;0.094055;0.657361;10.024654;0
0.360831;0.091834;0.657361;10.024654;0
0.355850;0.086567;0.643428;10.024654;0
0.347415;0.088951;0.643428;10.024654;0
0.339683;0.100941;0.630660;10.024654;0
0.331026;0.118813;0.630660;10.024654;0
0.321781;0.128042;0.619213;10.024654;0
0.311442;0.126636;0.619213;10.024654;0
0.296616;0.124111;0.609224;10.024654;0
0.284926;0.126098;0.609224;10.024654;0
0.272820;0.127866;0.600805;10.024654;0
0.260723;0.117743;0.600805;10.024654;0
0.244558;0.079538;0.600805;10.024654;0
0.233041;0.051982;0.594048;10.024654;0
0.221328;0.035227;0.594048;10.024654;0
0.210135;0.026563;0.589016;10.024654;0
0.195235;0.031638;0.589016;10.024654;0
0.184293;0.053977;0.585746;10.024654;0
0.173301;0.088723;0.585746;10.024654;0
0.162858;0.124648;0.584248;10.024654;0
0.149338;0.149772;0.584248;10.024654;0
0.138861;0.156366;0.584502;10.024654;0
0.128807;0.158085;0.586465;10.024654;0
0.119156;0.161884;0.586465;10.024654;0
0.109594;0.161729;0.590066;10.024654;0
0.100454;0.144520;0.590066;10.024654;0
0.089198;0.122605;0.595216;10.024654;0
0.081187;0.117481;0.595216;10.024654;0
0.073313;0.120946;0.601803;10.024654;0
0.065900;0.122786;0.601803;10.024654;0
0.058050;0.108581;0.609704;10.024654;0
0.049753;0.091981;0.609704;10.024654;0
0.043375;0.084650;0.618781;10.024654;0
0.037429;0.084360;0.628884;10.024654;0
0.031871;0.080607;0.628884;10.024654;0
0.026627;0.069301;0.639861;10.024654;0
0.020330;0.059647;0.639861;10.024654;0
0.015999;0.060281;0.651550;10.024654;0
0.660312;0.063289;0.651550;10.024654;0
0.663495;0.059798;0.663787;10.024654;0
0.667286;0.052278;0.663787;10.024654;0
0.672817;0.052570;0.663787;10.024654;0
0.677360;0.066103;0.676411;10.024654;0
0.681731;0.088390;0.676411;10.024654;0
0.685637;0.106376;0.689273;10.024654;0
0.689198;0.116301;0.689273;10.024654;0
0.691912;0.126679;0.702250;10.024654;0
0.693031;0.138000;0.702250;10.024654;0
0.692879;0.150367;0.702250;10.024654;0
0.691075;0.151475;0.715236;10.024654;0
0.687746;0.147194;0.715236;10.024654;0
0.680826;0.147794;0.728140;10.024654;0
0.673475;0.152187;0.728140;10.024654;0
0.664398;0.152142;0.740891;10.024654;0
0.653546;0.149472;0.740891;10.024654;0
0.636646;0.155950;0.740891;10.024654;0
0.621618;0.169636;0.753432;10.024654;0
0.604760;0.180094;0.753432;10.024654;0
0.586580;0.177970;0.765717;10.024654;0
0.566862;0.175329;0.765717;10.024654;0
0.546101;0.178126;0.765717;10.024654;0
0.517322;0.183046;0.777713;10.024654;0
0.495458;0.175078;0.777713;10.024654;0
0.471727;0.167689;0.789400;10.024654;0
0.449073;0.167791;0.789400;10.024654;0
0.425944;0.176178;0.789400;10.024654;0
0.403214;0.189462;0.800763;10.024654;0
0.372919;0.197037;0.800763;10.024654;0
0.351107;0.193788;0.811799;10.024654;0
0.329014;0.192136;0.811799;10.024654;0
0.308233;0.195889;0.811799;10.024654;0
0.281204;0.191375;0.822510;10.024654;0
0.261057;0.176487;0.822510;10.024654;0
0.242528;0.165597;0.832901;10.024654;0
0.225145;0.165043;0.832901;10.024654;0
0.207927;0.170986;0.842986;10.024654;0
0.186679;0.158218;0.842986;10.024654;0
0.171592;0.148911;0.842986;10.024654;0
0.157532;0.147846;0.852775;10.024654;0
0.143893;0.155289;0.852775;10.024654;0
0.131186;0.155799;0.862283;10.024654;0
0.115315;0.139392;0.862283;10.024654;0
0.103985;0.129599;0.862283;10.024654;0
0.093159;0.128170;0.871522;10.024654;0
0.082792;0.130707;0.871522;10.024654;0
0.072948;0.122325;0.880501;10.024654;0
0.063506;0.113825;0.880501;10.024654;0
0.051665;0.112954;0.889225;10.024654;0
0.042755;0.123115;0.889225;10.024654;0
0.034205;0.131004;0.889225;10.024654;0
0.025943;0.121360;0.897693;10.024654;0
0.017708;0.108876;0.897693;10.024654;0
0.007278;0.100236;0.905898;10.024654;0
-0.000827;0.101171;0.905898;10.024654;0
-0.008821;0.095976;0.913821;10.024654;0
-0.016603;0.084197;0.913821;10.024654;0
-0.024571;0.076991;0.913821;10.024654;0
-0.035241;0.085444;0.921436;10.024654;0
-0.043351;0.093842;0.921436;10.024654;0
-0.051658;0.087641;0.928704;10.024654;0
-0.060403;0.079812;0.928704;10.024654;0
-0.070036;0.077312;0.928704;10.024654;0
-0.084312;0.080576;0.935575;10.024654;0
0.087211;0.101877;0.935575;10.024654;0
0.088281;0.091563;0.941990;10.024654;0
0.089977;0.058189;0.941990;10.024654;0
0.092430;0.023839;0.941990;10.024654;0
0.096970;0.001007;0.947877;10.024654;0
0.101182;-0.000668;0.947877;10.024654;0
0.106189;-0.001568;0.953162;10.024654;0
0.111771;0.001226;0.953162;10.024654;0
0.119232;0.020214;0.953162;10.024654;0
0.125323;0.047260;0.957767;10.024654;0
0.131530;0.073996;0.957767;10.024654;0
0.137546;0.084377;0.957767;10.024654;0
0.143488;0.091000;0.961618;10.024654;0
0.151428;0.104461;0.961618;10.024654;0
0.157005;0.122822;0.964643;10.024654;0
0.162190;0.137181;0.964643;10.024654;0
0.167101;0.131804;0.964643;10.024654;0
0.171460;0.119076;0.966781;10.024654;0
0.176670;0.106279;0.966781;10.024654;0
0.180038;0.103488;0.966781;10.024654;0
0.182908;0.094982;0.967978;10.024654;0
0.185388;0.084405;0.967978;10.024654;0
0.187402;0.083132;0.967978;10.024654;0
0.189293;0.095935;0.968195;10.024654;0
0.190299;0.102667;0.968195;10.024654;0
0.190924;0.099006;0.968195;10.024654;0
0.191201;0.098543;0.967403;10.024654;0
0.191061;0.106044;0.967403;10.024654;0
0.190595;0.120709;0.967403;10.024654;0
0.189904;0.131465;0.965591;10.024654;0
0.188978;0.126006;0.965591;10.024654;0
0.187916;0.119022;0.962762;10.024654;0
0.186349;0.122108;0.962762;10.024654;0
0.185088;0.135060;0.962762;10.024654;0
0.183755;0.147010;0.958939;10.024654;0
0.182358;0.143038;0.958939;10.024654;0
0.180968;0.137939;0.958939;10.024654;0
0.179231;0.142690;0.954158;10.024654;0
0.177941;0.153274;0.954158;10.024654;0
0.176762;0.154211;0.954158;10.024654;0
0.175593;0.145156;0.948476;10.024654;0
0.174552;0.137684;0.948476;10.024654;0
0.173315;0.137766;0.941966;10.024654;0
0.172501;0.147064;0.941966;10.024654;0
0.171778;0.153257;0.941966;10.024654;0
0.171159;0.142846;0.934717;10.024654;0
0.170725;0.133116;0.934717;10.024654;0
0.170399;0.135340;0.934717;10.024654;0
0.170318;0.137320;0.926836;10.024654;0
0.170410;0.124154;0.926836;10.024654;0
0.170729;0.112614;0.918442;10.024654;0
0.171274;0.108610;0.918442;10.024654;0
0.172116;0.101196;0.918442;10.024654;0
0.173569;0.094386;0.909667;10.024654;0
0.174790;0.100021;0.909667;10.024654;0
0.176210;0.115538;0.900652;10.024654;0
0.177780;0.132881;0.900652;10.024654;0
0.180271;0.130962;0.891546;10.024654;0
0.182571;0.125100;0.891546;10.024654;0
0.185200;0.125667;0.891546;10.024654;0
0.188218;0.134729;0.882497;10.024654;0
0.191760;0.144905;0.882497;10.024654;0
0.197336;0.132729;0.873651;10.024654;0
0.202669;0.121890;0.873651;10.024654;0
0.209120;0.118749;0.865144;10.024654;0
0.217135;0.122190;0.865144;10.024654;0
0.230470;0.121648;0.865144;10.024654;0
0.244014;0.105967;0.857099;10.024654;0
-0.672393;-0.008676;0.857099;10.024654;0
-0.693947;-0.029973;0.849613;10.024654;0
-0.716710;-0.041177;0.849613;10.024654;0
-0.748585;-0.041401;0.849613;10.024654;0
-0.773588;-0.040836;0.842758;10.024654;0
-0.799207;-0.032940;0.842758;10.024654;0
-0.824495;-0.015799;0.836575;10.024654;0
-0.849910;0.005213;0.836575;10.024654;0
-0.882812;-0.002662;0.836575;10.024654;0
-0.906934;-0.016473;0.831076;10.024654;0
-0.929006;-0.018101;0.831076;10.024654;0
-0.950170;-0.005475;0.831076;10.024654;0
-0.971687;0.017175;0.826248;10.024654;0
-0.991305;0.037584;0.826248;10.024654;0
-1.000000;0.058794;0.826248;10.024654;0
-1.000000;0.083743;0.822053;10.024654;0
-1.000000;0.107510;0.822053;10.024654;0
-1.000000;0.119900;0.822053;10.024654;0
-1.000000;0.125278;0.818430;10.024654;0
-1.000000;0.130968;0.818430;10.024654;0
-1.000000;0.136131;0.818430;10.024654;0
-1.000000;0.135869;0.815302;10.024654;0
-1.000000;0.132991;0.815302;10.024654;0
-1.000000;0.133534;0.815302;10.024654;0
-1.000000;0.140811;0.815302;10.024654;0
-1.000000;0.148263;0.815302;10.024654;0
-0.986536;0.145638;0.812579;10.024654;0
-0.964641;0.139849;0.812579;10.024654;0
-0.945965;0.143609;0.812579;10.024654;0
-0.925977;0.149379;0.810160;10.024654;0
-0.904755;0.145672;0.810160;10.024654;0
-0.881999;0.140516;0.810160;10.024654;0
-0.859125;0.140689;0.807938;10.024654;0
-0.826956;0.149691;0.807938;10.024654;0
-0.801465;0.153570;0.807938;10.024654;0
-0.775197;0.150766;0.805802;10.024654;0
-0.748918;0.148420;0.805802;10.024654;0
-0.713018;0.150656;0.805802;10.024654;0
-0.685967;0.152171;0.805802;10.024654;0
-0.657761;0.142459;0.803644;10.024654;0
-0.630258;0.131469;0.803644;10.024654;0
-0.594902;0.127993;0.803644;10.024654;0
-0.568133;0.135948;0.801357;10.024654;0
-0.541637;0.140438;0.801357;10.024654;0
-0.516518;0.137159;0.801357;10.024654;0
-0.483017;0.136104;0.798843;10.024654;0
-0.458387;0.141237;0.798843;10.024654;0
-0.433941;0.145854;0.798843;10.024654;0
-0.410183;0.139924;0.796008;10.024654;0
-0.387736;0.127320;0.796008;10.024654;0
-0.364774;0.116171;0.796008;10.024654;0
-0.338655;0.113457;0.796008;10.024654;0
-0.319364;0.109902;0.792772;10.024654;0
-0.300744;0.100786;0.792772;10.024654;0
-0.283438;0.094996;0.792772;10.024654;0
-0.261948;0.096571;0.789062;10.024654;0
-0.246350;0.099259;0.789062;10.024654;0
-0.231862;0.092732;0.789062;10.024654;0
-0.218189;0.088019;0.784823;10.024654;0
-0.205487;0.088336;0.784823;10.024654;0
-0.189172;0.091363;0.784823;10.024654;0
-0.177757;0.083378;0.780008;10.024654;0
-0.167185;0.074536;0.780008;10.024654;0
-0.156842;0.068665;0.774588;10.024654;0
-0.147050;0.069284;0.774588;10.024654;0
-0.134870;0.080107;0.768549;10.024654;0
-0.126076;0.080081;0.768549;10.024654;0
-0.117866;0.072073;0.768549;10.024654;0
-0.110072;0.064782;0.761891;10.024654;0
-0.102529;0.062208;0.761891;10.024654;0
-0.093146;0.062550;0.761891;10.024654;0
-0.086478;0.052643;0.754634;10.024654;0
-0.080481;0.045260;0.754634;10.024654;0
-0.074782;0.044957;0.754634;10.024654;0
-0.069769;0.050085;0.746813;10.024654;0
-0.065406;0.045344;0.746813;10.024654;0
-0.061250;0.037114;0.738487;10.024654;0
-0.210273;0.072040;0.738487;10.024654;0
-0.206736;0.080951;0.738487;10.024654;0
-0.204043;0.093515;0.729730;10.024654;0
-0.201446;0.099233;0.729730;10.024654;0
-0.200118;0.098034;0.729730;10.024654;0
-0.199323;0.101356;0.720634;10.024654;0
-0.198961;0.109148;0.720634;10.024654;0
-0.198769;0.117821;0.720634;10.024654;0
-0.198709;0.111309;0.711300;10.024654;0
-0.198673;0.105836;0.711300;10.024654;0
-0.198486;0.107475;0.701835;10.024654;0
-0.197934;0.117539;0.701835;10.024654;0
-0.196831;0.130406;0.701835;10.024654;0
-0.194210;0.132970;0.692359;10.024654;0
-0.191422;0.135750;0.692359;10.024654;0
-0.187830;0.142336;0.682996;10.024654;0
-0.183385;0.154280;0.682996;10.024654;0
-0.177914;0.166545;0.673883;10.024654;0
-0.169296;0.159603;0.673883;10.024654;0
-0.162000;0.150644;0.673883;10.024654;0
-0.154216;0.146491;0.665158;10.024654;0
-0.145864;0.149055;0.665158;10.024654;0
-0.133773;0.153888;0.656970;10.024654;0
-0.124100;0.145174;0.656970;10.024654;0
-0.114148;0.137986;0.649469;10.024654;0
-0.103811;0.138416;0.649469;10.024654;0
-0.091824;0.150943;0.642807;10.024654;0
-0.079862;0.170760;0.642807;10.024654;0
-0.069122;0.180587;0.637133;10.024654;0
-0.058633;0.168552;0.632590;10.024654;0
-0.048300;0.152859;0.632590;10.024654;0
-0.037981;0.144104;0.629307;10.024654;0
-0.024686;0.141880;0.629307;10.024654;0
-0.014798;0.131308;0.627399;10.024654;0
-0.005391;0.118235;0.626958;10.024654;0
0.003543;0.112354;0.626958;10.024654;0
0.012505;0.115278;0.628045;10.024654;0
0.023740;0.131594;0.630691;10.024654;0
0.032011;0.140937;0.630691;10.024654;0
0.039943;0.131753;0.634891;10.024654;0
0.048002;0.116884;0.640598;10.024654;0
0.057929;0.108052;0.640598;10.024654;0
0.066422;0.112555;0.647728;10.024654;0
0.074305;0.116788;0.656157;10.024654;0
0.082438;0.110255;0.656157;10.024654;0
0.091005;0.097527;0.665720;10.024654;0
0.101301;0.091913;0.665720;10.024654;0
0.112206;0.098654;0.676221;10.024654;0
0.122650;0.113728;0.687426;10.024654;0
0.134595;0.128008;0.687426;10.024654;0
0.148587;0.124188;0.699076;10.024654;0
-0.862000;0.028974;0.699076;10.024654;0
-0.877902;0.009209;0.710886;10.024654;0
-0.895875;-0.010409;0.710886;10.024654;0
-0.915481;-0.028714;0.722568;10.024654;0
-0.936620;-0.033326;0.722568;10.024654;0
-0.964936;-0.013261;0.733852;10.024654;0
-0.985988;0.010977;0.733852;10.024654;0
-1.000000;0.031511;0.733852;10.024654;0
-1.000000;0.051983;0.744488;10.024654;0
-1.000000;0.083363;0.744488;10.024654;0
-1.000000;0.104606;0.754251;10.024654;0
-1.000000;0.116007;0.754251;10.024654;0
-1.000000;0.120259;0.754251;10.024654;0
-1.000000;0.123981;0.762938;10.024654;0
-1.000000;0.129359;0.762938;10.024654;0
-1.000000;0.139925;0.762938;10.024654;0
-1.000000;0.141750;0.770373;10.024654;0
-1.000000;0.138304;0.770373;10.024654;0
-1.000000;0.135636;0.770373;10.024654;0
-1.000000;0.139532;0.770373;10.024654;0
-1.000000;0.149631;0.776406;10.024654;0
-1.000000;0.162813;0.776406;10.024654;0
-1.000000;0.173306;0.776406;10.024654;0
-1.000000;0.172912;0.776406;10.024654;0
-1.000000;0.171794;0.780913;10.024654;0
-1.000000;0.171765;0.780913;10.024654;0
-0.973389;0.165991;0.780913;10.024654;0
-0.943516;0.158573;0.783795;10.024654;0
-0.912242;0.158464;0.783795;10.024654;0
-0.869065;0.168791;0.783795;10.024654;0
-0.835329;0.172794;0.784978;10.024654;0
-0.800664;0.171505;0.784978;10.024654;0
-0.766073;0.170163;0.784978;10.024654;0
-0.720994;0.172571;0.784413;10.024654;0
-0.683992;0.177440;0.784413;10.024654;0
-0.648233;0.175028;0.784413;10.024654;0
-0.612834;0.164628;0.782077;10.024654;0
-0.578139;0.158063;0.782077;10.024654;0
-0.532892;0.161472;0.782077;10.024654;0
-0.500629;0.163639;0.782077;10.024654;0
-0.468234;0.154303;0.777971;10.024654;0
-0.437693;0.145011;0.777971;10.024654;0
-0.399340;0.142559;0.777971;10.024654;0
-0.371808;0.146544;0.772121;10.024654;0
-0.345067;0.153255;0.772121;10.024654;0
-0.319609;0.151112;0.772121;10.024654;0
-0.295564;0.138058;0.764576;10.024654;0
-0.273497;0.108832;0.764576;10.024654;0
