-0.291029;0.103080;0.627847;10.024654;0
-0.280861;0.101028;0.633690;10.024654;0
-0.272156;0.083667;0.633690;10.024654;0
-0.262955;0.062970;0.639025;10.024654;0
-0.253486;0.052318;0.639025;10.024654;0
-0.243787;0.050277;0.639025;10.024654;0
-0.230445;0.040204;0.643847;10.024654;0
-0.219977;0.037330;0.643847;10.024654;0
-0.209337;0.045881;0.648174;10.024654;0
-0.198741;0.065809;0.648174;10.024654;0
-0.184700;0.092668;0.652043;10.024654;0
-0.173741;0.097360;0.652043;10.024654;0
-0.163050;0.098593;0.655516;10.024654;0
-0.152294;0.103068;0.655516;10.024654;0
-0.138349;0.114030;0.658678;10.024654;0
-0.127842;0.124941;0.658678;10.024654;0
-0.117880;0.126363;0.661636;10.024654;0
-0.108001;0.119253;0.661636;10.024654;0
-0.095277;0.113447;0.661636;10.024654;0
-0.086176;0.113964;0.664519;10.024654;0
-0.077397;0.110629;0.664519;10.024654;0
-0.068821;0.095970;0.667474;10.024654;0
-0.060778;0.084807;0.667474;10.024654;0
-0.050597;0.083374;0.670663;10.024654;0
-0.043260;0.083785;0.670663;10.024654;0
-0.036395;0.075373;0.674261;10.024654;0
-0.029869;0.070863;0.674261;10.024654;0
-0.023665;0.075532;0.678445;10.024654;0
-0.015769;0.088514;0.678445;10.024654;0
-0.010145;0.084788;0.683392;10.024654;0
-0.004888;0.077520;0.683392;10.024654;0
0.000289;0.073321;0.689269;10.024654;0
0.005045;0.076884;0.689269;10.024654;0
0.011173;0.089137;0.696223;10.024654;0
0.015630;0.086209;0.696223;10.024654;0
0.019862;0.077035;0.704372;10.024654;0
0.023982;0.073194;0.704372;10.024654;0
0.027831;0.076316;0.713801;10.024654;0
0.032748;0.085078;0.713801;10.024654;0
0.036410;0.081943;0.724547;10.024654;0
0.039862;0.073847;0.724547;10.024654;0
0.043317;0.069563;0.724547;10.024654;0
0.046861;0.070882;0.736599;10.024654;0
0.051952;0.084041;0.736599;10.024654;0
0.056363;0.090347;0.749890;10.024654;0
0.061570;0.082753;0.749890;10.024654;0
0.068369;0.072155;0.764294;10.024654;0
-1.000000;0.067351;0.764294;10.024654;0
-1.000000;0.081299;0.779629;10.024654;0
-1.000000;0.085389;0.779629;10.024654;0
-1.000000;0.086775;0.779629;10.024654;0
-1.000000;0.090839;0.795675;10.024654;0
-1.000000;0.099825;0.795675;10.024654;0
-1.000000;0.112364;0.795675;10.024654;0
-1.000000;0.112981;0.812197;10.024654;0
-1.000000;0.114522;0.812197;10.024654;0
-1.000000;0.121009;0.812197;10.024654;0
-1.000000;0.128806;0.828962;10.024654;0
-1.000000;0.127312;0.828962;10.024654;0
-1.000000;0.125081;0.828962;10.024654;0
-1.000000;0.129927;0.845741;10.024654;0
-1.000000;0.137583;0.845741;10.024654;0
-1.000000;0.139896;0.845741;10.024654;0
-1.000000;0.137823;0.862316;10.024654;0
-0.984435;0.138412;0.862316;10.024654;0
-0.966640;0.145130;0.862316;10.024654;0
-0.947594;0.156075;0.878487;10.024654;0
-0.927057;0.161052;0.878487;10.024654;0
-0.905212;0.156763;0.878487;10.024654;0
-0.875138;0.151947;0.894071;10.024654;0
-0.852114;0.154049;0.894071;10.024654;0
-0.828031;0.157106;0.894071;10.024654;0
-0.802828;0.150397;0.894071;10.024654;0
-0.770256;0.142936;0.908905;10.024654;0
-0.745207;0.143419;0.908905;10.024654;0
-0.719672;0.149115;0.908905;10.024654;0
-0.694054;0.156460;0.922852;10.024654;0
-0.668291;0.156840;0.922852;10.024654;0
-0.635482;0.146886;0.922852;10.024654;0
-0.610326;0.141426;0.922852;10.024654;0
-0.585630;0.141644;0.935794;10.024654;0
-0.561778;0.145331;0.935794;10.024654;0
-0.538283;0.139779;0.935794;10.024654;0
-0.507354;0.128055;0.935794;10.024654;0
-0.485344;0.125682;0.947638;10.024654;0
-0.463524;0.130432;0.947638;10.024654;0
-0.442601;0.127814;0.947638;10.024654;0
-0.422325;0.123950;0.958313;10.024654;0
-0.396199;0.124638;0.958313;10.024654;0
-0.377721;0.132310;0.958313;10.024654;0
-0.359700;0.139529;0.958313;10.024654;0
-0.341832;0.134620;0.967770;10.024654;0
-0.324268;0.126871;0.967770;10.024654;0
-0.302099;0.122096;0.967770;10.024654;0
-0.286447;0.119984;0.975981;10.024654;0
-0.270787;0.106737;0.975981;10.024654;0
-0.256032;0.092783;0.975981;10.024654;0
-0.237415;0.086367;0.975981;10.024654;0
-0.223398;0.094847;0.982938;10.024654;0
-0.210015;0.108096;0.982938;10.024654;0
-0.196998;0.109414;0.982938;10.024654;0
-0.184401;0.106559;0.982938;10.024654;0
-0.172419;0.105065;0.988652;10.024654;0
-0.156911;0.110951;0.988652;10.024654;0
-0.145459;0.112620;0.988652;10.024654;0
-0.134914;0.101235;0.993149;10.024654;0
-0.124151;0.088864;0.993149;10.024654;0
-0.113752;0.081724;0.993149;10.024654;0
-0.100573;0.083563;0.993149;10.024654;0
-0.091063;0.084610;0.996471;10.024654;0
-0.081865;0.075759;0.996471;10.024654;0
-0.072969;0.066140;0.996471;10.024654;0
-0.064501;0.040423;0.996471;10.024654;0
-0.053322;0.006472;0.998675;10.024654;0
-0.045381;-0.013052;0.998675;10.024654;0
-0.037812;-0.012277;0.998675;10.024654;0
-0.030721;0.007252;0.998675;10.024654;0
-0.023921;0.037423;0.998675;10.024654;0
-0.015147;0.067502;0.998675;10.024654;0
-0.009030;0.087051;0.998675;10.024654;0
-0.003084;0.105639;0.999826;10.024654;0
0.002631;0.118472;0.999826;10.024654;0
0.008038;0.114930;0.999826;10.024654;0
0.013315;0.106238;1.000000;10.024654;0
0.019918;0.100608;1.000000;10.024654;0
0.024512;0.103469;1.000000;10.024654;0
0.028991;0.105478;1.000000;10.024654;0
0.033284;0.094080;0.999278;10.024654;0
0.038715;0.077783;0.999278;10.024654;0
0.042639;0.071749;0.999278;10.024654;0
0.046242;0.069866;0.997747;10.024654;0
0.049754;0.061176;0.997747;10.024654;0
0.053088;0.049391;0.997747;10.024654;0
0.057360;0.040816;0.997747;10.024654;0
0.060679;0.043585;0.992609;10.024654;0
0.064030;0.054242;0.992609;10.024654;0
0.067760;0.064595;0.992609;10.024654;0
0.073880;0.056333;0.989178;10.024654;0
-0.028104;0.067236;0.989178;10.024654;0
-0.029908;0.062102;0.989178;10.024654;0
-0.031789;0.062957;0.989178;10.024654;0
-0.033835;0.065212;0.985271;10.024654;0
-0.036161;0.060188;0.985271;10.024654;0
-0.037978;0.062237;0.985271;10.024654;0
-0.039701;0.071693;0.980931;10.024654;0
-0.041330;0.087799;0.980931;10.024654;0
-0.042726;0.095556;0.980931;10.024654;0
-0.044286;0.101371;0.980931;10.024654;0
-0.045269;0.109184;0.976177;10.024654;0
-0.046110;0.123860;0.976177;10.024654;0
-0.046757;0.137999;0.976177;10.024654;0
-0.047162;0.137431;0.971009;10.024654;0
-0.047427;0.132256;0.971009;10.024654;0
-0.047500;0.134181;0.971009;10.024654;0
-0.047430;0.138815;0.971009;10.024654;0
-0.047121;0.134500;0.965413;10.024654;0
-0.046710;0.127479;0.965413;10.024654;0
-0.046123;0.129925;0.965413;10.024654;0
-0.045693;0.140906;0.959372;10.024654;0
-0.045168;0.148452;0.959372;10.024654;0
-0.044550;0.143456;0.959372;10.024654;0
-0.043947;0.140779;0.952867;10.024654;0
-0.043415;0.145885;0.952867;10.024654;0
-0.042834;0.159976;0.952867;10.024654;0
-0.042409;0.167095;0.945888;10.024654;0
-0.041954;0.158403;0.945888;10.024654;0
-0.041552;0.148384;0.945888;10.024654;0
-0.041143;0.143428;0.945888;10.024654;0
-0.040935;0.148290;0.938431;10.024654;0
-0.040717;0.143953;0.938431;10.024654;0
-0.040544;0.135487;0.938431;10.024654;0
-0.040453;0.131864;0.930512;10.024654;0
-0.040479;0.141999;0.930512;10.024654;0
-0.040542;0.153996;0.922162;10.024654;0
-0.040572;0.151926;0.922162;10.024654;0
-0.040631;0.147601;0.922162;10.024654;0
-0.040814;0.151458;0.913438;10.024654;0
-0.041011;0.164190;0.913438;10.024654;0
-0.041196;0.171439;0.913438;10.024654;0
-0.041312;0.160077;0.904417;10.024654;0
-0.041455;0.145478;0.904417;10.024654;0
-0.041747;0.132896;0.954158;10.024654;0
-0.042064;0.133475;0.948476;10.024654;0
-0.042395;0.141070;0.948476;10.024654;0
-0.042614;0.142659;0.948476;10.024654;0
-0.042803;0.129835;0.948476;10.024654;0
-0.043063;0.115286;0.885928;10.024654;0
-0.043557;0.110230;0.885928;10.024654;0
-0.044042;0.120084;0.876744;10.024654;0
-0.044588;0.134039;0.876744;10.024654;0
-0.045087;0.135925;0.867827;10.024654;0
-0.045607;0.127860;0.867827;10.024654;0
-0.046498;0.118112;0.859369;10.024654;0
-0.047321;0.117427;0.859369;10.024654;0
-0.048266;0.123921;0.859369;10.024654;0
-0.049200;0.117604;0.851575;10.024654;0
-0.050266;0.107574;0.851575;10.024654;0
-0.051928;0.100205;0.844652;10.024654;0
-0.053336;0.098345;0.844652;10.024654;0
-0.054854;0.084419;0.838798;10.024654;0
-0.056546;0.068909;0.838798;10.024654;0
-0.059214;0.057079;0.834197;10.024654;0
-0.061682;0.061266;0.834197;10.024654;0
-0.064454;0.067011;0.830997;10.024654;0
-0.067775;0.059937;0.830997;10.024654;0
-0.071927;0.055015;0.829305;10.024654;0
0.541374;0.048198;0.829305;10.024654;0
0.552802;0.055202;0.829168;10.024654;0
0.564942;0.059118;0.829168;10.024654;0
0.577629;0.049245;0.830567;10.024654;0
0.590717;0.038424;0.830567;10.024654;0
0.603867;0.035726;0.833414;10.024654;0
0.621684;0.044741;0.833414;10.024654;0
0.634680;0.062272;0.837576;10.024654;0
0.646682;0.084777;0.837576;10.024654;0
0.658325;0.101256;0.842878;10.024654;0
0.668860;0.101102;0.842878;10.024654;0
0.681127;0.095719;0.849114;10.024654;0
0.689108;0.097368;0.849114;10.024654;0
0.695499;0.100985;0.856056;10.024654;0
0.700626;0.098131;0.856056;10.024654;0
0.704151;0.093275;0.863464;10.024654;0
0.706484;0.096556;0.863464;10.024654;0
0.706333;0.109170;0.871093;10.024654;0
0.704449;0.129889;0.871093;10.024654;0
0.700642;0.144678;0.878701;10.024654;0
0.694945;0.150079;0.878701;10.024654;0
0.687565;0.153494;0.886055;10.024654;0
0.674616;0.160452;0.886055;10.024654;0
0.663843;0.165421;0.886055;10.024654;0
0.651490;0.161528;0.892937;10.024654;0
0.638065;0.142413;0.892937;10.024654;0
0.624119;0.125867;0.899145;10.024654;0
0.609931;0.124355;0.899145;10.024654;0
0.591086;0.143981;0.899145;10.024654;0
0.574587;0.164314;0.904501;10.024654;0
0.557358;0.172608;0.904501;10.024654;0
0.540532;0.177646;0.904501;10.024654;0
0.523662;0.183385;0.908849;10.024654;0
0.505901;0.191417;0.908849;10.024654;0
0.481881;0.202982;0.912057;10.024654;0
0.463660;0.197401;0.912057;10.024654;0
0.445994;0.181416;0.912057;10.024654;0
0.429094;0.167374;0.914019;10.024654;0
0.412067;0.161361;0.914019;10.024654;0
0.390586;0.172115;0.914657;10.024654;0
0.374696;0.181399;0.914657;10.024654;0
0.359212;0.175482;0.914657;10.024654;0
0.344303;0.166611;0.913918;10.024654;0
0.325494;0.161846;0.913918;10.024654;0
0.311643;0.166043;0.913918;10.024654;0
0.298334;0.165671;0.911777;10.024654;0
0.285949;0.149698;0.911777;10.024654;0
0.274330;0.134573;0.908235;10.024654;0
0.260201;0.125821;0.908235;10.024654;0
0.250223;0.129115;0.908235;10.024654;0
0.240405;0.141224;0.903322;10.024654;0
0.231274;0.150416;0.903322;10.024654;0
0.222794;0.138214;0.897094;10.024654;0
0.212580;0.118294;0.897094;10.024654;0
0.205570;0.115555;0.897094;10.024654;0
0.199110;0.124948;0.889636;10.024654;0
0.193306;0.125127;0.889636;10.024654;0
0.188460;0.114046;0.881061;10.024654;0
0.183103;0.102658;0.881061;10.024654;0
0.180010;0.100636;0.871511;10.024654;0
0.177928;0.098899;0.871511;10.024654;0
0.177310;0.086295;0.871511;10.024654;0
0.178494;0.074099;0.861155;10.024654;0
0.184007;0.065581;0.861155;10.024654;0
0.491126;0.109343;0.850192;10.024654;0
0.486557;0.102602;0.850192;10.024654;0
0.482397;0.078281;0.850192;10.024654;0
0.479071;0.059818;0.838841;10.024654;0
0.475635;0.058457;0.838841;10.024654;0
0.473739;0.074670;0.827310;10.024654;0
0.472224;0.082593;0.827310;10.024654;0
0.471023;0.083117;0.815799;10.024654;0
0.470046;0.083852;0.815799;10.024654;0
0.468994;0.063863;0.815799;10.024654;0
0.468365;0.050446;0.804494;10.024654;0
0.467581;0.045885;0.804494;10.024654;0
0.466522;0.041184;0.793568;10.024654;0
0.464957;0.046835;0.793568;10.024654;0
0.461764;0.079656;0.793568;10.024654;0
0.458489;0.112318;0.783182;10.024654;0
0.454367;0.130770;0.783182;10.024654;0
0.449073;0.144552;0.773478;10.024654;0
0.442713;0.158400;0.773478;10.024654;0
0.432722;0.180813;0.764587;10.024654;0
0.423987;0.190614;0.764587;10.024654;0
0.414263;0.183365;0.764587;10.024654;0
0.403695;0.172802;0.756619;10.024654;0
0.389369;0.168137;0.756619;10.024654;0
0.377579;0.165494;0.749669;10.024654;0
0.365631;0.151035;0.749669;10.024654;0
0.353757;0.140306;0.743810;10.024654;0
0.341301;0.139934;0.743810;10.024654;0
0.324898;0.147784;0.739098;10.024654;0
0.312247;0.142709;0.739098;10.024654;0
0.299939;0.133311;0.735564;10.024654;0
0.287996;0.129740;0.735564;10.024654;0
0.275967;0.133616;0.735564;10.024654;0
0.259850;0.146694;0.733223;10.024654;0
0.248230;0.143706;0.733223;10.024654;0
0.237002;0.131823;0.732066;10.024654;0
0.226165;0.124140;0.732066;10.024654;0
0.215687;0.122564;0.732062;10.024654;0
0.202339;0.132613;0.732062;10.024654;0
0.192463;0.138278;0.733161;10.024654;0
0.183094;0.128295;0.733161;10.024654;0
0.174359;0.118296;0.735294;10.024654;0
0.166028;0.113928;0.735294;10.024654;0
0.155412;0.122830;0.738372;10.024654;0
0.147921;0.126822;0.738372;10.024654;0
0.140938;0.112402;0.742290;10.024654;0
0.134339;0.097902;0.742290;10.024654;0
0.128245;0.093988;0.746928;10.024654;0
0.120688;0.097538;0.746928;10.024654;0
0.115749;0.091538;0.752149;10.024654;0
0.111256;0.084067;0.752149;10.024654;0
0.107104;0.084839;0.757806;10.024654;0
0.102168;0.094698;0.757806;10.024654;0
0.099092;0.106739;0.763741;10.024654;0
0.096833;0.110252;0.763741;10.024654;0
0.095692;0.095059;0.769787;10.024654;0
0.640569;0.105901;0.769787;10.024654;0
0.640945;0.094047;0.775768;10.024654;0
0.641627;0.085598;0.775768;10.024654;0
0.642558;0.080597;0.781513;10.024654;0
0.643690;0.068343;0.781513;10.024654;0
0.645419;0.063708;0.786872;10.024654;0
0.646570;0.075338;0.786872;10.024654;0
0.647208;0.094117;0.791724;10.024654;0
0.647096;0.102512;0.791724;10.024654;0
0.646189;0.109232;0.795970;10.024654;0
0.644293;0.120054;0.795970;10.024654;0
0.639887;0.142125;0.795970;10.024654;0
0.634745;0.154242;0.799541;10.024654;0
0.628039;0.151462;0.799541;10.024654;0
0.620027;0.146743;0.802392;10.024654;0
0.610596;0.147051;0.802392;10.024654;0
0.595775;0.149094;0.804500;10.024654;0
0.582629;0.139110;0.804500;10.024654;0
0.568218;0.132436;0.804500;10.024654;0
0.552803;0.135853;0.805870;10.024654;0
0.535767;0.150122;0.805870;10.024654;0
0.517327;0.166629;0.806527;10.024654;0
0.491521;0.165984;0.806527;10.024654;0
0.470599;0.163244;0.806527;10.024654;0
0.449650;0.166103;0.806521;10.024654;0
0.427203;0.169636;0.806521;10.024654;0
0.404299;0.158600;0.805923;10.024654;0
0.373521;0.146916;0.805923;10.024654;0
0.350249;0.150344;0.804825;10.024654;0
0.327267;0.155326;0.804825;10.024654;0
0.304456;0.146527;0.804825;10.024654;0
0.282375;0.135371;0.803337;10.024654;0
0.252792;0.131518;0.803337;10.024654;0
0.231027;0.140969;0.801586;10.024654;0
0.209552;0.155048;0.801586;10.024654;0
0.188495;0.163472;0.799716;10.024654;0
0.167699;0.154877;0.799716;10.024654;0
0.140975;0.139340;0.799716;10.024654;0
0.121574;0.135542;0.797877;10.024654;0
0.103312;0.138729;0.797877;10.024654;0
0.085368;0.130064;0.796230;10.024654;0
0.067770;0.116291;0.796230;10.024654;0
0.046263;0.110389;0.794933;10.024654;0
0.029923;0.120172;0.794933;10.024654;0
0.013943;0.132529;0.794143;10.024654;0
-0.001812;0.134464;0.794143;10.024654;0
-0.021723;0.125201;0.794004;10.024654;0
-0.036872;0.121879;0.794004;10.024654;0
-0.051701;0.123786;0.794643;10.024654;0
-0.066116;0.116324;0.794643;10.024654;0
-0.080719;0.096666;0.796159;10.024654;0
-0.100829;0.077235;0.796159;10.024654;0
-0.116059;0.078227;0.798622;10.024654;0
-0.131765;0.088878;0.798622;10.024654;0
-0.148075;0.096973;0.802059;10.024654;0
-0.165718;0.087792;0.802059;10.024654;0
-0.191808;0.072154;0.806454;10.024654;0
-0.215127;0.070368;0.806454;10.024654;0
0.766245;0.034184;0.811739;10.024654;0
0.778008;0.020252;0.811739;10.024654;0
0.790813;0.008534;0.817799;10.024654;0
0.810462;0.007577;0.817799;10.024654;0
0.826121;0.018698;0.824478;10.024654;0
0.842484;0.031536;0.824478;10.024654;0
0.858922;0.034538;0.824478;10.024654;0
0.875861;0.038734;0.831589;10.024654;0
0.898108;0.054669;0.831589;10.024654;0
0.914441;0.067029;0.838927;10.024654;0
0.929957;0.067927;0.838927;10.024654;0
0.944599;0.065687;0.838927;10.024654;0
0.962181;0.067752;0.846276;10.024654;0
0.974524;0.078213;0.846276;10.024654;0
0.985464;0.094869;0.846276;10.024654;0
0.994680;0.108644;0.853418;10.024654;0
1.000000;0.107958;0.853418;10.024654;0
1.000000;0.104194;0.860138;10.024654;0
1.000000;0.108321;0.860138;10.024654;0
1.000000;0.111476;0.860138;10.024654;0
1.000000;0.107848;0.866230;10.024654;0
1.000000;0.104578;0.866230;10.024654;0
1.000000;0.104957;0.866230;10.024654;0
0.997999;0.112657;0.866230;10.024654;0
0.990683;0.117516;0.866230;10.024654;0
0.981719;0.115720;0.866230;10.024654;0
0.971499;0.114254;0.871505;10.024654;0
0.956458;0.119387;0.871505;10.024654;0
0.943055;0.124096;0.871505;10.024654;0
0.928959;0.120484;0.875787;10.024654;0
0.913762;0.117606;0.875787;10.024654;0
0.898659;0.120545;0.875787;10.024654;0
0.876528;0.136392;0.878921;10.024654;0
0.858971;0.148573;0.878921;10.024654;0
0.840500;0.149860;0.878921;10.024654;0
0.821804;0.149589;0.878921;10.024654;0
0.801960;0.153232;0.880776;10.024654;0
0.775105;0.163759;0.880776;10.024654;0
0.755153;0.167690;0.880776;10.024654;0
0.734404;0.157949;0.880776;10.024654;0
0.712952;0.146476;0.881241;10.024654;0
0.684921;0.140529;0.881241;10.024654;0
0.664084;0.143093;0.881241;10.024654;0
0.643302;0.148454;0.880229;10.024654;0
0.622202;0.147884;0.880229;10.024654;0
0.601723;0.141896;0.880229;10.024654;0
0.575555;0.140862;0.880229;10.024654;0
0.555479;0.146931;0.877676;10.024654;0
0.535656;0.154883;0.877676;10.024654;0
0.516120;0.150712;0.877676;10.024654;0
0.497113;0.142749;0.873544;10.024654;0
0.472960;0.139786;0.873544;10.024654;0
0.455189;0.145036;0.873544;10.024654;0
0.438478;0.148263;0.873544;10.024654;0
0.421718;0.139881;0.867819;10.024654;0
0.405654;0.130913;0.867819;10.024654;0
0.390518;0.125887;0.867819;10.024654;0
0.371176;0.126766;0.860512;10.024654;0
0.357130;0.132839;0.860512;10.024654;0
0.343906;0.130955;0.860512;10.024654;0
0.331572;0.121450;0.851658;10.024654;0
0.316231;0.105300;0.851658;10.024654;0
0.305567;0.080865;0.851658;10.024654;0
0.295440;0.052578;0.851658;10.024654;0
0.286577;0.023335;0.841318;10.024654;0
0.278139;0.008191;0.841318;10.024654;0
0.267764;0.024674;0.841318;10.024654;0
0.260300;0.059874;0.829579;10.024654;0
0.253429;0.100991;0.829579;10.024654;0
0.246744;0.135797;0.829579;10.024654;0
0.238298;0.152581;0.816553;10.024654;0
0.231981;0.155974;0.816553;10.024654;0
0.226021;0.158759;0.802380;10.024654;0
0.220338;0.162438;0.802380;10.024654;0
0.215089;0.158934;0.802380;10.024654;0
0.210552;0.144147;0.787226;10.024654;0
0.205681;0.126086;0.787226;10.024654;0
0.203156;0.118248;0.787226;10.024654;0
0.201894;0.115368;0.771286;10.024654;0
0.202425;0.107240;0.771286;10.024654;0
0.205320;0.094571;0.771286;10.024654;0
0.214363;0.086400;0.754785;10.024654;0
0.228078;0.087134;0.754785;10.024654;0
0.221648;0.091686;0.754785;10.024654;0
0.216342;0.089109;0.737967;10.024654;0
0.212052;0.081554;0.737967;10.024654;0
0.208908;0.076100;0.737967;10.024654;0
0.206471;0.079986;0.721078;10.024654;0
0.205797;0.090664;0.721078;10.024654;0
0.205948;0.092832;0.721078;10.024654;0
0.206851;0.087722;0.704354;10.024654;0
0.208281;0.086862;0.704354;10.024654;0
0.210022;0.093665;0.688019;10.024654;0
0.212463;0.100635;0.688019;10.024654;0
0.214179;0.094179;0.688019;10.024654;0
0.215588;0.087635;0.672288;10.024654;0
0.216500;0.086469;0.672288;10.024654;0
0.216829;0.089406;0.657361;10.024654;0
0.216301;0.080821;0.657361;10.024654;0
0.215003;0.076659;0.657361;10.024654;0
0.212918;0.081899;0.643428;10.024654;0
0.209987;0.092372;0.643428;10.024654;0
0.206187;0.093998;0.630660;10.024654;0
0.200037;0.095778;0.630660;10.024654;0
0.194365;0.102565;0.619213;10.024654;0
0.188150;0.113095;0.619213;10.024654;0
0.181287;0.120174;0.619213;10.024654;0
0.173811;0.110210;0.609224;10.024654;0
0.163204;0.094717;0.609224;10.024654;0
0.154860;0.091587;0.600805;10.024654;0
0.146081;0.092226;0.600805;10.024654;0
0.137332;0.084335;0.594048;10.024654;0
0.128493;0.079128;0.594048;10.024654;0
0.116368;0.083635;0.589016;10.024654;0
0.107550;0.093647;0.589016;10.024654;0
0.098476;0.103255;0.585746;10.024654;0
0.089606;0.099622;0.584248;10.024654;0
0.078538;0.095990;0.584248;10.024654;0
0.070248;0.099395;0.584502;10.024654;0
0.062012;0.107552;0.584502;10.024654;0
0.054228;0.107140;0.586465;10.024654;0
0.046668;0.098703;0.586465;10.024654;0
0.039393;0.094105;0.590066;10.024654;0
0.030336;0.098197;0.590066;10.024654;0
0.023829;0.099178;0.595216;10.024654;0
0.017592;0.086644;0.601803;10.024654;0
0.011777;0.073604;0.601803;10.024654;0
0.004486;0.067880;0.609704;10.024654;0
-0.000771;0.074611;0.609704;10.024654;0
-0.005648;0.076020;0.618781;10.024654;0
-0.010452;0.071173;0.618781;10.024654;0
-0.015105;0.068594;0.628884;10.024654;0
-0.021057;0.075322;0.628884;10.024654;0
-0.025573;0.082056;0.639861;10.024654;0
-0.030287;0.078573;0.639861;10.024654;0
-0.035387;0.075880;0.651550;10.024654;0
0.694106;0.063015;0.651550;10.024654;0
0.701013;0.066495;0.663787;10.024654;0
0.710643;0.074916;0.663787;10.024654;0
0.717785;0.074732;0.676411;10.024654;0
0.724767;0.070219;0.676411;10.024654;0
0.731631;0.072784;0.689273;10.024654;0
0.737813;0.086167;0.689273;10.024654;0
0.744553;0.114515;0.689273;10.024654;0
0.748105;0.129804;0.702250;10.024654;0
0.750154;0.137732;0.702250;10.024654;0
0.750544;0.144012;0.715236;10.024654;0
0.749166;0.153685;0.715236;10.024654;0
0.744406;0.167747;0.728140;10.024654;0
0.737983;0.166714;0.728140;10.024654;0
0.729588;0.158992;0.728140;10.024654;0
0.719133;0.157707;0.740891;10.024654;0
0.706931;0.167001;0.740891;10.024654;0
0.687542;0.169719;0.753432;10.024654;0
0.671073;0.169132;0.753432;10.024654;0
0.652377;0.175659;0.753432;10.024654;0
0.632434;0.189264;0.765717;10.024654;0
0.603293;0.195551;0.765717;10.024654;0
0.580590;0.191610;0.777713;10.024654;0
0.556697;0.188092;0.777713;10.024654;0
0.532671;0.190210;0.777713;10.024654;0
0.507283;0.198994;0.789400;10.024654;0
0.472813;0.205606;0.789400;10.024654;0
0.447324;0.195253;0.800763;10.024654;0
0.422222;0.186109;0.800763;10.024654;0
0.397580;0.182842;0.800763;10.024654;0
0.373891;0.183614;0.811799;10.024654;0
0.342671;0.172470;0.811799;10.024654;0
0.320024;0.166124;0.822510;10.024654;0
0.298271;0.169412;0.822510;10.024654;0
0.277700;0.181670;0.822510;10.024654;0
0.257538;0.194495;0.832901;10.024654;0
0.232729;0.187619;0.832901;10.024654;0
0.215086;0.176862;0.842986;10.024654;0
0.198384;0.171892;0.842986;10.024654;0
0.182276;0.169396;0.842986;10.024654;0
0.167435;0.154145;0.852775;10.024654;0
0.149012;0.137217;0.852775;10.024654;0
0.136120;0.139946;0.862283;10.024654;0
0.123630;0.153353;0.862283;10.024654;0
0.112024;0.157377;0.871522;10.024654;0
0.101029;0.153147;0.871522;10.024654;0
0.087185;0.151174;0.871522;10.024654;0
0.077103;0.155576;0.880501;10.024654;0
0.067362;0.156522;0.880501;10.024654;0
0.058055;0.141240;0.889225;10.024654;0
0.046079;0.121157;0.889225;10.024654;0
0.037349;0.118674;0.889225;10.024654;0
0.029156;0.116801;0.897693;10.024654;0
0.020912;0.103874;0.897693;10.024654;0
0.012799;0.093621;0.905898;10.024654;0
0.001972;0.097066;0.905898;10.024654;0
-0.006048;0.105036;0.913821;10.024654;0
-0.013900;0.100466;0.913821;10.024654;0
-0.021739;0.087878;0.913821;10.024654;0
-0.032287;0.079688;0.921436;10.024654;0
-0.040673;0.083048;0.921436;10.024654;0
-0.049391;0.094185;0.928704;10.024654;0
-0.058387;0.101885;0.928704;10.024654;0
-0.068058;0.092028;0.935575;10.024654;0
-0.082560;0.074486;0.935575;10.024654;0
0.072331;0.083523;0.935575;10.024654;0
0.072807;0.064979;0.941990;10.024654;0
0.073974;0.028638;0.941990;10.024654;0
0.075872;-0.003064;0.947877;10.024654;0
0.079600;-0.020167;0.947877;10.024654;0
0.083177;-0.011138;0.947877;10.024654;0
0.087431;0.005465;0.953162;10.024654;0
0.092192;0.013900;0.953162;10.024654;0
0.097289;0.023565;0.953162;10.024654;0
0.104026;0.040856;0.957767;10.024654;0
0.109492;0.059899;0.957767;10.024654;0
0.114914;0.074532;0.957767;10.024654;0
0.120409;0.072059;0.961618;10.024654;0
0.125689;0.067358;0.961618;10.024654;0
0.130771;0.069369;0.964643;10.024654;0
0.137151;0.085609;0.964643;10.024654;0
0.141567;0.091114;0.964643;10.024654;0
0.145686;0.089747;0.966781;10.024654;0
0.149318;0.091690;0.966781;10.024654;0
0.153457;0.102658;0.966781;10.024654;0
0.156133;0.111106;0.967978;10.024654;0
0.158322;0.106072;0.967978;10.024654;0
0.160097;0.099387;0.967978;10.024654;0
0.161508;0.097059;0.968195;10.024654;0
0.162791;0.108313;0.968195;10.024654;0
0.163394;0.119382;0.968195;10.024654;0
0.163736;0.120204;0.967403;10.024654;0
0.163806;0.113585;0.967403;10.024654;0
0.163645;0.090617;0.967403;10.024654;0
0.163370;0.066001;0.965591;10.024654;0
0.162815;0.058106;0.965591;10.024654;0
0.162257;0.066828;0.965591;10.024654;0
0.161598;0.071840;0.962762;10.024654;0
0.160862;0.084638;0.962762;10.024654;0
0.159746;0.118793;0.962762;10.024654;0
0.158820;0.143271;0.958939;10.024654;0
0.157829;0.152586;0.958939;10.024654;0
0.156840;0.161134;0.958939;10.024654;0
0.155820;0.173020;0.954158;10.024654;0
0.154523;0.190612;0.954158;10.024654;0
0.153520;0.188019;0.948476;10.024654;0
0.152631;0.175154;0.948476;10.024654;0
0.151820;0.162108;0.948476;10.024654;0
0.151156;0.153879;0.941966;10.024654;0
0.150455;0.155375;0.941966;10.024654;0
0.150059;0.157031;0.941966;10.024654;0
0.149793;0.146062;0.934717;10.024654;0
0.149689;0.134172;0.934717;10.024654;0
0.149758;0.129908;0.926836;10.024654;0
0.150009;0.137413;0.926836;10.024654;0
0.150503;0.146835;0.926836;10.024654;0
0.151096;0.139070;0.918442;10.024654;0
0.151901;0.127830;0.918442;10.024654;0
0.152857;0.121181;0.909667;10.024654;0
0.154399;0.121575;0.909667;10.024654;0
0.155794;0.123332;0.909667;10.024654;0
0.157442;0.114576;0.900652;10.024654;0
0.159432;0.105660;0.900652;10.024654;0
0.162504;0.101505;0.891546;10.024654;0
0.165256;0.110372;0.891546;10.024654;0
0.168282;0.118943;0.891546;10.024654;0
0.171857;0.112228;0.882497;10.024654;0
0.175947;0.105677;0.882497;10.024654;0
0.180758;0.106092;0.873651;10.024654;0
0.188375;0.107516;0.873651;10.024654;0
0.195443;0.097724;0.865144;10.024654;0
0.204038;0.090468;0.865144;10.024654;0
0.214421;0.090212;0.865144;10.024654;0
0.232875;0.090784;0.857099;10.024654;0
-0.659876;0.000754;0.857099;10.024654;0
-0.680110;-0.018235;0.849613;10.024654;0
-0.700775;-0.031726;0.849613;10.024654;0
-0.722610;-0.032618;0.842758;10.024654;0
-0.753871;-0.020121;0.842758;10.024654;0
-0.777839;-0.015677;0.842758;10.024654;0
-0.801860;-0.008153;0.836575;10.024654;0
-0.825848;0.006919;0.836575;10.024654;0
-0.848535;0.028433;0.831076;10.024654;0
-0.876873;0.050557;0.831076;10.024654;0
-0.896538;0.057673;0.831076;10.024654;0
-0.914757;0.066312;0.826248;10.024654;0
-0.930364;0.076278;0.826248;10.024654;0
-0.943743;0.086846;0.826248;10.024654;0
-0.954721;0.093536;0.822053;10.024654;0
-0.964779;0.087652;0.822053;10.024654;0
-0.969206;0.085314;0.822053;10.024654;0
-0.971091;0.088826;0.818430;10.024654;0
-0.970140;0.095368;0.818430;10.024654;0
-0.964419;0.094059;0.818430;10.024654;0
-0.956821;0.095665;0.815302;10.024654;0
-0.946693;0.104718;0.815302;10.024654;0
-0.933840;0.118429;0.815302;10.024654;0
-0.918175;0.123155;0.812579;10.024654;0
-0.893356;0.124918;0.812579;10.024654;0
-0.871788;0.130612;0.812579;10.024654;0
-0.847531;0.139825;0.812579;10.024654;0
-0.821951;0.147607;0.812579;10.024654;0
-0.794900;0.148566;0.810160;10.024654;0
-0.755520;0.139861;0.810160;10.024654;0
-0.724688;0.134768;0.810160;10.024654;0
-0.692803;0.137000;0.807938;10.024654;0
-0.659314;0.141960;0.807938;10.024654;0
-0.625652;0.136647;0.807938;10.024654;0
-0.579990;0.128292;0.807938;10.024654;0
-0.546250;0.129348;0.805802;10.024654;0
-0.512363;0.133981;0.805802;10.024654;0
-0.478498;0.133386;0.805802;10.024654;0
-0.432220;0.126335;0.803644;10.024654;0
-0.398071;0.126354;0.803644;10.024654;0
-0.364461;0.132882;0.803644;10.024654;0
-0.331414;0.145248;0.801357;10.024654;0
-0.298973;0.155791;0.801357;10.024654;0
-0.267954;0.149450;0.798843;10.024654;0
-0.228049;0.133994;0.798843;10.024654;0
-0.199501;0.127149;0.798843;10.024654;0
-0.171528;0.125929;0.796008;10.024654;0
-0.145116;0.125536;0.796008;10.024654;0
-0.119917;0.114490;0.796008;10.024654;0
-0.088066;0.100435;0.792772;10.024654;0
-0.065225;0.097168;0.792772;10.024654;0
-0.043853;0.101238;0.792772;10.024654;0
-0.023139;0.105731;0.789062;10.024654;0
-0.003883;0.097689;0.789062;10.024654;0
0.014660;0.086553;0.789062;10.024654;0
0.037335;0.082146;0.784823;10.024654;0
0.053538;0.081651;0.784823;10.024654;0
0.068905;0.070551;0.784823;10.024654;0
0.083524;0.061699;0.780008;10.024654;0
0.101796;0.062329;0.780008;10.024654;0
0.114894;0.071586;0.780008;10.024654;0
0.127210;0.073697;0.774588;10.024654;0
0.139239;0.068963;0.774588;10.024654;0
0.150998;0.067492;0.768549;10.024654;0
0.165952;0.076187;0.768549;10.024654;0
0.176527;0.076735;0.768549;10.024654;0
0.186632;0.074137;0.761891;10.024654;0
0.196495;0.074603;0.761891;10.024654;0
0.208162;0.079960;0.761891;10.024654;0
0.220157;0.085045;0.754634;10.024654;0
0.230900;0.076083;0.754634;10.024654;0
0.242620;0.066350;0.754634;10.024654;0
0.255423;0.062746;0.746813;10.024654;0
0.271121;0.066024;0.746813;10.024654;0
0.298331;0.075215;0.738487;10.024654;0
-0.294820;0.078560;0.738487;10.024654;0
-0.306034;0.075731;0.738487;10.024654;0
-0.317286;0.074128;0.729730;10.024654;0
-0.328146;0.081860;0.729730;10.024654;0
-0.341927;0.099341;0.720634;10.024654;0
-0.351132;0.103926;0.720634;10.024654;0
-0.359237;0.110784;0.720634;10.024654;0
-0.365940;0.123744;0.711300;10.024654;0
-0.371199;0.140792;0.711300;10.024654;0
-0.375216;0.154687;0.701835;10.024654;0
-0.376086;0.153904;0.701835;10.024654;0
-0.375191;0.154236;0.701835;10.024654;0
-0.372655;0.160022;0.692359;10.024654;0
-0.368110;0.167216;0.692359;10.024654;0
-0.359501;0.159445;0.682996;10.024654;0
-0.351123;0.154626;0.682996;10.024654;0
-0.341175;0.159064;0.673883;10.024654;0
-0.330083;0.171922;0.673883;10.024654;0
-0.313458;0.176114;0.665158;10.024654;0
-0.299240;0.168555;0.665158;10.024654;0
-0.284603;0.164780;0.656970;10.024654;0
-0.269745;0.169624;0.656970;10.024654;0
-0.254192;0.168634;0.649469;10.024654;0
-0.234070;0.157500;0.649469;10.024654;0
-0.218479;0.154788;0.642807;10.024654;0
-0.203367;0.161374;0.642807;10.024654;0
-0.188217;0.160900;0.637133;10.024654;0
-0.174003;0.152150;0.637133;10.024654;0
-0.156699;0.144181;0.632590;10.024654;0
-0.142383;0.147571;0.632590;10.024654;0
-0.129611;0.152721;0.629307;10.024654;0
-0.117911;0.145288;0.627399;10.024654;0
-0.106496;0.137177;0.627399;10.024654;0
-0.092549;0.137986;0.626958;10.024654;0
-0.082355;0.147240;0.628045;10.024654;0
-0.073264;0.157156;0.628045;10.024654;0
-0.064691;0.150080;0.630691;10.024654;0
-0.056665;0.131196;0.630691;10.024654;0
-0.049164;0.115511;0.634891;10.024654;0
-0.039858;0.106663;0.640598;10.024654;0
-0.033361;0.111744;0.640598;10.024654;0
-0.027143;0.116958;0.647728;10.024654;0
-0.021181;0.106850;0.656157;10.024654;0
-0.013776;0.091496;0.656157;10.024654;0
-0.008142;0.088765;0.665720;10.024654;0
-0.002808;0.095986;0.665720;10.024654;0
0.002276;0.100606;0.676221;10.024654;0
0.007156;0.092248;0.687426;10.024654;0
0.011762;0.083346;0.687426;10.024654;0
-0.854126;0.037406;0.699076;10.024654;0
-0.864809;0.011245;0.699076;10.024654;0
-0.876884;-0.037438;0.710886;10.024654;0
-0.891285;-0.085160;0.710886;10.024654;0
-0.907340;-0.106705;0.722568;10.024654;0
-0.929401;-0.084016;0.722568;10.024654;0
-0.946177;-0.042727;0.722568;10.024654;0
-0.963138;-0.001939;0.733852;10.024654;0
-0.980293;0.040247;0.733852;10.024654;0
-0.997188;0.082065;0.744488;10.024654;0
-1.000000;0.118737;0.744488;10.024654;0
-1.000000;0.140562;0.744488;10.024654;0
-1.000000;0.147752;0.754251;10.024654;0
-1.000000;0.152539;0.754251;10.024654;0
-1.000000;0.158197;0.762938;10.024654;0
-1.000000;0.161776;0.762938;10.024654;0
-1.000000;0.150839;0.762938;10.024654;0
-1.000000;0.141298;0.770373;10.024654;0
-1.000000;0.136869;0.770373;10.024654;0
-1.000000;0.137518;0.770373;10.024654;0
-1.000000;0.135106;0.770373;10.024654;0
-1.000000;0.139353;0.770373;10.024654;0
-1.000000;0.149952;0.776406;10.024654;0
-1.000000;0.159323;0.776406;10.024654;0
-1.000000;0.159601;0.776406;10.024654;0
-0.990458;0.159255;0.780913;10.024654;0
-0.962513;0.160868;0.780913;10.024654;0
-0.938214;0.164345;0.780913;10.024654;0
-0.913096;0.167010;0.783795;10.024654;0
-0.886480;0.161479;0.783795;10.024654;0
-0.858876;0.156359;0.783795;10.024654;0
-0.820751;0.157651;0.784978;10.024654;0
-0.792089;0.167650;0.784978;10.024654;0
-0.761759;0.183064;0.784978;10.024654;0
-0.731251;0.189423;0.784413;10.024654;0
-0.700374;0.184999;0.784413;10.024654;0
-0.659220;0.177082;0.784413;10.024654;0
-0.628939;0.175346;0.784413;10.024654;0
-0.599612;0.173319;0.782077;10.024654;0
-0.571361;0.163475;0.782077;10.024654;0
-0.533055;0.151815;0.782077;10.024654;0
-0.505554;0.149220;0.777971;10.024654;0
-0.480008;0.150672;0.777971;10.024654;0
-0.454074;0.151940;0.777971;10.024654;0
-0.429714;0.142586;0.772121;10.024654;0
-0.401577;0.132640;0.772121;10.024654;0
-0.378981;0.132477;0.772121;10.024654;0
-0.358711;0.138446;0.764576;10.024654;0
-0.339525;0.136531;0.764576;10.024654;0
-0.321817;0.128235;0.764576;10.024654;0
-0.304917;0.124582;0.755412;10.024654;0
