-0.290669;0.096673;0.627847;10.024654;0
-0.282505;0.091925;0.633690;10.024654;0
-0.270892;0.076326;0.633690;10.024654;0
-0.261690;0.058767;0.639025;10.024654;0
-0.252122;0.043094;0.639025;10.024654;0
-0.242237;0.037492;0.639025;10.024654;0
-0.232057;0.043206;0.643847;10.024654;0
-0.218018;0.065693;0.643847;10.024654;0
-0.207253;0.077149;0.648174;10.024654;0
-0.196356;0.085061;0.648174;10.024654;0
-0.185415;0.094490;0.652043;10.024654;0
-0.174276;0.105268;0.652043;10.024654;0
-0.159657;0.113492;0.655516;10.024654;0
-0.149061;0.104858;0.655516;10.024654;0
-0.138309;0.096812;0.658678;10.024654;0
-0.128193;0.095791;0.658678;10.024654;0
-0.117981;0.099154;0.658678;10.024654;0
-0.104917;0.089822;0.661636;10.024654;0
-0.095473;0.061611;0.661636;10.024654;0
-0.086821;0.033827;0.664519;10.024654;0
-0.078464;0.019442;0.664519;10.024654;0
-0.068050;0.014144;0.667474;10.024654;0
-0.060647;0.020353;0.667474;10.024654;0
-0.053516;0.040750;0.670663;10.024654;0
-0.046750;0.072443;0.670663;10.024654;0
-0.040369;0.106650;0.674261;10.024654;0
-0.034223;0.125245;0.674261;10.024654;0
-0.026296;0.135495;0.674261;10.024654;0
-0.020713;0.140416;0.678445;10.024654;0
-0.015318;0.146206;0.678445;10.024654;0
-0.010086;0.147797;0.683392;10.024654;0
-0.004907;0.131512;0.683392;10.024654;0
0.001577;0.106070;0.689269;10.024654;0
0.006380;0.095484;0.689269;10.024654;0
0.011049;0.091978;0.696223;10.024654;0
0.015582;0.084053;0.696223;10.024654;0
0.020046;0.072888;0.704372;10.024654;0
0.025652;0.071466;0.704372;10.024654;0
0.029622;0.081446;0.713801;10.024654;0
0.033513;0.092455;0.713801;10.024654;0
0.037363;0.092860;0.724547;10.024654;0
0.041126;0.086747;0.724547;10.024654;0
0.044854;0.083913;0.736599;10.024654;0
0.049913;0.088935;0.736599;10.024654;0
0.053953;0.091041;0.749890;10.024654;0
0.058873;0.082000;0.749890;10.024654;0
0.064864;0.072538;0.764294;10.024654;0
0.072439;0.068895;0.764294;10.024654;0
-1.000000;0.079500;0.764294;10.024654;0
-1.000000;0.087980;0.779629;10.024654;0
-1.000000;0.089516;0.779629;10.024654;0
-1.000000;0.090064;0.795675;10.024654;0
-1.000000;0.095393;0.795675;10.024654;0
-1.000000;0.103917;0.795675;10.024654;0
-1.000000;0.111609;0.812197;10.024654;0
-1.000000;0.114618;0.812197;10.024654;0
-1.000000;0.110125;0.812197;10.024654;0
-1.000000;0.110499;0.828962;10.024654;0
-1.000000;0.116919;0.828962;10.024654;0
-1.000000;0.120194;0.828962;10.024654;0
-1.000000;0.119393;0.845741;10.024654;0
-1.000000;0.119750;0.845741;10.024654;0
-1.000000;0.124915;0.845741;10.024654;0
-1.000000;0.130082;0.862316;10.024654;0
-1.000000;0.128203;0.862316;10.024654;0
-0.993587;0.127111;0.862316;10.024654;0
-0.978100;0.129615;0.878487;10.024654;0
-0.956433;0.141317;0.878487;10.024654;0
-0.939103;0.148954;0.878487;10.024654;0
-0.921021;0.147459;0.878487;10.024654;0
-0.901601;0.142123;0.894071;10.024654;0
-0.882509;0.140387;0.894071;10.024654;0
-0.856007;0.144452;0.894071;10.024654;0
-0.835699;0.142887;0.908905;10.024654;0
-0.814782;0.136744;0.908905;10.024654;0
-0.794630;0.133832;0.908905;10.024654;0
-0.773824;0.137018;0.908905;10.024654;0
-0.746414;0.145886;0.922852;10.024654;0
-0.725442;0.145115;0.922852;10.024654;0
-0.705328;0.144291;0.922852;10.024654;0
-0.684687;0.147305;0.922852;10.024654;0
-0.658071;0.152428;0.935794;10.024654;0
-0.637651;0.145340;0.935794;10.024654;0
-0.618288;0.136767;0.935794;10.024654;0
-0.599363;0.132559;0.947638;10.024654;0
-0.580516;0.134593;0.947638;10.024654;0
-0.555823;0.144798;0.947638;10.024654;0
-0.537942;0.146455;0.947638;10.024654;0
-0.520347;0.141502;0.958313;10.024654;0
-0.502549;0.137431;0.958313;10.024654;0
-0.479826;0.141276;0.958313;10.024654;0
-0.463222;0.143271;0.958313;10.024654;0
-0.447801;0.136170;0.967770;10.024654;0
-0.431981;0.127086;0.967770;10.024654;0
-0.411593;0.123366;0.967770;10.024654;0
-0.396370;0.130305;0.975981;10.024654;0
-0.381992;0.135077;0.975981;10.024654;0
-0.367939;0.128940;0.975981;10.024654;0
-0.354336;0.124247;0.975981;10.024654;0
-0.337018;0.128028;0.982938;10.024654;0
-0.324072;0.130198;0.982938;10.024654;0
-0.311697;0.121480;0.982938;10.024654;0
-0.299773;0.112226;0.982938;10.024654;0
-0.288493;0.107449;0.988652;10.024654;0
-0.273704;0.113176;0.988652;10.024654;0
-0.262816;0.118429;0.988652;10.024654;0
-0.252412;0.112192;0.993149;10.024654;0
-0.242381;0.103233;0.993149;10.024654;0
-0.232557;0.096468;0.993149;10.024654;0
-0.220301;0.100859;0.993149;10.024654;0
-0.211122;0.108197;0.996471;10.024654;0
-0.202128;0.104887;0.996471;10.024654;0
-0.193431;0.097679;0.996471;10.024654;0
-0.185037;0.095700;0.996471;10.024654;0
-0.176921;0.099156;0.998675;10.024654;0
-0.166566;0.104484;0.998675;10.024654;0
-0.159084;0.096045;0.998675;10.024654;0
-0.151755;0.087317;0.998675;10.024654;0
-0.144696;0.084344;0.998675;10.024654;0
-0.138103;0.089686;0.998675;10.024654;0
-0.129491;0.105416;0.998675;10.024654;0
-0.122962;0.109911;0.999826;10.024654;0
-0.116721;0.101629;0.999826;10.024654;0
-0.110704;0.093096;0.999826;10.024654;0
-0.104915;0.089884;1.000000;10.024654;0
-0.097550;0.087649;1.000000;10.024654;0
-0.092395;0.078729;1.000000;10.024654;0
-0.087356;0.074250;1.000000;10.024654;0
-0.080986;0.080193;0.999278;10.024654;0
-0.076309;0.093451;0.999278;10.024654;0
-0.071775;0.099069;0.999278;10.024654;0
-0.067506;0.095929;0.999278;10.024654;0
-0.062095;0.097019;0.997747;10.024654;0
-0.058188;0.101680;0.997747;10.024654;0
-0.054573;0.098532;0.997747;10.024654;0
-0.051291;0.092851;0.992609;10.024654;0
-0.048542;0.091842;0.992609;10.024654;0
-0.046518;0.096981;0.992609;10.024654;0
-0.045177;0.106065;0.992609;10.024654;0
0.046595;0.079189;0.989178;10.024654;0
0.051040;0.071784;0.989178;10.024654;0
0.054888;0.072730;0.989178;10.024654;0
0.058122;0.079382;0.985271;10.024654;0
0.060823;0.080144;0.985271;10.024654;0
0.063415;0.082269;0.985271;10.024654;0
0.064693;0.093820;0.985271;10.024654;0
0.065376;0.111000;0.980931;10.024654;0
0.065514;0.130600;0.980931;10.024654;0
0.065227;0.144697;0.980931;10.024654;0
0.064265;0.141057;0.976177;10.024654;0
0.063157;0.136652;0.976177;10.024654;0
0.061745;0.137527;0.976177;10.024654;0
0.060059;0.143400;0.976177;10.024654;0
0.057691;0.138947;0.971009;10.024654;0
0.055902;0.133026;0.971009;10.024654;0
0.053996;0.133992;0.971009;10.024654;0
0.052105;0.141376;0.965413;10.024654;0
0.049664;0.152602;0.965413;10.024654;0
0.047987;0.149059;0.965413;10.024654;0
0.046345;0.144015;0.959372;10.024654;0
0.044806;0.143713;0.959372;10.024654;0
0.043365;0.149705;0.959372;10.024654;0
0.041686;0.146836;0.952867;10.024654;0
0.040643;0.137089;0.952867;10.024654;0
0.039725;0.134161;0.952867;10.024654;0
0.038887;0.139284;0.945888;10.024654;0
0.038187;0.149961;0.945888;10.024654;0
0.037485;0.148327;0.945888;10.024654;0
0.037028;0.146145;0.938431;10.024654;0
0.036624;0.147249;0.938431;10.024654;0
0.036274;0.154927;0.938431;10.024654;0
0.035959;0.166411;0.930512;10.024654;0
0.035719;0.162185;0.930512;10.024654;0
0.035476;0.150973;0.930512;10.024654;0
0.035303;0.147982;0.922162;10.024654;0
0.035121;0.151892;0.922162;10.024654;0
0.034952;0.157798;0.922162;10.024654;0
0.034805;0.146310;0.913438;10.024654;0
0.034696;0.136761;0.913438;10.024654;0
0.034574;0.131702;0.904417;10.024654;0
0.034440;0.135781;0.904417;10.024654;0
0.034296;0.146217;0.904417;10.024654;0
0.034241;0.138081;0.895204;10.024654;0
0.034204;0.132388;0.895204;10.024654;0
0.034193;0.127280;0.895204;10.024654;0
0.034352;0.089874;0.885928;10.024654;0
0.034716;0.022975;0.885928;10.024654;0
0.035043;-0.011143;0.885928;10.024654;0
0.035310;-0.015142;0.885928;10.024654;0
0.035503;0.008198;0.876744;10.024654;0
0.035757;0.042201;0.876744;10.024654;0
0.036108;0.074684;0.867827;10.024654;0
0.036305;0.100376;0.867827;10.024654;0
0.036435;0.126198;0.859369;10.024654;0
0.036540;0.149030;0.859369;10.024654;0
0.036679;0.152992;0.859369;10.024654;0
0.036900;0.146759;0.851575;10.024654;0
0.037108;0.143019;0.851575;10.024654;0
0.037361;0.145687;0.844652;10.024654;0
0.037719;0.147607;0.844652;10.024654;0
0.038250;0.134787;0.838798;10.024654;0
0.039046;0.120020;0.838798;10.024654;0
0.040152;0.111769;0.834197;10.024654;0
0.041326;0.110660;0.834197;10.024654;0
0.042886;0.112214;0.830997;10.024654;0
0.045486;0.102181;0.830997;10.024654;0
0.049324;0.074554;0.829305;10.024654;0
0.514840;0.067684;0.829305;10.024654;0
0.520707;0.053721;0.829168;10.024654;0
0.526923;0.043742;0.829168;10.024654;0
0.533416;0.035299;0.830567;10.024654;0
0.542038;0.017495;0.830567;10.024654;0
0.548802;0.015739;0.833414;10.024654;0
0.555052;0.027861;0.833414;10.024654;0
0.560719;0.045129;0.837576;10.024654;0
0.566741;0.055044;0.837576;10.024654;0
0.570318;0.063625;0.842878;10.024654;0
0.572577;0.076227;0.842878;10.024654;0
0.573412;0.094895;0.849114;10.024654;0
0.572649;0.116953;0.849114;10.024654;0
0.570214;0.123841;0.856056;10.024654;0
0.564473;0.122522;0.856056;10.024654;0
0.557983;0.124324;0.863464;10.024654;0
0.549660;0.130359;0.863464;10.024654;0
0.539657;0.143698;0.863464;10.024654;0
0.527760;0.158859;0.871093;10.024654;0
0.508712;0.155347;0.871093;10.024654;0
0.492610;0.150140;0.878701;10.024654;0
0.475038;0.150500;0.878701;10.024654;0
0.456390;0.151430;0.886055;10.024654;0
0.436280;0.140580;0.886055;10.024654;0
0.415274;0.132586;0.886055;10.024654;0
0.385877;0.135985;0.892937;10.024654;0
0.362801;0.149196;0.892937;10.024654;0
0.339797;0.159466;0.899145;10.024654;0
0.315974;0.154197;0.899145;10.024654;0
0.284630;0.144166;0.904501;10.024654;0
0.259975;0.143219;0.904501;10.024654;0
0.235186;0.150215;0.908849;10.024654;0
0.211247;0.156251;0.908849;10.024654;0
0.186737;0.149916;0.908849;10.024654;0
0.162572;0.144337;0.912057;10.024654;0
0.130806;0.146788;0.912057;10.024654;0
0.108214;0.150876;0.914019;10.024654;0
0.085411;0.143995;0.914019;10.024654;0
0.063530;0.139863;0.914657;10.024654;0
0.036745;0.145873;0.914657;10.024654;0
0.013842;0.159000;0.914657;10.024654;0
-0.006642;0.163064;0.913918;10.024654;0
-0.026770;0.150745;0.913918;10.024654;0
-0.046373;0.137716;0.911777;10.024654;0
-0.065611;0.131193;0.911777;10.024654;0
-0.084540;0.132764;0.911777;10.024654;0
-0.108705;0.125689;0.908235;10.024654;0
-0.126640;0.114623;0.908235;10.024654;0
-0.143821;0.110545;0.903322;10.024654;0
-0.161595;0.115865;0.903322;10.024654;0
-0.184563;0.123257;0.897094;10.024654;0
-0.201794;0.114194;0.897094;10.024654;0
-0.219202;0.107976;0.897094;10.024654;0
-0.237254;0.110621;0.889636;10.024654;0
-0.255044;0.121291;0.889636;10.024654;0
-0.279525;0.131949;0.881061;10.024654;0
-0.299372;0.121789;0.881061;10.024654;0
-0.319963;0.114944;0.871511;10.024654;0
-0.341588;0.117482;0.871511;10.024654;0
-0.365435;0.126689;0.871511;10.024654;0
-0.399768;0.128982;0.861155;10.024654;0
-0.429424;0.123939;0.861155;10.024654;0
-0.465957;0.121030;0.850192;10.024654;0
0.539014;-0.032845;0.850192;10.024654;0
0.568880;-0.061972;0.838841;10.024654;0
0.595420;-0.089379;0.838841;10.024654;0
0.625034;-0.114125;0.838841;10.024654;0
0.658288;-0.118749;0.827310;10.024654;0
0.692035;-0.096451;0.827310;10.024654;0
0.737978;-0.041599;0.815799;10.024654;0
0.772868;-0.004290;0.815799;10.024654;0
0.805931;0.032108;0.815799;10.024654;0
0.837921;0.069633;0.804494;10.024654;0
0.866880;0.103043;0.804494;10.024654;0
0.902720;0.142385;0.804494;10.024654;0
0.925380;0.152594;0.793568;10.024654;0
0.944689;0.152766;0.793568;10.024654;0
0.961124;0.151996;0.783182;10.024654;0
0.976895;0.158341;0.783182;10.024654;0
0.983910;0.165405;0.783182;10.024654;0
0.986519;0.164895;0.773478;10.024654;0
0.985021;0.160522;0.773478;10.024654;0
0.979537;0.160848;0.773478;10.024654;0
0.966537;0.171488;0.764587;10.024654;0
0.951916;0.179092;0.764587;10.024654;0
0.933582;0.180156;0.764587;10.024654;0
0.913293;0.183974;0.756619;10.024654;0
0.881687;0.198019;0.756619;10.024654;0
0.854287;0.209725;0.756619;10.024654;0
0.823899;0.210796;0.749669;10.024654;0
0.792347;0.211748;0.749669;10.024654;0
0.759447;0.217272;0.743810;10.024654;0
0.713641;0.230211;0.743810;10.024654;0
0.678349;0.226921;0.743810;10.024654;0
0.643636;0.215854;0.739098;10.024654;0
0.608114;0.208427;0.739098;10.024654;0
0.573219;0.210873;0.735564;10.024654;0
0.534798;0.217589;0.735564;10.024654;0
0.495831;0.206950;0.735564;10.024654;0
0.464262;0.198404;0.733223;10.024654;0
0.434223;0.196177;0.733223;10.024654;0
0.406229;0.197830;0.732066;10.024654;0
0.379869;0.190988;0.732066;10.024654;0
0.347439;0.172190;0.732062;10.024654;0
0.325354;0.164606;0.732062;10.024654;0
0.304946;0.164010;0.733161;10.024654;0
0.285785;0.169130;0.733161;10.024654;0
0.263208;0.170903;0.733161;10.024654;0
0.247699;0.154350;0.735294;10.024654;0
0.234254;0.136081;0.735294;10.024654;0
0.221722;0.126117;0.738372;10.024654;0
0.210383;0.128690;0.738372;10.024654;0
0.200237;0.138729;0.742290;10.024654;0
0.188240;0.131528;0.742290;10.024654;0
0.180407;0.119659;0.746928;10.024654;0
0.173248;0.110788;0.746928;10.024654;0
0.166899;0.108886;0.752149;10.024654;0
0.161151;0.102895;0.752149;10.024654;0
0.154768;0.084056;0.757806;10.024654;0
0.150656;0.078216;0.757806;10.024654;0
0.147158;0.083166;0.763741;10.024654;0
0.144323;0.089674;0.763741;10.024654;0
0.142339;0.079381;0.763741;10.024654;0
0.141370;0.063322;0.769787;10.024654;0
0.458828;0.117270;0.769787;10.024654;0
0.452202;0.120120;0.775768;10.024654;0
0.445230;0.115917;0.775768;10.024654;0
0.435782;0.091396;0.781513;10.024654;0
0.428409;0.076049;0.781513;10.024654;0
0.420931;0.071107;0.786872;10.024654;0
0.412977;0.079916;0.786872;10.024654;0
0.404702;0.086850;0.791724;10.024654;0
0.396109;0.086971;0.791724;10.024654;0
0.384507;0.092912;0.791724;10.024654;0
0.375248;0.107160;0.795970;10.024654;0
0.365907;0.119882;0.795970;10.024654;0
0.356232;0.118412;0.799541;10.024654;0
0.346506;0.111021;0.799541;10.024654;0
0.333772;0.112801;0.802392;10.024654;0
0.324183;0.118809;0.802392;10.024654;0
0.315113;0.115407;0.804500;10.024654;0
0.306110;0.109417;0.804500;10.024654;0
0.297214;0.108681;0.804500;10.024654;0
0.285948;0.121471;0.805870;10.024654;0
0.277889;0.132596;0.805870;10.024654;0
0.270163;0.110762;0.806527;10.024654;0
0.263055;0.077325;0.806527;10.024654;0
0.256675;0.058399;0.806521;10.024654;0
0.248540;0.068772;0.806521;10.024654;0
0.243125;0.090498;0.806521;10.024654;0
0.238073;0.106180;0.805923;10.024654;0
0.233368;0.118614;0.805923;10.024654;0
0.228888;0.135324;0.804825;10.024654;0
0.223415;0.161831;0.804825;10.024654;0
0.219670;0.183628;0.803337;10.024654;0
0.216059;0.198935;0.803337;10.024654;0
0.212663;0.194528;0.801586;10.024654;0
0.208762;0.172757;0.801586;10.024654;0
0.205929;0.159959;0.799716;10.024654;0
0.203705;0.156226;0.799716;10.024654;0
0.201731;0.158963;0.797877;10.024654;0
0.199658;0.154269;0.797877;10.024654;0
0.198224;0.140760;0.797877;10.024654;0
0.197312;0.132944;0.796230;10.024654;0
0.196759;0.132290;0.796230;10.024654;0
0.196545;0.134629;0.794933;10.024654;0
0.196711;0.124787;0.794933;10.024654;0
0.197580;0.114422;0.794143;10.024654;0
0.198709;0.115932;0.794143;10.024654;0
0.200187;0.127140;0.794004;10.024654;0
0.202079;0.130374;0.794004;10.024654;0
0.204470;0.122987;0.794643;10.024654;0
0.208521;0.113955;0.794643;10.024654;0
0.212242;0.112642;0.796159;10.024654;0
0.216622;0.119801;0.796159;10.024654;0
0.221903;0.129259;0.798622;10.024654;0
0.228346;0.122693;0.798622;10.024654;0
0.239431;0.111701;0.802059;10.024654;0
0.250095;0.110105;0.802059;10.024654;0
0.264115;0.110881;0.806454;10.024654;0
0.282401;0.096878;0.806454;10.024654;0
0.996955;0.092971;0.811739;10.024654;0
1.000000;0.069180;0.811739;10.024654;0
1.000000;0.056993;0.811739;10.024654;0
1.000000;0.051967;0.817799;10.024654;0
1.000000;0.048536;0.817799;10.024654;0
1.000000;0.048923;0.824478;10.024654;0
1.000000;0.056940;0.824478;10.024654;0
1.000000;0.080423;0.831589;10.024654;0
1.000000;0.099041;0.831589;10.024654;0
1.000000;0.107930;0.831589;10.024654;0
1.000000;0.112787;0.838927;10.024654;0
1.000000;0.119856;0.838927;10.024654;0
1.000000;0.128898;0.838927;10.024654;0
1.000000;0.130824;0.846276;10.024654;0
1.000000;0.126562;0.846276;10.024654;0
1.000000;0.122491;0.846276;10.024654;0
1.000000;0.123428;0.853418;10.024654;0
1.000000;0.134881;0.853418;10.024654;0
1.000000;0.141208;0.853418;10.024654;0
1.000000;0.136547;0.853418;10.024654;0
0.991841;0.130372;0.853418;10.024654;0
0.976110;0.128465;0.860138;10.024654;0
0.952917;0.135791;0.860138;10.024654;0
0.933118;0.136015;0.860138;10.024654;0
0.911273;0.130283;0.866230;10.024654;0
0.888376;0.127380;0.866230;10.024654;0
0.863633;0.131436;0.866230;10.024654;0
0.828802;0.138754;0.866230;10.024654;0
0.800838;0.133957;0.871505;10.024654;0
0.772470;0.129229;0.871505;10.024654;0
0.744365;0.130187;0.871505;10.024654;0
0.714457;0.138189;0.875787;10.024654;0
0.673230;0.147939;0.875787;10.024654;0
0.641924;0.142637;0.875787;10.024654;0
0.611624;0.137556;0.875787;10.024654;0
0.570586;0.138446;0.878921;10.024654;0
0.538567;0.140310;0.878921;10.024654;0
0.507926;0.137197;0.878921;10.024654;0
0.477792;0.125122;0.880776;10.024654;0
0.448312;0.114342;0.880776;10.024654;0
0.409645;0.111249;0.880776;10.024654;0
0.381166;0.112423;0.880776;10.024654;0
0.353111;0.103758;0.881241;10.024654;0
0.326521;0.095626;0.881241;10.024654;0
0.300383;0.094136;0.881241;10.024654;0
0.267278;0.106403;0.880229;10.024654;0
0.243018;0.122941;0.880229;10.024654;0
0.219971;0.133651;0.880229;10.024654;0
0.197525;0.126557;0.880229;10.024654;0
0.176092;0.115436;0.877676;10.024654;0
0.149245;0.108993;0.877676;10.024654;0
0.129546;0.103058;0.873544;10.024654;0
0.111536;0.088294;0.873544;10.024654;0
0.094382;0.079013;0.873544;10.024654;0
0.077960;0.079106;0.867819;10.024654;0
0.057657;0.083197;0.867819;10.024654;0
0.042822;0.075039;0.867819;10.024654;0
0.029009;0.063549;0.860512;10.024654;0
0.015833;0.057608;0.860512;10.024654;0
0.003020;0.059204;0.860512;10.024654;0
-0.012582;0.072661;0.851658;10.024654;0
-0.024061;0.078825;0.851658;10.024654;0
-0.034333;0.072918;0.851658;10.024654;0
-0.044478;0.068307;0.841318;10.024654;0
-0.057037;0.070645;0.841318;10.024654;0
-0.066482;0.079606;0.841318;10.024654;0
-0.075295;0.091986;0.841318;10.024654;0
-0.083531;0.091067;0.829579;10.024654;0
-0.090989;0.081811;0.829579;10.024654;0
-0.100357;0.071377;0.829579;10.024654;0
-0.107162;0.069629;0.816553;10.024654;0
-0.113143;0.076418;0.816553;10.024654;0
-0.118687;0.087020;0.816553;10.024654;0
-0.123700;0.088256;0.802380;10.024654;0
-0.129530;0.081215;0.802380;10.024654;0
-0.133625;0.079845;0.802380;10.024654;0
-0.137488;0.085235;0.787226;10.024654;0
-0.141189;0.091786;0.787226;10.024654;0
-0.145014;0.085860;0.771286;10.024654;0
-0.149439;0.075880;0.771286;10.024654;0
-0.157062;0.069958;0.771286;10.024654;0
0.338298;0.066305;0.754785;10.024654;0
0.350769;0.074424;0.754785;10.024654;0
0.363550;0.073496;0.754785;10.024654;0
0.380864;0.055577;0.737967;10.024654;0
0.394294;0.044249;0.737967;10.024654;0
0.407307;0.041429;0.737967;10.024654;0
0.419917;0.049165;0.721078;10.024654;0
0.431927;0.059394;0.721078;10.024654;0
0.442980;0.059973;0.704354;10.024654;0
0.456477;0.063834;0.704354;10.024654;0
0.465576;0.074668;0.704354;10.024654;0
0.473555;0.083867;0.688019;10.024654;0
0.480330;0.081830;0.688019;10.024654;0
0.485937;0.080448;0.672288;10.024654;0
0.490357;0.084481;0.672288;10.024654;0
0.494314;0.100153;0.672288;10.024654;0
0.495987;0.112293;0.657361;10.024654;0
0.496396;0.112239;0.657361;10.024654;0
0.495829;0.110078;0.643428;10.024654;0
0.494335;0.110040;0.643428;10.024654;0
0.491027;0.118701;0.643428;10.024654;0
0.487622;0.125414;0.630660;10.024654;0
0.483393;0.119850;0.630660;10.024654;0
0.478664;0.114823;0.619213;10.024654;0
0.473504;0.116890;0.619213;10.024654;0
0.466306;0.128948;0.609224;10.024654;0
0.460229;0.127782;0.609224;10.024654;0
0.454190;0.120021;0.600805;10.024654;0
0.447985;0.115225;0.600805;10.024654;0
0.441630;0.116744;0.600805;10.024654;0
0.433229;0.131111;0.594048;10.024654;0
0.426900;0.139754;0.594048;10.024654;0
0.420700;0.134996;0.589016;10.024654;0
0.414561;0.127740;0.589016;10.024654;0
0.406672;0.125345;0.585746;10.024654;0
0.400891;0.130266;0.585746;10.024654;0
0.395469;0.131832;0.584248;10.024654;0
0.390210;0.121953;0.584248;10.024654;0
0.385305;0.113103;0.584502;10.024654;0
0.379285;0.110561;0.584502;10.024654;0
0.374948;0.115571;0.586465;10.024654;0
0.370911;0.113402;0.586465;10.024654;0
0.367297;0.106382;0.590066;10.024654;0
0.363828;0.103486;0.595216;10.024654;0
0.360719;0.109180;0.595216;10.024654;0
0.356993;0.116154;0.601803;10.024654;0
0.354551;0.108751;0.601803;10.024654;0
0.352521;0.100669;0.609704;10.024654;0
0.350834;0.097753;0.609704;10.024654;0
0.349210;0.094088;0.609704;10.024654;0
0.348990;0.065313;0.618781;10.024654;0
0.350013;0.027805;0.618781;10.024654;0
0.352274;0.002801;0.628884;10.024654;0
0.356220;0.001469;0.628884;10.024654;0
0.363146;0.029667;0.639861;10.024654;0
0.371991;0.059159;0.639861;10.024654;0
0.385076;0.075522;0.651550;10.024654;0
0.651503;0.096804;0.651550;10.024654;0
0.638998;0.100344;0.663787;10.024654;0
0.630125;0.105116;0.663787;10.024654;0
0.621870;0.109740;0.676411;10.024654;0
0.614174;0.106429;0.676411;10.024654;0
0.607245;0.107167;0.676411;10.024654;0
0.599338;0.120755;0.689273;10.024654;0
0.593527;0.139076;0.689273;10.024654;0
0.587999;0.147639;0.702250;10.024654;0
0.582458;0.152290;0.702250;10.024654;0
0.576962;0.158516;0.715236;10.024654;0
0.569210;0.173655;0.715236;10.024654;0
0.562391;0.178444;0.715236;10.024654;0
0.554806;0.171546;0.728140;10.024654;0
0.546408;0.168181;0.728140;10.024654;0
0.537008;0.172014;0.740891;10.024654;0
0.522702;0.173530;0.740891;10.024654;0
0.510244;0.165503;0.740891;10.024654;0
0.496932;0.160617;0.753432;10.024654;0
0.482555;0.160910;0.753432;10.024654;0
0.466845;0.168246;0.765717;10.024654;0
0.450052;0.176081;0.765717;10.024654;0
0.426888;0.167126;0.777713;10.024654;0
0.408394;0.161144;0.777713;10.024654;0
0.389763;0.163409;0.777713;10.024654;0
0.371402;0.172981;0.789400;10.024654;0
0.345758;0.173847;0.789400;10.024654;0
0.326372;0.165311;0.800763;10.024654;0
0.306789;0.162709;0.800763;10.024654;0
0.287398;0.166568;0.800763;10.024654;0
0.268579;0.176524;0.811799;10.024654;0
0.243964;0.172651;0.811799;10.024654;0
0.225949;0.164562;0.822510;10.024654;0
0.209150;0.163880;0.822510;10.024654;0
0.192594;0.173847;0.822510;10.024654;0
0.176308;0.185947;0.832901;10.024654;0
0.156001;0.174808;0.832901;10.024654;0
0.141981;0.163109;0.842986;10.024654;0
0.128865;0.156920;0.842986;10.024654;0
0.115668;0.157311;0.852775;10.024654;0
0.099385;0.151177;0.852775;10.024654;0
0.088452;0.140022;0.852775;10.024654;0
0.077693;0.131717;0.862283;10.024654;0
0.067258;0.131162;0.862283;10.024654;0
0.057306;0.135213;0.871522;10.024654;0
0.045092;0.120277;0.871522;10.024654;0
0.036468;0.110107;0.880501;10.024654;0
0.028135;0.109784;0.880501;10.024654;0
0.020014;0.118704;0.880501;10.024654;0
0.012063;0.133134;0.889225;10.024654;0
0.001661;0.136564;0.889225;10.024654;0
-0.005848;0.124995;0.897693;10.024654;0
-0.013139;0.116683;0.897693;10.024654;0
-0.020278;0.114670;0.905898;10.024654;0
-0.027639;0.115873;0.905898;10.024654;0
-0.037161;0.098586;0.905898;10.024654;0
-0.044435;0.090204;0.913821;10.024654;0
-0.051821;0.093088;0.913821;10.024654;0
-0.059297;0.101539;0.921436;10.024654;0
-0.066873;0.095837;0.921436;10.024654;0
-0.077040;0.087161;0.921436;10.024654;0
-0.085412;0.087325;0.928704;10.024654;0
-0.094520;0.094625;0.928704;10.024654;0
-0.104682;0.094797;0.935575;10.024654;0
0.106038;0.082148;0.935575;10.024654;0
0.110355;0.055699;0.941990;10.024654;0
0.114551;0.033673;0.941990;10.024654;0
0.119655;0.023838;0.941990;10.024654;0
0.125700;0.021093;0.947877;10.024654;0
0.134988;0.008400;0.947877;10.024654;0
0.142707;0.007211;0.947877;10.024654;0
0.151090;0.017320;0.953162;10.024654;0
0.159845;0.037300;0.953162;10.024654;0
0.168866;0.063642;0.957767;10.024654;0
0.181356;0.082567;0.957767;10.024654;0
0.190569;0.080629;0.957767;10.024654;0
0.199855;0.079907;0.961618;10.024654;0
0.208929;0.084561;0.961618;10.024654;0
0.217530;0.092789;0.961618;10.024654;0
0.228375;0.090083;0.964643;10.024654;0
0.235902;0.081583;0.964643;10.024654;0
0.242773;0.078996;0.964643;10.024654;0
0.248976;0.085681;0.966781;10.024654;0
0.256554;0.098127;0.966781;10.024654;0
0.261571;0.092616;0.966781;10.024654;0
0.265864;0.086805;0.967978;10.024654;0
0.269572;0.089839;0.967978;10.024654;0
0.272696;0.102686;0.968195;10.024654;0
0.275920;0.118966;0.968195;10.024654;0
0.277668;0.113671;0.968195;10.024654;0
0.278906;0.105552;0.967403;10.024654;0
0.279738;0.102569;0.967403;10.024654;0
0.280309;0.111361;0.967403;10.024654;0
0.280348;0.124144;0.965591;10.024654;0
0.280082;0.130905;0.965591;10.024654;0
0.279536;0.125524;0.965591;10.024654;0
0.278855;0.122091;0.962762;10.024654;0
0.277749;0.130111;0.962762;10.024654;0
0.276776;0.138155;0.962762;10.024654;0
0.275682;0.134823;0.958939;10.024654;0
0.274580;0.130952;0.958939;10.024654;0
0.273507;0.135359;0.958939;10.024654;0
0.272487;0.147727;0.954158;10.024654;0
0.271219;0.149029;0.954158;10.024654;0
0.270292;0.141732;0.922162;10.024654;0
0.269447;0.136306;0.922162;10.024654;0
0.268706;0.135348;0.913438;10.024654;0
0.267915;0.139873;0.913438;10.024654;0
0.267457;0.133314;0.913438;10.024654;0
0.267157;0.129200;0.913438;10.024654;0
0.267023;0.134212;0.913438;10.024654;0
0.267037;0.147692;0.913438;10.024654;0
0.267201;0.150770;0.913438;10.024654;0
0.267541;0.141276;0.934717;10.024654;0
0.268129;0.136181;0.926836;10.024654;0
0.268973;0.138095;0.926836;10.024654;0
0.270071;0.133462;0.918442;10.024654;0
0.272087;0.117938;0.918442;10.024654;0
0.274030;0.114834;0.909667;10.024654;0
0.276370;0.121130;0.909667;10.024654;0
0.279018;0.136225;0.909667;10.024654;0
0.282021;0.149337;0.900652;10.024654;0
0.286662;0.139490;0.900652;10.024654;0
0.290925;0.132097;0.891546;10.024654;0
0.295890;0.134467;0.891546;10.024654;0
0.301715;0.142320;0.891546;10.024654;0
0.308385;0.140580;0.882497;10.024654;0
0.319312;0.129497;0.882497;10.024654;0
0.329239;0.128357;0.873651;10.024654;0
0.340762;0.135257;0.865144;10.024654;0
0.355025;0.151572;0.865144;10.024654;0
0.371464;0.164835;0.857099;10.024654;0
0.392339;0.160237;0.857099;10.024654;0
0.430758;0.148712;0.857099;10.024654;0
-0.727116;-0.047591;0.849613;10.024654;0
-0.755175;-0.060977;0.849613;10.024654;0
-0.785364;-0.067835;0.842758;10.024654;0
-0.816741;-0.069483;0.842758;10.024654;0
-0.860534;-0.071654;0.842758;10.024654;0
-0.895151;-0.061148;0.836575;10.024654;0
-0.929600;-0.037223;0.836575;10.024654;0
-0.962723;-0.009623;0.836575;10.024654;0
-0.995337;0.008761;0.831076;10.024654;0
-1.000000;0.031152;0.831076;10.024654;0
-1.000000;0.049651;0.831076;10.024654;0
-1.000000;0.068557;0.826248;10.024654;0
-1.000000;0.080068;0.826248;10.024654;0
-1.000000;0.084891;0.826248;10.024654;0
-1.000000;0.090059;0.822053;10.024654;0
-1.000000;0.097981;0.822053;10.024654;0
-1.000000;0.110819;0.822053;10.024654;0
-1.000000;0.123493;0.818430;10.024654;0
-1.000000;0.126227;0.818430;10.024654;0
-1.000000;0.125694;0.818430;10.024654;0
-1.000000;0.128724;0.818430;10.024654;0
-1.000000;0.135696;0.818430;10.024654;0
-1.000000;0.143251;0.815302;10.024654;0
-1.000000;0.142396;0.815302;10.024654;0
-1.000000;0.138588;0.815302;10.024654;0
-1.000000;0.138602;0.815302;10.024654;0
-1.000000;0.132234;0.812579;10.024654;0
-1.000000;0.123884;0.812579;10.024654;0
-1.000000;0.118339;0.812579;10.024654;0
-1.000000;0.117694;0.812579;10.024654;0
-1.000000;0.118142;0.810160;10.024654;0
-1.000000;0.125894;0.810160;10.024654;0
-0.980506;0.142791;0.810160;10.024654;0
-0.944198;0.170373;0.807938;10.024654;0
-0.914038;0.186028;0.807938;10.024654;0
-0.882155;0.195945;0.807938;10.024654;0
-0.849382;0.205125;0.807938;10.024654;0
-0.805665;0.212127;0.805802;10.024654;0
-0.772538;0.205302;0.805802;10.024654;0
-0.738253;0.196324;0.805802;10.024654;0
-0.704302;0.191298;0.803644;10.024654;0
-0.671352;0.192746;0.803644;10.024654;0
-0.628332;0.189558;0.803644;10.024654;0
-0.595901;0.176124;0.803644;10.024654;0
-0.565052;0.163540;0.801357;10.024654;0
-0.535300;0.158125;0.801357;10.024654;0
-0.506616;0.162397;0.801357;10.024654;0
-0.470674;0.169694;0.798843;10.024654;0
-0.444295;0.164869;0.798843;10.024654;0
-0.419158;0.158426;0.798843;10.024654;0
-0.395303;0.153415;0.796008;10.024654;0
-0.364939;0.153230;0.796008;10.024654;0
-0.343581;0.151524;0.796008;10.024654;0
-0.323781;0.140640;0.796008;10.024654;0
-0.305250;0.128339;0.792772;10.024654;0
-0.287950;0.120963;0.792772;10.024654;0
-0.271487;0.120348;0.792772;10.024654;0
-0.251611;0.127003;0.789062;10.024654;0
-0.237582;0.123170;0.789062;10.024654;0
-0.224473;0.114530;0.789062;10.024654;0
-0.212010;0.109892;0.784823;10.024654;0
-0.196952;0.114064;0.784823;10.024654;0
-0.186056;0.116556;0.784823;10.024654;0
-0.175955;0.109046;0.780008;10.024654;0
-0.166274;0.102688;0.780008;10.024654;0
-0.157274;0.103060;0.780008;10.024654;0
-0.145854;0.106639;0.774588;10.024654;0
-0.137668;0.096667;0.774588;10.024654;0
-0.130181;0.086847;0.768549;10.024654;0
-0.122918;0.084316;0.768549;10.024654;0
-0.115938;0.093349;0.761891;10.024654;0
-0.107075;0.107374;0.761891;10.024654;0
-0.100695;0.104470;0.761891;10.024654;0
-0.094654;0.098860;0.754634;10.024654;0
-0.088982;0.098201;0.754634;10.024654;0
-0.083745;0.104951;0.754634;10.024654;0
-0.077612;0.120194;0.746813;10.024654;0
-0.073848;0.120595;0.746813;10.024654;0
-0.071069;0.113111;0.746813;10.024654;0
-0.069687;0.106269;0.738487;10.024654;0
-0.171384;0.081254;0.738487;10.024654;0
-0.168004;0.078989;0.738487;10.024654;0
-0.165438;0.065962;0.729730;10.024654;0
-0.163676;0.053315;0.729730;10.024654;0
-0.162734;0.055170;0.720634;10.024654;0
-0.162931;0.072080;0.720634;10.024654;0
-0.163645;0.098171;0.720634;10.024654;0
-0.164536;0.114675;0.711300;10.024654;0
-0.165659;0.122689;0.711300;10.024654;0
-0.167258;0.133249;0.711300;10.024654;0
-0.168336;0.146097;0.701835;10.024654;0
-0.169129;0.163090;0.701835;10.024654;0
-0.169350;0.173676;0.692359;10.024654;0
-0.168863;0.167501;0.692359;10.024654;0
-0.167118;0.155321;0.692359;10.024654;0
-0.164772;0.155155;0.682996;10.024654;0
-0.161594;0.162206;0.682996;10.024654;0
-0.157463;0.165726;0.673883;10.024654;0
-0.152600;0.155346;0.673883;10.024654;0
-0.146890;0.146061;0.665158;10.024654;0
-0.138029;0.146852;0.665158;10.024654;0
-0.130555;0.148506;0.656970;10.024654;0
-0.122625;0.139432;0.656970;10.024654;0
-0.114102;0.133336;0.649469;10.024654;0
-0.105374;0.134477;0.649469;10.024654;0
-0.093207;0.151714;0.642807;10.024654;0
-0.083957;0.162038;0.642807;10.024654;0
-0.074394;0.154846;0.637133;10.024654;0
-0.064651;0.143358;0.637133;10.024654;0
-0.053438;0.138464;0.632590;10.024654;0
-0.042656;0.137001;0.632590;10.024654;0
-0.033553;0.125187;0.629307;10.024654;0
-0.024520;0.114319;0.627399;10.024654;0
-0.015734;0.111745;0.627399;10.024654;0
-0.007032;0.121370;0.626958;10.024654;0
0.004215;0.144796;0.628045;10.024654;0
0.012420;0.149823;0.628045;10.024654;0
0.020251;0.144488;0.630691;10.024654;0
0.027982;0.136700;0.630691;10.024654;0
0.037480;0.132019;0.634891;10.024654;0
0.044977;0.129410;0.640598;10.024654;0
0.052027;0.111427;0.640598;10.024654;0
0.059215;0.091592;0.647728;10.024654;0
0.066330;0.080972;0.656157;10.024654;0
0.076205;0.085965;0.656157;10.024654;0
0.083856;0.096652;0.665720;10.024654;0
0.091819;0.097259;0.676221;10.024654;0
0.100509;0.091365;0.676221;10.024654;0
0.110166;0.088139;0.687426;10.024654;0
0.124499;0.094407;0.687426;10.024654;0
-0.860074;0.035194;0.699076;10.024654;0
-0.875550;0.013163;0.699076;10.024654;0
-0.892104;-0.008899;0.710886;10.024654;0
-0.910174;-0.019449;0.710886;10.024654;0
-0.936433;-0.011481;0.722568;10.024654;0
-0.956958;0.001936;0.722568;10.024654;0
-0.977740;0.014395;0.733852;10.024654;0
-0.998747;0.033403;0.733852;10.024654;0
-1.000000;0.056500;0.744488;10.024654;0
-1.000000;0.089849;0.744488;10.024654;0
-1.000000;0.107858;0.744488;10.024654;0
-1.000000;0.112319;0.754251;10.024654;0
-1.000000;0.111794;0.754251;10.024654;0
-1.000000;0.115207;0.754251;10.024654;0
-1.000000;0.123618;0.762938;10.024654;0
-1.000000;0.127520;0.762938;10.024654;0
-1.000000;0.128625;0.770373;10.024654;0
-1.000000;0.132781;0.770373;10.024654;0
-1.000000;0.140825;0.770373;10.024654;0
-1.000000;0.153819;0.770373;10.024654;0
-1.000000;0.155235;0.770373;10.024654;0
-1.000000;0.150519;0.776406;10.024654;0
-1.000000;0.146883;0.776406;10.024654;0
-1.000000;0.148781;0.776406;10.024654;0
-1.000000;0.159186;0.780913;10.024654;0
-1.000000;0.160038;0.780913;10.024654;0
-1.000000;0.156109;0.780913;10.024654;0
-0.983978;0.155414;0.783795;10.024654;0
-0.958651;0.161040;0.783795;10.024654;0
-0.922194;0.180085;0.783795;10.024654;0
-0.893086;0.192194;0.783795;10.024654;0
-0.863103;0.192381;0.784978;10.024654;0
-0.832884;0.190302;0.784978;10.024654;0
-0.801066;0.190386;0.784978;10.024654;0
-0.760392;0.192664;0.784413;10.024654;0
-0.728464;0.186139;0.784413;10.024654;0
-0.696160;0.173022;0.784413;10.024654;0
-0.664436;0.161623;0.782077;10.024654;0
-0.624313;0.156574;0.782077;10.024654;0
-0.594768;0.160828;0.782077;10.024654;0
