-0.288953;0.099709;0.627847;10.024654;0
-0.280863;0.096595;0.633690;10.024654;0
-0.269280;0.082875;0.633690;10.024654;0
-0.259532;0.064105;0.639025;10.024654;0
-0.249552;0.050511;0.639025;10.024654;0
-0.239576;0.050650;0.643847;10.024654;0
-0.229070;0.061816;0.643847;10.024654;0
-0.218262;0.067268;0.643847;10.024654;0
-0.203551;0.073923;0.648174;10.024654;0
-0.192270;0.085556;0.648174;10.024654;0
-0.181151;0.100757;0.652043;10.024654;0
-0.169814;0.111832;0.652043;10.024654;0
-0.158540;0.106225;0.655516;10.024654;0
-0.143810;0.097554;0.655516;10.024654;0
-0.133260;0.097319;0.658678;10.024654;0
-0.122990;0.103055;0.658678;10.024654;0
-0.113003;0.113531;0.661636;10.024654;0
-0.103108;0.121876;0.661636;10.024654;0
-0.093524;0.113655;0.664519;10.024654;0
-0.081504;0.098308;0.664519;10.024654;0
-0.073131;0.093619;0.664519;10.024654;0
-0.064816;0.092098;0.667474;10.024654;0
-0.056813;0.083550;0.667474;10.024654;0
-0.047044;0.066649;0.670663;10.024654;0
-0.040125;0.059778;0.670663;10.024654;0
-0.033470;0.060882;0.674261;10.024654;0
-0.027161;0.072692;0.674261;10.024654;0
-0.021133;0.087737;0.678445;10.024654;0
-0.015470;0.088396;0.678445;10.024654;0
-0.008412;0.082944;0.683392;10.024654;0
-0.003367;0.083089;0.683392;10.024654;0
0.001528;0.091144;0.689269;10.024654;0
0.006150;0.102732;0.689269;10.024654;0
0.010756;0.104633;0.696223;10.024654;0
0.016568;0.093337;0.696223;10.024654;0
0.020692;0.087227;0.704372;10.024654;0
0.024634;0.088450;0.704372;10.024654;0
0.028446;0.087238;0.713801;10.024654;0
0.033277;0.077853;0.713801;10.024654;0
0.036761;0.073619;0.724547;10.024654;0
0.040197;0.074571;0.724547;10.024654;0
0.043624;0.081099;0.736599;10.024654;0
0.047162;0.082420;0.736599;10.024654;0
0.051876;0.075267;0.736599;10.024654;0
0.056674;0.071469;0.749890;10.024654;0
0.061852;0.075645;0.749890;10.024654;0
0.068768;0.085585;0.764294;10.024654;0
-1.000000;0.080197;0.764294;10.024654;0
-1.000000;0.084937;0.779629;10.024654;0
-1.000000;0.091837;0.779629;10.024654;0
-1.000000;0.103726;0.779629;10.024654;0
-1.000000;0.114223;0.795675;10.024654;0
-1.000000;0.114053;0.795675;10.024654;0
-1.000000;0.112434;0.812197;10.024654;0
-1.000000;0.116988;0.812197;10.024654;0
-1.000000;0.121143;0.812197;10.024654;0
-1.000000;0.118481;0.828962;10.024654;0
-1.000000;0.116346;0.828962;10.024654;0
-1.000000;0.118798;0.828962;10.024654;0
-1.000000;0.127994;0.845741;10.024654;0
-1.000000;0.131155;0.845741;10.024654;0
-1.000000;0.129475;0.845741;10.024654;0
-1.000000;0.128876;0.862316;10.024654;0
-0.998160;0.133553;0.862316;10.024654;0
-0.981414;0.141489;0.862316;10.024654;0
-0.963184;0.149361;0.862316;10.024654;0
-0.943750;0.149924;0.878487;10.024654;0
-0.915020;0.144000;0.878487;10.024654;0
-0.892882;0.142487;0.878487;10.024654;0
-0.870066;0.146039;0.894071;10.024654;0
-0.846118;0.152124;0.894071;10.024654;0
-0.821405;0.151004;0.894071;10.024654;0
-0.788731;0.147875;0.894071;10.024654;0
-0.763335;0.151331;0.908905;10.024654;0
-0.737701;0.156733;0.908905;10.024654;0
-0.712234;0.153231;0.908905;10.024654;0
-0.687293;0.148293;0.922852;10.024654;0
-0.661678;0.146135;0.922852;10.024654;0
-0.627970;0.151301;0.922852;10.024654;0
-0.603369;0.154645;0.922852;10.024654;0
-0.578581;0.147834;0.935794;10.024654;0
-0.555168;0.139781;0.935794;10.024654;0
-0.531512;0.135490;0.935794;10.024654;0
-0.500901;0.136320;0.947638;10.024654;0
-0.479379;0.142773;0.947638;10.024654;0
-0.457522;0.147834;0.947638;10.024654;0
-0.436538;0.140331;0.947638;10.024654;0
-0.415855;0.130983;0.958313;10.024654;0
-0.389696;0.126800;0.958313;10.024654;0
-0.370529;0.121238;0.958313;10.024654;0
-0.352748;0.091254;0.958313;10.024654;0
-0.335654;0.055662;0.967770;10.024654;0
-0.319185;0.035609;0.967770;10.024654;0
-0.298853;0.038343;0.967770;10.024654;0
-0.283890;0.048108;0.975981;10.024654;0
-0.270035;0.064093;0.975981;10.024654;0
-0.256180;0.089342;0.975981;10.024654;0
-0.242732;0.118984;0.975981;10.024654;0
-0.225427;0.148482;0.982938;10.024654;0
-0.212529;0.152074;0.982938;10.024654;0
-0.199901;0.150379;0.982938;10.024654;0
-0.187530;0.148892;0.982938;10.024654;0
-0.175608;0.149053;0.988652;10.024654;0
-0.160358;0.144160;0.988652;10.024654;0
-0.148545;0.125731;0.988652;10.024654;0
-0.137278;0.107678;0.993149;10.024654;0
-0.126534;0.097025;0.993149;10.024654;0
-0.115885;0.091942;0.993149;10.024654;0
-0.105475;0.083076;0.993149;10.024654;0
-0.092816;0.069551;0.996471;10.024654;0
-0.083350;0.067452;0.996471;10.024654;0
-0.074359;0.072850;0.996471;10.024654;0
-0.065478;0.083863;0.998675;10.024654;0
-0.053926;0.093034;0.998675;10.024654;0
-0.045497;0.085970;0.998675;10.024654;0
-0.037673;0.079772;0.998675;10.024654;0
-0.029891;0.079413;0.998675;10.024654;0
-0.022417;0.080120;0.998675;10.024654;0
-0.012921;0.067821;0.998675;10.024654;0
-0.006297;0.063161;0.999826;10.024654;0
0.000118;0.065908;0.999826;10.024654;0
0.006140;0.063672;0.999826;10.024654;0
0.011863;0.055333;0.999826;10.024654;0
0.017358;0.048759;1.000000;10.024654;0
0.024082;0.049704;1.000000;10.024654;0
0.028728;0.058169;1.000000;10.024654;0
0.033167;0.065364;0.999278;10.024654;0
0.037286;0.057757;0.999278;10.024654;0
0.042346;0.046240;0.999278;10.024654;0
0.045931;0.045594;0.999278;10.024654;0
0.049240;0.050053;0.997747;10.024654;0
0.052443;0.050496;0.997747;10.024654;0
0.055558;0.048184;0.997747;10.024654;0
0.058584;0.049872;0.992609;10.024654;0
0.062675;0.060888;0.992609;10.024654;0
0.066060;0.068533;0.992609;10.024654;0
0.069929;0.063462;0.992609;10.024654;0
-0.027132;0.074123;0.989178;10.024654;0
-0.028974;0.069964;0.989178;10.024654;0
-0.030982;0.071302;0.989178;10.024654;0
-0.033670;0.072948;0.989178;10.024654;0
-0.035586;0.067426;0.985271;10.024654;0
-0.037509;0.066480;0.985271;10.024654;0
-0.039353;0.074591;0.985271;10.024654;0
-0.041559;0.096615;0.980931;10.024654;0
-0.043286;0.113107;0.980931;10.024654;0
-0.044663;0.114996;0.980931;10.024654;0
-0.045862;0.116056;0.980931;10.024654;0
-0.046880;0.122321;0.976177;10.024654;0
-0.047787;0.134066;0.976177;10.024654;0
-0.048668;0.138742;0.976177;10.024654;0
-0.049081;0.130966;0.971009;10.024654;0
-0.049370;0.126014;0.971009;10.024654;0
-0.049570;0.128797;0.971009;10.024654;0
-0.049693;0.142994;0.965413;10.024654;0
-0.049598;0.151091;0.965413;10.024654;0
-0.049377;0.145787;0.965413;10.024654;0
-0.049107;0.140556;0.965413;10.024654;0
-0.048858;0.141746;0.959372;10.024654;0
-0.048645;0.148846;0.959372;10.024654;0
-0.048280;0.146216;0.959372;10.024654;0
-0.047950;0.136329;0.952867;10.024654;0
-0.047691;0.132581;0.952867;10.024654;0
-0.047509;0.137132;0.952867;10.024654;0
-0.047376;0.145648;0.945888;10.024654;0
-0.047171;0.141989;0.945888;10.024654;0
-0.047094;0.142840;0.945888;10.024654;0
-0.047122;0.150615;0.938431;10.024654;0
-0.047252;0.165418;0.938431;10.024654;0
-0.047384;0.177662;0.938431;10.024654;0
-0.047486;0.166250;0.930512;10.024654;0
-0.047606;0.151202;0.930512;10.024654;0
-0.047808;0.141224;0.930512;10.024654;0
-0.048105;0.140698;0.922162;10.024654;0
-0.048434;0.142709;0.922162;10.024654;0
-0.048726;0.132845;0.922162;10.024654;0
-0.049182;0.127117;0.913438;10.024654;0
-0.049625;0.134329;0.913438;10.024654;0
-0.050149;0.148402;0.954158;10.024654;0
-0.050684;0.161445;0.954158;10.024654;0
-0.051154;0.156741;0.954158;10.024654;0
-0.051823;0.143398;0.948476;10.024654;0
-0.052413;0.140602;0.948476;10.024654;0
-0.053075;0.147703;0.948476;10.024654;0
-0.053770;0.155237;0.948476;10.024654;0
-0.054389;0.146622;0.885928;10.024654;0
-0.055325;0.134242;0.885928;10.024654;0
-0.056121;0.130584;0.876744;10.024654;0
-0.057003;0.134264;0.876744;10.024654;0
-0.057950;0.139790;0.876744;10.024654;0
-0.059236;0.123214;0.867827;10.024654;0
-0.060326;0.109928;0.867827;10.024654;0
-0.061539;0.105042;0.859369;10.024654;0
-0.062868;0.111518;0.859369;10.024654;0
-0.064779;0.116916;0.851575;10.024654;0
-0.066326;0.113360;0.851575;10.024654;0
-0.068080;0.112707;0.844652;10.024654;0
-0.070036;0.116259;0.844652;10.024654;0
-0.072090;0.117025;0.838798;10.024654;0
-0.075159;0.094642;0.838798;10.024654;0
-0.077939;0.077704;0.834197;10.024654;0
-0.081112;0.073684;0.834197;10.024654;0
-0.084849;0.078295;0.830997;10.024654;0
-0.089270;0.072795;0.830997;10.024654;0
-0.094738;0.068194;0.829305;10.024654;0
-0.104333;0.074901;0.829305;10.024654;0
0.546507;0.047573;0.829168;10.024654;0
0.559229;0.048297;0.829168;10.024654;0
0.572379;0.034989;0.830567;10.024654;0
0.585846;0.024782;0.830567;10.024654;0
0.604920;0.026294;0.833414;10.024654;0
0.619647;0.041314;0.833414;10.024654;0
0.634007;0.061110;0.837576;10.024654;0
0.647921;0.068483;0.837576;10.024654;0
0.665238;0.074089;0.842878;10.024654;0
0.677688;0.082278;0.842878;10.024654;0
0.688993;0.094534;0.849114;10.024654;0
0.699502;0.105179;0.849114;10.024654;0
0.708369;0.103243;0.856056;10.024654;0
0.718075;0.101165;0.856056;10.024654;0
0.723555;0.105645;0.856056;10.024654;0
0.727448;0.116401;0.863464;10.024654;0
0.729476;0.129884;0.871093;10.024654;0
0.729453;0.130682;0.871093;10.024654;0
0.726625;0.128409;0.878701;10.024654;0
0.722475;0.132458;0.878701;10.024654;0
0.716731;0.143731;0.878701;10.024654;0
0.709064;0.153372;0.886055;10.024654;0
0.699749;0.148104;0.886055;10.024654;0
0.685301;0.140671;0.886055;10.024654;0
0.672971;0.143431;0.892937;10.024654;0
0.659975;0.151855;0.892937;10.024654;0
0.645636;0.159480;0.899145;10.024654;0
0.629992;0.155606;0.899145;10.024654;0
0.613671;0.152034;0.899145;10.024654;0
0.591031;0.157204;0.904501;10.024654;0
0.573741;0.167033;0.904501;10.024654;0
0.556254;0.165477;0.908849;10.024654;0
0.538592;0.160123;0.908849;10.024654;0
0.514120;0.159617;0.908849;10.024654;0
0.496395;0.166356;0.912057;10.024654;0
0.478346;0.178425;0.912057;10.024654;0
0.459957;0.189863;0.912057;10.024654;0
0.441966;0.188035;0.914019;10.024654;0
0.423985;0.184428;0.914019;10.024654;0
0.400923;0.184073;0.914657;10.024654;0
0.383913;0.175989;0.914657;10.024654;0
0.367569;0.164111;0.914657;10.024654;0
0.351899;0.156974;0.913918;10.024654;0
0.332985;0.160551;0.913918;10.024654;0
0.318126;0.171946;0.911777;10.024654;0
0.304518;0.177913;0.911777;10.024654;0
0.291308;0.165954;0.911777;10.024654;0
0.279310;0.152135;0.908235;10.024654;0
0.264444;0.142987;0.908235;10.024654;0
0.253959;0.144310;0.908235;10.024654;0
0.243925;0.141754;0.903322;10.024654;0
0.234868;0.103439;0.903322;10.024654;0
0.224698;0.042999;0.903322;10.024654;0
0.217853;0.015353;0.897094;10.024654;0
0.212323;-0.003194;0.897094;10.024654;0
0.207318;-0.007740;0.889636;10.024654;0
0.202816;0.009518;0.889636;10.024654;0
0.197497;0.059176;0.881061;10.024654;0
0.193761;0.108319;0.881061;10.024654;0
0.190726;0.138184;0.881061;10.024654;0
0.188453;0.147964;0.871511;10.024654;0
0.187094;0.148417;0.871511;10.024654;0
0.187327;0.144736;0.861155;10.024654;0
0.189885;0.140839;0.861155;10.024654;0
0.195553;0.126569;0.861155;10.024654;0
0.482127;0.141957;0.850192;10.024654;0
0.476583;0.106175;0.850192;10.024654;0
0.470395;0.067570;0.838841;10.024654;0
0.466627;0.054939;0.838841;10.024654;0
0.463644;0.050772;0.827310;10.024654;0
0.461437;0.043662;0.827310;10.024654;0
0.459867;0.045115;0.827310;10.024654;0
0.458350;0.065268;0.815799;10.024654;0
0.457376;0.088535;0.815799;10.024654;0
0.456376;0.102815;0.804494;10.024654;0
0.455184;0.108472;0.804494;10.024654;0
0.453713;0.111929;0.804494;10.024654;0
0.451159;0.122744;0.793568;10.024654;0
0.448503;0.129844;0.793568;10.024654;0
0.445040;0.122784;0.783182;10.024654;0
0.440835;0.113853;0.783182;10.024654;0
0.435905;0.110876;0.773478;10.024654;0
0.427885;0.120319;0.773478;10.024654;0
0.420751;0.126602;0.773478;10.024654;0
0.412865;0.123056;0.764587;10.024654;0
0.403839;0.122974;0.764587;10.024654;0
0.391706;0.133235;0.756619;10.024654;0
0.379888;0.148532;0.756619;10.024654;0
0.367978;0.152886;0.749669;10.024654;0
0.355854;0.149871;0.749669;10.024654;0
0.342964;0.147696;0.749669;10.024654;0
0.325192;0.152839;0.743810;10.024654;0
0.311255;0.156060;0.743810;10.024654;0
0.296863;0.146321;0.739098;10.024654;0
0.282674;0.139634;0.739098;10.024654;0
0.268417;0.142173;0.735564;10.024654;0
0.249217;0.160546;0.735564;10.024654;0
0.234880;0.170069;0.733223;10.024654;0
0.220726;0.162637;0.733223;10.024654;0
0.206860;0.152856;0.732066;10.024654;0
0.189183;0.148999;0.732066;10.024654;0
0.175967;0.149523;0.732062;10.024654;0
0.163462;0.138677;0.732062;10.024654;0
0.151439;0.123728;0.733161;10.024654;0
0.135858;0.117754;0.733161;10.024654;0
0.124014;0.124687;0.735294;10.024654;0
0.112931;0.132565;0.735294;10.024654;0
0.102292;0.129404;0.738372;10.024654;0
0.092004;0.126133;0.738372;10.024654;0
0.081965;0.128533;0.742290;10.024654;0
0.069077;0.131552;0.742290;10.024654;0
0.059728;0.119102;0.746928;10.024654;0
0.050464;0.108187;0.746928;10.024654;0
0.041656;0.106960;0.752149;10.024654;0
0.029566;0.121431;0.752149;10.024654;0
0.020586;0.128245;0.757806;10.024654;0
0.011846;0.116671;0.757806;10.024654;0
0.002992;0.104696;0.763741;10.024654;0
-0.006209;0.099048;0.763741;10.024654;0
-0.016183;0.098835;0.769787;10.024654;0
-0.030884;0.097876;0.769787;10.024654;0
0.621123;0.092880;0.775768;10.024654;0
0.624859;0.080270;0.775768;10.024654;0
0.629154;0.073376;0.781513;10.024654;0
0.635597;0.074138;0.781513;10.024654;0
0.640877;0.069847;0.786872;10.024654;0
0.646239;0.070606;0.786872;10.024654;0
0.651646;0.080332;0.791724;10.024654;0
0.656675;0.100420;0.791724;10.024654;0
0.662357;0.120847;0.791724;10.024654;0
0.665635;0.124408;0.795970;10.024654;0
0.668122;0.126087;0.795970;10.024654;0
0.669686;0.130887;0.799541;10.024654;0
0.670094;0.138702;0.799541;10.024654;0
0.668469;0.131890;0.802392;10.024654;0
0.665781;0.126799;0.802392;10.024654;0
0.661796;0.128358;0.802392;10.024654;0
0.656630;0.135751;0.804500;10.024654;0
0.649938;0.145253;0.804500;10.024654;0
0.641713;0.141501;0.805870;10.024654;0
0.629023;0.136137;0.805870;10.024654;0
0.618131;0.142116;0.806527;10.024654;0
0.606323;0.157411;0.806527;10.024654;0
0.592831;0.175240;0.806527;10.024654;0
0.573147;0.174880;0.806521;10.024654;0
0.557507;0.170534;0.806521;10.024654;0
0.540943;0.170610;0.805923;10.024654;0
0.524081;0.174367;0.805923;10.024654;0
0.506374;0.176784;0.804825;10.024654;0
0.482602;0.159019;0.804825;10.024654;0
0.464930;0.145562;0.804825;10.024654;0
0.447081;0.138185;0.803337;10.024654;0
0.430307;0.140354;0.803337;10.024654;0
0.407567;0.145048;0.801586;10.024654;0
0.390421;0.137585;0.801586;10.024654;0
0.374006;0.132909;0.799716;10.024654;0
0.358252;0.138308;0.799716;10.024654;0
0.342582;0.142172;0.799716;10.024654;0
0.322386;0.135631;0.797877;10.024654;0
0.307910;0.134477;0.797877;10.024654;0
0.293681;0.137850;0.796230;10.024654;0
0.279857;0.127273;0.796230;10.024654;0
0.267426;0.116648;0.794933;10.024654;0
0.251555;0.115130;0.794933;10.024654;0
0.240282;0.125354;0.794143;10.024654;0
0.229079;0.133967;0.794143;10.024654;0
0.218708;0.125108;0.794004;10.024654;0
0.208965;0.113374;0.794004;10.024654;0
0.196938;0.108812;0.794004;10.024654;0
0.188432;0.113996;0.794643;10.024654;0
0.180520;0.115822;0.794643;10.024654;0
0.173157;0.103677;0.796159;10.024654;0
0.166562;0.092858;0.796159;10.024654;0
0.158514;0.091227;0.798622;10.024654;0
0.153355;0.099678;0.798622;10.024654;0
0.148921;0.105006;0.802059;10.024654;0
0.145425;0.092138;0.802059;10.024654;0
0.142943;0.073591;0.806454;10.024654;0
0.143094;0.067219;0.806454;10.024654;0
0.767974;0.118155;0.811739;10.024654;0
0.766188;0.110502;0.811739;10.024654;0
0.764580;0.088604;0.817799;10.024654;0
0.763546;0.068791;0.817799;10.024654;0
0.763473;0.068084;0.817799;10.024654;0
0.763771;0.072559;0.824478;10.024654;0
0.764263;0.069116;0.824478;10.024654;0
0.764970;0.067149;0.831589;10.024654;0
0.766013;0.073626;0.831589;10.024654;0
0.766658;0.088259;0.838927;10.024654;0
0.766962;0.103833;0.838927;10.024654;0
0.766639;0.105550;0.838927;10.024654;0
0.765343;0.102798;0.846276;10.024654;0
0.763647;0.107765;0.846276;10.024654;0
0.761165;0.113963;0.846276;10.024654;0
0.757752;0.110540;0.853418;10.024654;0
0.753590;0.107788;0.853418;10.024654;0
0.746660;0.112760;0.860138;10.024654;0
0.740307;0.124913;0.860138;10.024654;0
0.732822;0.135685;0.860138;10.024654;0
0.723929;0.132127;0.866230;10.024654;0
0.714228;0.123609;0.866230;10.024654;0
0.699988;0.117161;0.866230;10.024654;0
0.688196;0.119756;0.871505;10.024654;0
0.675489;0.115377;0.871505;10.024654;0
0.662099;0.103278;0.871505;10.024654;0
0.648433;0.094852;0.875787;10.024654;0
0.629792;0.097482;0.875787;10.024654;0
0.614795;0.105588;0.875787;10.024654;0
0.599525;0.104435;0.878921;10.024654;0
0.583594;0.100578;0.878921;10.024654;0
0.567019;0.101989;0.878921;10.024654;0
0.544595;0.115423;0.880776;10.024654;0
0.527378;0.124295;0.880776;10.024654;0
0.509892;0.121754;0.880776;10.024654;0
0.492266;0.120307;0.881241;10.024654;0
0.474164;0.123510;0.881241;10.024654;0
0.450095;0.132311;0.881241;10.024654;0
0.431669;0.130478;0.881241;10.024654;0
0.413539;0.098111;0.880229;10.024654;0
0.396132;0.059026;0.880229;10.024654;0
0.379583;0.033842;0.880229;10.024654;0
0.358117;0.034293;0.877676;10.024654;0
0.342131;0.049544;0.877676;10.024654;0
0.326469;0.062823;0.877676;10.024654;0
0.311566;0.081155;0.873544;10.024654;0
0.295960;0.106768;0.873544;10.024654;0
0.275526;0.143184;0.873544;10.024654;0
0.259992;0.168535;0.867819;10.024654;0
0.244712;0.183707;0.867819;10.024654;0
0.229302;0.178101;0.867819;10.024654;0
0.214184;0.163866;0.867819;10.024654;0
0.194797;0.145702;0.860512;10.024654;0
0.180498;0.131606;0.860512;10.024654;0
0.167424;0.113221;0.860512;10.024654;0
0.154077;0.099882;0.851658;10.024654;0
0.137780;0.096999;0.851658;10.024654;0
0.125276;0.106220;0.851658;10.024654;0
0.113391;0.114233;0.841318;10.024654;0
0.102025;0.109046;0.841318;10.024654;0
0.090946;0.101344;0.841318;10.024654;0
0.077043;0.098578;0.829579;10.024654;0
0.066847;0.098115;0.829579;10.024654;0
0.057711;0.087454;0.829579;10.024654;0
0.048892;0.076445;0.816553;10.024654;0
0.040516;0.071049;0.816553;10.024654;0
0.032554;0.072164;0.816553;10.024654;0
0.022542;0.081469;0.802380;10.024654;0
0.015481;0.085257;0.802380;10.024654;0
0.008954;0.074753;0.802380;10.024654;0
0.002981;0.062461;0.787226;10.024654;0
-0.002698;0.058527;0.787226;10.024654;0
-0.009488;0.061896;0.787226;10.024654;0
-0.014111;0.055690;0.771286;10.024654;0
-0.018470;0.050425;0.771286;10.024654;0
-0.022648;0.050285;0.771286;10.024654;0
0.367886;0.075814;0.754785;10.024654;0
0.372319;0.077463;0.754785;10.024654;0
0.377357;0.065854;0.737967;10.024654;0
0.382927;0.056182;0.737967;10.024654;0
0.390823;0.056885;0.737967;10.024654;0
0.396918;0.067401;0.721078;10.024654;0
0.402576;0.077130;0.721078;10.024654;0
0.407741;0.076702;0.721078;10.024654;0
0.412211;0.076357;0.704354;10.024654;0
0.416572;0.085640;0.704354;10.024654;0
0.418210;0.101025;0.688019;10.024654;0
0.418235;0.109669;0.688019;10.024654;0
0.416557;0.108254;0.688019;10.024654;0
0.413006;0.104008;0.672288;10.024654;0
0.405317;0.103614;0.672288;10.024654;0
0.397278;0.102354;0.672288;10.024654;0
0.387426;0.091466;0.657361;10.024654;0
0.375596;0.082158;0.657361;10.024654;0
0.362457;0.079620;0.643428;10.024654;0
0.342423;0.089063;0.643428;10.024654;0
0.325184;0.097760;0.630660;10.024654;0
0.306647;0.096253;0.630660;10.024654;0
0.286935;0.095018;0.630660;10.024654;0
0.258806;0.104302;0.619213;10.024654;0
0.236698;0.112347;0.619213;10.024654;0
0.213616;0.108901;0.609224;10.024654;0
0.190111;0.103430;0.609224;10.024654;0
0.166262;0.103881;0.600805;10.024654;0
0.142551;0.112118;0.600805;10.024654;0
0.110667;0.122088;0.594048;10.024654;0
0.086764;0.116178;0.594048;10.024654;0
0.063586;0.112868;0.589016;10.024654;0
0.040704;0.115118;0.589016;10.024654;0
0.018205;0.119809;0.585746;10.024654;0
-0.010988;0.114639;0.585746;10.024654;0
-0.031895;0.100559;0.584248;10.024654;0
-0.052497;0.090241;0.584248;10.024654;0
-0.072436;0.087062;0.584502;10.024654;0
-0.091377;0.090246;0.584502;10.024654;0
-0.115602;0.090755;0.586465;10.024654;0
-0.132418;0.078595;0.590066;10.024654;0
-0.149171;0.068858;0.590066;10.024654;0
-0.165039;0.065503;0.595216;10.024654;0
-0.180332;0.067877;0.595216;10.024654;0
-0.200134;0.073328;0.601803;10.024654;0
-0.214279;0.065827;0.601803;10.024654;0
-0.227541;0.058928;0.609704;10.024654;0
-0.240736;0.057738;0.609704;10.024654;0
-0.253704;0.065823;0.618781;10.024654;0
-0.271011;0.084666;0.628884;10.024654;0
-0.283976;0.087862;0.628884;10.024654;0
-0.297973;0.080441;0.639861;10.024654;0
-0.313480;0.071048;0.639861;10.024654;0
-0.338238;0.066670;0.651550;10.024654;0
-0.360960;0.067611;0.651550;10.024654;0
0.619989;0.035861;0.663787;10.024654;0
0.637338;0.030327;0.663787;10.024654;0
0.655093;0.029447;0.676411;10.024654;0
0.677908;0.043387;0.676411;10.024654;0
0.694397;0.062596;0.689273;10.024654;0
0.710685;0.077645;0.689273;10.024654;0
0.725832;0.085454;0.689273;10.024654;0
0.743726;0.096062;0.702250;10.024654;0
0.755353;0.107749;0.702250;10.024654;0
0.765071;0.123681;0.715236;10.024654;0
0.772454;0.137801;0.715236;10.024654;0
0.778523;0.139238;0.728140;10.024654;0
0.780356;0.139889;0.728140;10.024654;0
0.779726;0.145147;0.728140;10.024654;0
0.776626;0.151560;0.740891;10.024654;0
0.770962;0.148172;0.740891;10.024654;0
0.759700;0.144766;0.740891;10.024654;0
0.749205;0.150027;0.753432;10.024654;0
0.736488;0.160755;0.753432;10.024654;0
0.716463;0.165030;0.765717;10.024654;0
0.699115;0.168311;0.765717;10.024654;0
0.679902;0.175907;0.765717;10.024654;0
0.659582;0.183689;0.777713;10.024654;0
0.637980;0.179196;0.777713;10.024654;0
0.607955;0.171650;0.789400;10.024654;0
0.585425;0.173289;0.789400;10.024654;0
0.561721;0.182952;0.789400;10.024654;0
0.538110;0.194634;0.800763;10.024654;0
0.514704;0.194106;0.800763;10.024654;0
0.483524;0.189639;0.811799;10.024654;0
0.459954;0.190759;0.811799;10.024654;0
0.437246;0.198624;0.811799;10.024654;0
0.414590;0.211638;0.822510;10.024654;0
0.392369;0.217543;0.822510;10.024654;0
0.364192;0.209485;0.832901;10.024654;0
0.344480;0.203557;0.832901;10.024654;0
0.325262;0.203136;0.832901;10.024654;0
0.306557;0.196607;0.842986;10.024654;0
0.287991;0.178458;0.842986;10.024654;0
0.267836;0.164497;0.852775;10.024654;0
0.252469;0.167063;0.852775;10.024654;0
0.237941;0.172807;0.852775;10.024654;0
0.224506;0.164559;0.862283;10.024654;0
0.208011;0.153324;0.862283;10.024654;0
0.196131;0.151962;0.871522;10.024654;0
0.185054;0.157243;0.871522;10.024654;0
0.174695;0.163322;0.871522;10.024654;0
0.164730;0.155152;0.880501;10.024654;0
0.152391;0.142468;0.880501;10.024654;0
0.143704;0.140065;0.889225;10.024654;0
0.135201;0.143688;0.889225;10.024654;0
0.126872;0.148918;0.889225;10.024654;0
0.119123;0.136527;0.897693;10.024654;0
0.109221;0.116140;0.897693;10.024654;0
0.102494;0.111064;0.905898;10.024654;0
0.095590;0.115642;0.905898;10.024654;0
0.089024;0.121978;0.913821;10.024654;0
0.080833;0.108921;0.913821;10.024654;0
0.074936;0.097484;0.913821;10.024654;0
0.069145;0.091886;0.921436;10.024654;0
0.063738;0.095827;0.921436;10.024654;0
0.058549;0.105057;0.928704;10.024654;0
0.052001;0.102258;0.928704;10.024654;0
0.047501;0.091477;0.928704;10.024654;0
0.043347;0.085933;0.935575;10.024654;0
0.060978;0.099659;0.935575;10.024654;0
0.054881;0.100304;0.941990;10.024654;0
0.047604;0.073114;0.941990;10.024654;0
0.042420;0.055982;0.941990;10.024654;0
0.037650;0.051457;0.947877;10.024654;0
0.033192;0.060827;0.947877;10.024654;0
0.029201;0.066124;0.953162;10.024654;0
0.024373;0.062689;0.953162;10.024654;0
0.021176;0.065843;0.953162;10.024654;0
0.018284;0.070218;0.957767;10.024654;0
0.015828;0.052804;0.957767;10.024654;0
0.013162;0.020257;0.957767;10.024654;0
0.011495;0.002036;0.961618;10.024654;0
0.009977;0.006258;0.961618;10.024654;0
0.008576;0.032973;0.961618;10.024654;0
0.007034;0.073285;0.964643;10.024654;0
0.006015;0.094859;0.964643;10.024654;0
0.005086;0.115894;0.966781;10.024654;0
0.004268;0.138269;0.966781;10.024654;0
0.003260;0.167028;0.966781;10.024654;0
0.002652;0.171020;0.967978;10.024654;0
0.002204;0.162517;0.967978;10.024654;0
0.001845;0.151645;0.967978;10.024654;0
0.001590;0.146044;0.968195;10.024654;0
0.001498;0.133183;0.968195;10.024654;0
0.001600;0.119161;0.967403;10.024654;0
0.001800;0.112871;0.967403;10.024654;0
0.002096;0.118478;0.967403;10.024654;0
0.002543;0.128922;0.965591;10.024654;0
0.003407;0.119279;0.965591;10.024654;0
0.004214;0.111296;0.965591;10.024654;0
0.005112;0.112551;0.962762;10.024654;0
0.006141;0.121982;0.962762;10.024654;0
0.007354;0.124163;0.958939;10.024654;0
0.009147;0.112279;0.958939;10.024654;0
0.010567;0.106648;0.958939;10.024654;0
0.012137;0.108014;0.954158;10.024654;0
0.013746;0.115819;0.954158;10.024654;0
0.016227;0.122479;0.954158;10.024654;0
0.018268;0.114985;0.948476;10.024654;0
0.020386;0.109584;0.948476;10.024654;0
0.022570;0.111208;0.941966;10.024654;0
0.025533;0.121486;0.941966;10.024654;0
0.027946;0.117217;0.941966;10.024654;0
0.030502;0.105997;0.934717;10.024654;0
0.033072;0.098803;0.934717;10.024654;0
0.036463;0.104270;0.926836;10.024654;0
0.039233;0.118515;0.926836;10.024654;0
0.042062;0.126598;0.926836;10.024654;0
0.045009;0.118895;0.918442;10.024654;0
0.047999;0.111697;0.918442;10.024654;0
0.052198;0.110797;0.909667;10.024654;0
0.055512;0.117382;0.909667;10.024654;0
0.058921;0.109164;0.909667;10.024654;0
0.062361;0.095516;0.900652;10.024654;0
0.066151;0.085497;0.900652;10.024654;0
0.071335;0.090720;0.891546;10.024654;0
0.075524;0.097544;0.891546;10.024654;0
0.080077;0.087130;0.891546;10.024654;0
0.084887;0.077132;0.882497;10.024654;0
0.090046;0.077436;0.882497;10.024654;0
0.097376;0.090165;0.873651;10.024654;0
0.103720;0.094036;0.873651;10.024654;0
0.110927;0.083615;0.865144;10.024654;0
0.119242;0.072414;0.865144;10.024654;0
0.132617;0.068643;0.865144;10.024654;0
0.145192;0.073154;0.857099;10.024654;0
-0.564497;0.061781;0.857099;10.024654;0
-0.576644;0.044332;0.849613;10.024654;0
-0.594303;0.015452;0.849613;10.024654;0
-0.608323;0.003796;0.842758;10.024654;0
-0.623051;0.003384;0.842758;10.024654;0
-0.638196;0.009350;0.842758;10.024654;0
-0.653755;0.009026;0.836575;10.024654;0
-0.673904;0.015832;0.836575;10.024654;0
-0.689076;0.029442;0.831076;10.024654;0
-0.703721;0.049080;0.831076;10.024654;0
-0.717260;0.060672;0.831076;10.024654;0
-0.730034;0.062017;0.826248;10.024654;0
-0.745109;0.066226;0.826248;10.024654;0
-0.755229;0.074775;0.822053;10.024654;0
-0.764345;0.086145;0.822053;10.024654;0
-0.771615;0.088675;0.822053;10.024654;0
-0.777239;0.083220;0.818430;10.024654;0
-0.781276;0.080799;0.818430;10.024654;0
-0.784478;0.084342;0.818430;10.024654;0
-0.785142;0.093621;0.815302;10.024654;0
-0.784121;0.103430;0.815302;10.024654;0
-0.781365;0.105401;0.812579;10.024654;0
-0.775205;0.101451;0.812579;10.024654;0
-0.769148;0.102397;0.812579;10.024654;0
-0.761528;0.108178;0.810160;10.024654;0
-0.752649;0.113792;0.810160;10.024654;0
-0.742194;0.109172;0.810160;10.024654;0
-0.727004;0.102624;0.807938;10.024654;0
-0.713964;0.104903;0.807938;10.024654;0
-0.700425;0.113816;0.807938;10.024654;0
-0.685900;0.123258;0.805802;10.024654;0
-0.670385;0.124094;0.805802;10.024654;0
-0.648504;0.117676;0.805802;10.024654;0
-0.631261;0.117720;0.803644;10.024654;0
-0.613532;0.122245;0.803644;10.024654;0
-0.595632;0.128687;0.803644;10.024654;0
-0.576943;0.125144;0.803644;10.024654;0
-0.558387;0.120048;0.801357;10.024654;0
-0.533052;0.122751;0.801357;10.024654;0
-0.514235;0.128296;0.801357;10.024654;0
-0.494986;0.124834;0.798843;10.024654;0
-0.475873;0.117796;0.798843;10.024654;0
-0.457311;0.116254;0.798843;10.024654;0
-0.433102;0.124468;0.796008;10.024654;0
-0.414343;0.137269;0.796008;10.024654;0
-0.396366;0.140322;0.792772;10.024654;0
-0.378381;0.134063;0.792772;10.024654;0
-0.360835;0.127791;0.792772;10.024654;0
-0.344030;0.128234;0.789062;10.024654;0
-0.322121;0.131411;0.789062;10.024654;0
-0.305757;0.122575;0.789062;10.024654;0
-0.290535;0.115674;0.784823;10.024654;0
-0.275855;0.115311;0.784823;10.024654;0
-0.261679;0.116757;0.784823;10.024654;0
-0.243607;0.102066;0.780008;10.024654;0
-0.231111;0.090564;0.780008;10.024654;0
-0.218805;0.085006;0.780008;10.024654;0
-0.207296;0.087303;0.774588;10.024654;0
-0.196511;0.086898;0.774588;10.024654;0
-0.182897;0.077322;0.774588;10.024654;0
-0.173258;0.075095;0.768549;10.024654;0
-0.163981;0.078460;0.768549;10.024654;0
-0.155478;0.089401;0.761891;10.024654;0
-0.144623;0.104240;0.761891;10.024654;0
-0.136939;0.099607;0.761891;10.024654;0
-0.129781;0.093462;0.754634;10.024654;0
-0.123073;0.091771;0.754634;10.024654;0
-0.117124;0.095397;0.754634;10.024654;0
-0.110412;0.098666;0.746813;10.024654;0
-0.106392;0.086249;0.746813;10.024654;0
-0.103775;0.072312;0.746813;10.024654;0
-0.293844;0.074612;0.738487;10.024654;0
-0.288302;0.072092;0.738487;10.024654;0
-0.282024;0.075716;0.729730;10.024654;0
-0.277983;0.070939;0.729730;10.024654;0
-0.274593;0.068781;0.729730;10.024654;0
-0.271747;0.077752;0.720634;10.024654;0
-0.269227;0.098434;0.720634;10.024654;0
-0.266051;0.124487;0.720634;10.024654;0
-0.263507;0.130172;0.711300;10.024654;0
-0.260908;0.133087;0.711300;10.024654;0
-0.258086;0.137680;0.701835;10.024654;0
-0.253664;0.151865;0.701835;10.024654;0
-0.249657;0.158901;0.701835;10.024654;0
-0.244755;0.149977;0.692359;10.024654;0
-0.239171;0.137933;0.692359;10.024654;0
-0.232884;0.132782;0.682996;10.024654;0
-0.223580;0.139811;0.682996;10.024654;0
-0.215475;0.152634;0.673883;10.024654;0
-0.206661;0.156604;0.673883;10.024654;0
-0.197141;0.153616;0.673883;10.024654;0
-0.187043;0.151138;0.665158;10.024654;0
-0.172745;0.154915;0.665158;10.024654;0
-0.161970;0.162021;0.656970;10.024654;0
-0.150409;0.158166;0.656970;10.024654;0
-0.138428;0.144047;0.649469;10.024654;0
-0.126588;0.132263;0.649469;10.024654;0
-0.110710;0.132568;0.642807;10.024654;0
-0.098875;0.144389;0.642807;10.024654;0
-0.087089;0.160779;0.637133;10.024654;0
-0.075375;0.166632;0.632590;10.024654;0
-0.060008;0.156338;0.632590;10.024654;0
-0.049059;0.148457;0.629307;10.024654;0
-0.038204;0.144715;0.629307;10.024654;0
-0.027810;0.143200;0.627399;10.024654;0
-0.017536;0.130506;0.626958;10.024654;0
-0.004131;0.116983;0.626958;10.024654;0
0.005387;0.118478;0.628045;10.024654;0
0.014839;0.124344;0.628045;10.024654;0
0.023965;0.118654;0.630691;10.024654;0
0.032961;0.085756;0.630691;10.024654;0
0.044505;0.033250;0.634891;10.024654;0
0.053137;0.017460;0.640598;10.024654;0
0.061526;0.020907;0.640598;10.024654;0
0.070020;0.025571;0.647728;10.024654;0
0.078350;0.040228;0.656157;10.024654;0
0.089660;0.080620;0.656157;10.024654;0
0.098453;0.113410;0.665720;10.024654;0
0.107967;0.134204;0.676221;10.024654;0
0.118011;0.144334;0.676221;10.024654;0
0.129306;0.151124;0.687426;10.024654;0
0.142204;0.156180;0.687426;10.024654;0
-0.833578;0.078128;0.699076;10.024654;0
-0.847546;0.053730;0.699076;10.024654;0
-0.863057;0.031579;0.710886;10.024654;0
-0.880277;0.022708;0.710886;10.024654;0
-0.898324;0.026258;0.722568;10.024654;0
-0.922959;0.032896;0.722568;10.024654;0
-0.941845;0.042157;0.733852;10.024654;0
-0.960870;0.059415;0.733852;10.024654;0
-0.978954;0.080120;0.744488;10.024654;0
-0.995918;0.094909;0.744488;10.024654;0
-1.000000;0.101730;0.744488;10.024654;0
-1.000000;0.107584;0.754251;10.024654;0
-1.000000;0.115662;0.754251;10.024654;0
-1.000000;0.122687;0.762938;10.024654;0
-1.000000;0.119971;0.762938;10.024654;0
-1.000000;0.115842;0.762938;10.024654;0
-1.000000;0.119935;0.770373;10.024654;0
-1.000000;0.131159;0.770373;10.024654;0
-1.000000;0.138229;0.770373;10.024654;0
-1.000000;0.139306;0.776406;10.024654;0
-1.000000;0.141248;0.776406;10.024654;0
-1.000000;0.150283;0.776406;10.024654;0
-1.000000;0.155251;0.776406;10.024654;0
-0.987659;0.150002;0.780913;10.024654;0
-0.965820;0.144437;0.780913;10.024654;0
-0.942465;0.144321;0.780913;10.024654;0
-0.908347;0.154158;0.780913;10.024654;0
-0.880713;0.161588;0.783795;10.024654;0
-0.851395;0.158516;0.783795;10.024654;0
-0.820340;0.154303;0.783795;10.024654;0
-0.788320;0.155704;0.784978;10.024654;0
-0.755422;0.164906;0.784978;10.024654;0
-0.710831;0.177190;0.784978;10.024654;0
-0.677435;0.174111;0.784413;10.024654;0
-0.643887;0.169097;0.784413;10.024654;0
-0.603719;0.166976;0.784413;10.024654;0
-0.565038;0.170001;0.782077;10.024654;0
-0.532111;0.167390;0.782077;10.024654;0
-0.498606;0.159123;0.782077;10.024654;0
-0.467081;0.151866;0.777971;10.024654;0
-0.424977;0.147640;0.777971;10.024654;0
-0.394631;0.137641;0.777971;10.024654;0
-0.366070;0.124415;0.772121;10.024654;0
-0.338325;0.114323;0.772121;10.024654;0
-0.311866;0.113727;0.772121;10.024654;0
-0.286588;0.120547;0.764576;10.024654;0
-0.255216;0.118290;0.764576;10.024654;0
-0.233223;0.116718;0.764576;10.024654;0
-0.212364;0.119389;0.755412;10.024654;0
-0.192221;0.125853;0.755412;10.024654;0
-0.173406;0.135080;0.744728;10.024654;0
-0.149647;0.133021;0.744728;10.024654;0
-0.133056;0.117395;0.732648;10.024654;0
-0.117416;0.101306;0.732648;10.024654;0
-0.102634;0.091788;0.732648;10.024654;0
-0.084259;0.091551;0.719322;10.024654;0
-0.070698;0.089053;0.719322;10.024654;0
-0.058097;0.075794;0.719322;10.024654;0
-0.046755;0.066846;0.704924;10.024654;0
-0.035349;0.066701;0.704924;10.024654;0
