-0.290771;0.114191;0.627847;10.024654;0
-0.279870;0.102341;0.633690;10.024654;0
-0.271158;0.089589;0.633690;10.024654;0
-0.261744;0.076378;0.639025;10.024654;0
-0.251898;0.056797;0.639025;10.024654;0
-0.241900;0.045892;0.643847;10.024654;0
-0.228427;0.050970;0.643847;10.024654;0
-0.217750;0.065755;0.643847;10.024654;0
-0.207000;0.074360;0.648174;10.024654;0
-0.195363;0.077900;0.648174;10.024654;0
-0.184115;0.082710;0.652043;10.024654;0
-0.169590;0.093761;0.652043;10.024654;0
-0.158488;0.104973;0.655516;10.024654;0
-0.147500;0.103251;0.655516;10.024654;0
-0.136744;0.097197;0.658678;10.024654;0
-0.126452;0.094914;0.658678;10.024654;0
-0.113286;0.103398;0.661636;10.024654;0
-0.103781;0.109932;0.661636;10.024654;0
-0.094180;0.105366;0.664519;10.024654;0
-0.085125;0.095358;0.664519;10.024654;0
-0.076318;0.089234;0.664519;10.024654;0
-0.067920;0.089317;0.667474;10.024654;0
-0.057314;0.097056;0.667474;10.024654;0
-0.049875;0.095702;0.670663;10.024654;0
-0.042668;0.086478;0.670663;10.024654;0
-0.035965;0.076876;0.674261;10.024654;0
-0.029600;0.072631;0.674261;10.024654;0
-0.021395;0.079532;0.678445;10.024654;0
-0.015527;0.077412;0.678445;10.024654;0
-0.009941;0.075002;0.683392;10.024654;0
-0.004632;0.078403;0.683392;10.024654;0
0.000424;0.087775;0.689269;10.024654;0
0.005163;0.100485;0.689269;10.024654;0
0.011339;0.104449;0.696223;10.024654;0
0.015704;0.096471;0.696223;10.024654;0
0.019893;0.089417;0.704372;10.024654;0
0.023984;0.089572;0.704372;10.024654;0
0.027881;0.087368;0.713801;10.024654;0
0.032775;0.074814;0.713801;10.024654;0
0.036309;0.067637;0.724547;10.024654;0
0.039861;0.069300;0.724547;10.024654;0
0.043391;0.074189;0.736599;10.024654;0
0.048147;0.065792;0.736599;10.024654;0
0.052100;0.060671;0.736599;10.024654;0
0.056498;0.061280;0.749890;10.024654;0
0.061828;0.069841;0.749890;10.024654;0
0.068697;0.079272;0.764294;10.024654;0
-1.000000;0.074080;0.764294;10.024654;0
-1.000000;0.078096;0.779629;10.024654;0
-1.000000;0.085174;0.779629;10.024654;0
-1.000000;0.097160;0.779629;10.024654;0
-1.000000;0.108872;0.795675;10.024654;0
-1.000000;0.110274;0.795675;10.024654;0
-1.000000;0.110870;0.795675;10.024654;0
-1.000000;0.115493;0.812197;10.024654;0
-1.000000;0.124788;0.812197;10.024654;0
-1.000000;0.130248;0.828962;10.024654;0
-1.000000;0.129599;0.828962;10.024654;0
-1.000000;0.129463;0.828962;10.024654;0
-1.000000;0.134476;0.845741;10.024654;0
-1.000000;0.140500;0.845741;10.024654;0
-1.000000;0.139476;0.845741;10.024654;0
-1.000000;0.138160;0.862316;10.024654;0
-0.998248;0.142724;0.862316;10.024654;0
-0.981829;0.150475;0.862316;10.024654;0
-0.963232;0.156655;0.862316;10.024654;0
-0.943374;0.154909;0.878487;10.024654;0
-0.921946;0.149007;0.878487;10.024654;0
-0.896485;0.146716;0.878487;10.024654;0
-0.869241;0.152119;0.894071;10.024654;0
-0.845098;0.151908;0.894071;10.024654;0
-0.820771;0.146204;0.894071;10.024654;0
-0.796165;0.142664;0.894071;10.024654;0
-0.763387;0.145448;0.908905;10.024654;0
-0.737881;0.148408;0.908905;10.024654;0
-0.712658;0.143096;0.908905;10.024654;0
-0.687577;0.139115;0.922852;10.024654;0
-0.663164;0.139785;0.922852;10.024654;0
-0.630230;0.147744;0.922852;10.024654;0
-0.605825;0.151233;0.922852;10.024654;0
-0.581654;0.144394;0.935794;10.024654;0
-0.557973;0.138802;0.935794;10.024654;0
-0.527894;0.138131;0.935794;10.024654;0
-0.505396;0.142696;0.947638;10.024654;0
-0.482911;0.145135;0.947638;10.024654;0
-0.461297;0.138909;0.947638;10.024654;0
-0.440323;0.131915;0.947638;10.024654;0
-0.414306;0.131500;0.958313;10.024654;0
-0.394348;0.132703;0.958313;10.024654;0
-0.374988;0.124383;0.958313;10.024654;0
-0.356328;0.117670;0.967770;10.024654;0
-0.338323;0.118338;0.967770;10.024654;0
-0.315487;0.129707;0.967770;10.024654;0
-0.298942;0.133531;0.967770;10.024654;0
-0.282609;0.124737;0.975981;10.024654;0
-0.266877;0.115671;0.975981;10.024654;0
-0.252249;0.110478;0.975981;10.024654;0
-0.232828;0.113550;0.982938;10.024654;0
-0.218766;0.115396;0.982938;10.024654;0
-0.205399;0.106879;0.982938;10.024654;0
-0.192281;0.099350;0.982938;10.024654;0
-0.179846;0.097090;0.988652;10.024654;0
-0.164015;0.093075;0.988652;10.024654;0
-0.152327;0.079654;0.988652;10.024654;0
-0.141295;0.069004;0.988652;10.024654;0
-0.130483;0.065337;0.993149;10.024654;0
-0.120033;0.071766;0.993149;10.024654;0
-0.110218;0.083787;0.993149;10.024654;0
-0.097002;0.087997;0.996471;10.024654;0
-0.087476;0.082962;0.996471;10.024654;0
-0.078289;0.078782;0.996471;10.024654;0
-0.069565;0.074808;0.996471;10.024654;0
-0.061311;0.058272;0.998675;10.024654;0
-0.050572;0.026601;0.998675;10.024654;0
-0.042801;0.001948;0.998675;10.024654;0
-0.035370;-0.005697;0.998675;10.024654;0
-0.028400;0.005239;0.998675;10.024654;0
-0.021574;0.027773;0.998675;10.024654;0
-0.015016;0.047252;0.998675;10.024654;0
-0.006947;0.074309;0.999826;10.024654;0
-0.001138;0.096456;0.999826;10.024654;0
0.004460;0.112252;0.999826;10.024654;0
0.009760;0.109130;0.999826;10.024654;0
0.016651;0.095737;1.000000;10.024654;0
0.021534;0.088105;1.000000;10.024654;0
0.026109;0.087214;1.000000;10.024654;0
0.030480;0.090597;0.999278;10.024654;0
0.036143;0.079907;0.999278;10.024654;0
0.040187;0.070008;0.999278;10.024654;0
0.043867;0.066673;0.999278;10.024654;0
0.047448;0.071212;0.997747;10.024654;0
0.050789;0.079616;0.997747;10.024654;0
0.055065;0.083643;0.997747;10.024654;0
0.058403;0.073541;0.992609;10.024654;0
0.061755;0.062861;0.992609;10.024654;0
0.065319;0.057804;0.992609;10.024654;0
0.069301;0.058646;0.992609;10.024654;0
0.075887;0.057353;0.989178;10.024654;0
-0.027324;0.064589;0.989178;10.024654;0
-0.029160;0.050318;0.989178;10.024654;0
-0.031098;0.044130;0.989178;10.024654;0
-0.033652;0.053880;0.985271;10.024654;0
-0.035425;0.059321;0.985271;10.024654;0
-0.037213;0.060702;0.985271;10.024654;0
-0.038827;0.066461;0.980931;10.024654;0
-0.040461;0.079705;0.980931;10.024654;0
-0.042328;0.103204;0.980931;10.024654;0
-0.043513;0.112246;0.980931;10.024654;0
-0.044470;0.111564;0.976177;10.024654;0
-0.045248;0.110705;0.976177;10.024654;0
-0.046051;0.117678;0.976177;10.024654;0
-0.046481;0.128742;0.971009;10.024654;0
-0.046689;0.130864;0.971009;10.024654;0
-0.046697;0.125262;0.971009;10.024654;0
-0.046592;0.123589;0.971009;10.024654;0
-0.046335;0.132311;0.965413;10.024654;0
-0.046060;0.144424;0.965413;10.024654;0
-0.045640;0.143794;0.965413;10.024654;0
-0.045143;0.136978;0.959372;10.024654;0
-0.044628;0.134198;0.959372;10.024654;0
-0.044001;0.144676;0.959372;10.024654;0
-0.043568;0.160376;0.952867;10.024654;0
-0.043061;0.166137;0.952867;10.024654;0
-0.042498;0.160830;0.952867;10.024654;0
-0.041982;0.157535;0.945888;10.024654;0
-0.041428;0.162996;0.945888;10.024654;0
-0.041082;0.171946;0.945888;10.024654;0
-0.040708;0.165829;0.938431;10.024654;0
-0.040347;0.153521;0.938431;10.024654;0
-0.040009;0.145220;0.938431;10.024654;0
-0.039868;0.149834;0.930512;10.024654;0
-0.039764;0.153652;0.930512;10.024654;0
-0.039644;0.145324;0.930512;10.024654;0
-0.039584;0.139637;0.922162;10.024654;0
-0.039617;0.141546;0.922162;10.024654;0
-0.039774;0.153419;0.922162;10.024654;0
-0.039864;0.152596;0.913438;10.024654;0
-0.039950;0.145059;0.913438;10.024654;0
-0.040103;0.138108;0.913438;10.024654;0
-0.040397;0.142760;0.904417;10.024654;0
-0.040622;0.150932;0.904417;10.024654;0
-0.040737;0.145529;0.954158;10.024654;0
-0.040875;0.134182;0.948476;10.024654;0
-0.041091;0.128157;0.948476;10.024654;0
-0.041554;0.133628;0.948476;10.024654;0
-0.041930;0.138058;0.948476;10.024654;0
-0.042295;0.130697;0.885928;10.024654;0
-0.042744;0.125267;0.885928;10.024654;0
-0.043290;0.125816;0.876744;10.024654;0
-0.044157;0.135598;0.876744;10.024654;0
-0.044845;0.139335;0.867827;10.024654;0
-0.045502;0.125151;0.867827;10.024654;0
-0.046242;0.107778;0.859369;10.024654;0
-0.047089;0.097970;0.859369;10.024654;0
-0.048430;0.102475;0.859369;10.024654;0
-0.049499;0.104329;0.851575;10.024654;0
-0.050616;0.088546;0.851575;10.024654;0
-0.051836;0.074062;0.844652;10.024654;0
-0.053246;0.070123;0.844652;10.024654;0
-0.054830;0.078997;0.838798;10.024654;0
-0.057133;0.096331;0.838798;10.024654;0
-0.059016;0.093811;0.834197;10.024654;0
-0.061204;0.087581;0.834197;10.024654;0
-0.063820;0.085071;0.830997;10.024654;0
-0.067054;0.086999;0.830997;10.024654;0
-0.072517;0.074072;0.829305;10.024654;0
0.540808;0.048532;0.829305;10.024654;0
0.552235;0.037560;0.829168;10.024654;0
0.564439;0.033900;0.829168;10.024654;0
0.576926;0.027010;0.830567;10.024654;0
0.594276;0.023166;0.830567;10.024654;0
0.607429;0.030810;0.833414;10.024654;0
0.620255;0.050794;0.833414;10.024654;0
0.632756;0.075369;0.837576;10.024654;0
0.648138;0.089297;0.837576;10.024654;0
0.659251;0.096435;0.842878;10.024654;0
0.669666;0.106353;0.842878;10.024654;0
0.678780;0.113873;0.849114;10.024654;0
0.688755;0.102411;0.849114;10.024654;0
0.694899;0.092625;0.856056;10.024654;0
0.699677;0.090693;0.856056;10.024654;0
0.703050;0.097577;0.863464;10.024654;0
0.705141;0.117378;0.863464;10.024654;0
0.704746;0.126836;0.871093;10.024654;0
0.702568;0.128856;0.871093;10.024654;0
0.698834;0.130672;0.878701;10.024654;0
0.691357;0.142565;0.878701;10.024654;0
0.683725;0.150993;0.886055;10.024654;0
0.674627;0.146047;0.886055;10.024654;0
0.664148;0.140630;0.886055;10.024654;0
0.653008;0.142775;0.892937;10.024654;0
0.636181;0.154304;0.892937;10.024654;0
0.622369;0.154440;0.899145;10.024654;0
0.607788;0.149671;0.899145;10.024654;0
0.592356;0.151210;0.899145;10.024654;0
0.575480;0.162903;0.904501;10.024654;0
0.554938;0.183493;0.904501;10.024654;0
0.537454;0.188982;0.904501;10.024654;0
0.519617;0.185635;0.908849;10.024654;0
0.501657;0.182598;0.908849;10.024654;0
0.483676;0.183234;0.912057;10.024654;0
0.460059;0.174336;0.912057;10.024654;0
0.442805;0.160252;0.912057;10.024654;0
0.425715;0.152208;0.914019;10.024654;0
0.409340;0.156349;0.914019;10.024654;0
0.393580;0.165131;0.914657;10.024654;0
0.372749;0.162989;0.914657;10.024654;0
0.357291;0.157944;0.914657;10.024654;0
0.342625;0.160725;0.913918;10.024654;0
0.328891;0.170645;0.913918;10.024654;0
0.315562;0.170854;0.911777;10.024654;0
0.298332;0.154514;0.911777;10.024654;0
0.286415;0.147268;0.911777;10.024654;0
0.274640;0.146720;0.908235;10.024654;0
0.263389;0.155354;0.908235;10.024654;0
0.252622;0.167300;0.908235;10.024654;0
0.239551;0.162711;0.903322;10.024654;0
0.230552;0.150917;0.903322;10.024654;0
0.221843;0.142550;0.897094;10.024654;0
0.213847;0.141503;0.897094;10.024654;0
0.204366;0.133185;0.889636;10.024654;0
0.197821;0.119733;0.889636;10.024654;0
0.191997;0.109965;0.889636;10.024654;0
0.186889;0.107112;0.881061;10.024654;0
0.182583;0.104397;0.881061;10.024654;0
0.179415;0.086031;0.871511;10.024654;0
0.177061;0.059978;0.871511;10.024654;0
0.176954;0.052891;0.871511;10.024654;0
0.178742;0.058225;0.861155;10.024654;0
0.183209;0.069830;0.861155;10.024654;0
0.491592;0.113449;0.850192;10.024654;0
0.487084;0.101667;0.850192;10.024654;0
0.481856;0.079568;0.838841;10.024654;0
0.478663;0.073233;0.838841;10.024654;0
0.476130;0.079143;0.838841;10.024654;0
0.474106;0.087591;0.827310;10.024654;0
0.472506;0.085174;0.827310;10.024654;0
0.471323;0.084491;0.815799;10.024654;0
0.470111;0.084430;0.815799;10.024654;0
0.469528;0.059000;0.815799;10.024654;0
0.469373;0.024332;0.804494;10.024654;0
0.469322;0.002919;0.804494;10.024654;0
0.468473;0.012022;0.793568;10.024654;0
0.467034;0.045316;0.793568;10.024654;0
0.464848;0.088937;0.793568;10.024654;0
0.461852;0.117985;0.783182;10.024654;0
0.456526;0.149637;0.783182;10.024654;0
0.450942;0.172208;0.773478;10.024654;0
0.444215;0.191861;0.773478;10.024654;0
0.436453;0.196159;0.764587;10.024654;0
0.427505;0.183694;0.764587;10.024654;0
0.417848;0.167560;0.764587;10.024654;0
0.403883;0.156216;0.756619;10.024654;0
0.392953;0.160155;0.756619;10.024654;0
0.381665;0.159091;0.749669;10.024654;0
0.369587;0.148285;0.749669;10.024654;0
0.357298;0.141774;0.743810;10.024654;0
0.341014;0.148580;0.743810;10.024654;0
0.328242;0.155542;0.739098;10.024654;0
0.315667;0.150747;0.739098;10.024654;0
0.302975;0.139059;0.735564;10.024654;0
0.290240;0.131919;0.735564;10.024654;0
0.274676;0.133850;0.735564;10.024654;0
0.262528;0.145340;0.733223;10.024654;0
0.249921;0.154871;0.733223;10.024654;0
0.238270;0.143273;0.732066;10.024654;0
0.227288;0.125508;0.732066;10.024654;0
0.216775;0.111384;0.732062;10.024654;0
0.203522;0.110211;0.732062;10.024654;0
0.193711;0.124157;0.733161;10.024654;0
0.184250;0.137075;0.733161;10.024654;0
0.175422;0.132025;0.735294;10.024654;0
0.167046;0.125229;0.735294;10.024654;0
0.156274;0.124633;0.738372;10.024654;0
0.148764;0.130401;0.738372;10.024654;0
0.141679;0.133220;0.742290;10.024654;0
0.135063;0.122317;0.742290;10.024654;0
0.128769;0.110535;0.746928;10.024654;0
0.121158;0.096432;0.746928;10.024654;0
0.116103;0.074749;0.752149;10.024654;0
0.111461;0.058575;0.752149;10.024654;0
0.107337;0.055949;0.757806;10.024654;0
0.103577;0.069059;0.757806;10.024654;0
0.099635;0.084118;0.763741;10.024654;0
0.097626;0.081240;0.763741;10.024654;0
0.096612;0.079418;0.769787;10.024654;0
0.639880;0.111605;0.769787;10.024654;0
0.640310;0.112387;0.775768;10.024654;0
0.641030;0.100060;0.775768;10.024654;0
0.641769;0.083993;0.781513;10.024654;0
0.642771;0.075897;0.781513;10.024654;0
0.643849;0.079964;0.786872;10.024654;0
0.644889;0.088791;0.786872;10.024654;0
0.645238;0.091668;0.791724;10.024654;0
0.644997;0.099107;0.791724;10.024654;0
0.643948;0.114737;0.795970;10.024654;0
0.641861;0.138105;0.795970;10.024654;0
0.637121;0.153518;0.795970;10.024654;0
0.631511;0.148935;0.799541;10.024654;0
0.625121;0.144033;0.799541;10.024654;0
0.617028;0.146402;0.802392;10.024654;0
0.607370;0.150944;0.802392;10.024654;0
0.596534;0.144521;0.804500;10.024654;0
0.579458;0.141779;0.804500;10.024654;0
0.565771;0.150142;0.804500;10.024654;0
0.550128;0.158463;0.805870;10.024654;0
0.533157;0.153851;0.805870;10.024654;0
0.508451;0.149662;0.806527;10.024654;0
0.489050;0.152652;0.806527;10.024654;0
0.468322;0.159881;0.806527;10.024654;0
0.446697;0.163712;0.806521;10.024654;0
0.424485;0.152754;0.806521;10.024654;0
0.401204;0.139992;0.805923;10.024654;0
0.377726;0.131073;0.805923;10.024654;0
0.348084;0.134633;0.804825;10.024654;0
0.324661;0.150320;0.804825;10.024654;0
0.302311;0.168689;0.804825;10.024654;0
0.279608;0.171467;0.803337;10.024654;0
0.256896;0.160625;0.803337;10.024654;0
0.228419;0.148999;0.801586;10.024654;0
0.206652;0.147096;0.801586;10.024654;0
0.185652;0.152157;0.799716;10.024654;0
0.165144;0.154892;0.799716;10.024654;0
0.144964;0.144032;0.799716;10.024654;0
0.119729;0.131891;0.797877;10.024654;0
0.100556;0.133750;0.797877;10.024654;0
0.082129;0.144235;0.796230;10.024654;0
0.064271;0.145674;0.796230;10.024654;0
0.047348;0.135915;0.794933;10.024654;0
0.026013;0.121613;0.794933;10.024654;0
0.009781;0.118943;0.794143;10.024654;0
-0.006157;0.122987;0.794143;10.024654;0
-0.021361;0.112398;0.794004;10.024654;0
-0.035974;0.097028;0.794004;10.024654;0
-0.055955;0.085178;0.794643;10.024654;0
-0.070913;0.088286;0.794643;10.024654;0
-0.085932;0.099902;0.796159;10.024654;0
-0.100668;0.099475;0.796159;10.024654;0
-0.115847;0.090055;0.798622;10.024654;0
-0.131551;0.083960;0.798622;10.024654;0
-0.152887;0.085786;0.802059;10.024654;0
-0.171004;0.094652;0.802059;10.024654;0
-0.191006;0.098291;0.806454;10.024654;0
-0.213472;0.083815;0.806454;10.024654;0
0.768817;0.031330;0.811739;10.024654;0
0.781280;0.018729;0.811739;10.024654;0
0.794940;0.011944;0.817799;10.024654;0
0.809705;0.008825;0.817799;10.024654;0
0.825260;0.003482;0.824478;10.024654;0
0.847035;0.007655;0.824478;10.024654;0
0.864450;0.021327;0.824478;10.024654;0
0.881283;0.041787;0.831589;10.024654;0
0.898485;0.061150;0.831589;10.024654;0
0.915042;0.065485;0.838927;10.024654;0
0.935242;0.066662;0.838927;10.024654;0
0.949785;0.071677;0.838927;10.024654;0
0.963494;0.080804;0.846276;10.024654;0
0.975824;0.087936;0.846276;10.024654;0
0.986099;0.084357;0.846276;10.024654;0
0.997802;0.079323;0.853418;10.024654;0
1.000000;0.082257;0.853418;10.024654;0
1.000000;0.090132;0.860138;10.024654;0
1.000000;0.100066;0.860138;10.024654;0
1.000000;0.101190;0.860138;10.024654;0
1.000000;0.101627;0.860138;10.024654;0
1.000000;0.105331;0.866230;10.024654;0
1.000000;0.113174;0.866230;10.024654;0
1.000000;0.115151;0.866230;10.024654;0
0.992355;0.113795;0.866230;10.024654;0
0.983146;0.117050;0.866230;10.024654;0
0.972992;0.124637;0.871505;10.024654;0
0.961530;0.132200;0.871505;10.024654;0
0.944052;0.127033;0.871505;10.024654;0
0.929747;0.121730;0.875787;10.024654;0
0.914950;0.121496;0.875787;10.024654;0
0.899125;0.128710;0.875787;10.024654;0
0.882142;0.138872;0.875787;10.024654;0
0.858732;0.138248;0.878921;10.024654;0
0.840048;0.138432;0.878921;10.024654;0
0.821544;0.144369;0.878921;10.024654;0
0.801816;0.153591;0.880776;10.024654;0
0.775646;0.155935;0.880776;10.024654;0
0.755182;0.151997;0.880776;10.024654;0
0.734191;0.152230;0.880776;10.024654;0
0.713763;0.157123;0.881241;10.024654;0
0.692357;0.162434;0.881241;10.024654;0
0.663574;0.152791;0.881241;10.024654;0
0.641829;0.144783;0.880229;10.024654;0
0.620711;0.141420;0.880229;10.024654;0
0.599838;0.143215;0.880229;10.024654;0
0.578477;0.140539;0.880229;10.024654;0
0.558263;0.132915;0.877676;10.024654;0
0.539233;0.128749;0.877676;10.024654;0
0.514655;0.133769;0.877676;10.024654;0
0.496578;0.144902;0.873544;10.024654;0
0.478174;0.155089;0.873544;10.024654;0
0.460494;0.151621;0.873544;10.024654;0
0.437706;0.143976;0.873544;10.024654;0
0.421066;0.142015;0.867819;10.024654;0
0.405282;0.142910;0.867819;10.024654;0
0.389837;0.137121;0.867819;10.024654;0
0.375354;0.127567;0.860512;10.024654;0
0.357451;0.123094;0.860512;10.024654;0
0.344147;0.124699;0.860512;10.024654;0
0.331394;0.129890;0.860512;10.024654;0
0.319419;0.127998;0.851658;10.024654;0
0.308286;0.119078;0.851658;10.024654;0
0.294063;0.109153;0.851658;10.024654;0
0.283920;0.109891;0.841318;10.024654;0
0.274435;0.117864;0.841318;10.024654;0
0.265289;0.122200;0.841318;10.024654;0
0.256740;0.113646;0.829579;10.024654;0
0.246775;0.103802;0.829579;10.024654;0
0.239571;0.103534;0.829579;10.024654;0
0.232833;0.104372;0.816553;10.024654;0
0.226567;0.094697;0.816553;10.024654;0
0.219396;0.084373;0.802380;10.024654;0
0.214395;0.085671;0.802380;10.024654;0
0.209909;0.096528;0.802380;10.024654;0
0.206174;0.107263;0.787226;10.024654;0
0.203196;0.103476;0.787226;10.024654;0
0.200878;0.095462;0.787226;10.024654;0
0.200668;0.093420;0.771286;10.024654;0
0.202303;0.097982;0.771286;10.024654;0
0.206439;0.103734;0.771286;10.024654;0
0.217125;0.092227;0.754785;10.024654;0
0.227849;0.082478;0.754785;10.024654;0
0.221876;0.080802;0.754785;10.024654;0
0.217216;0.086719;0.737967;10.024654;0
0.213602;0.089321;0.737967;10.024654;0
0.210499;0.084181;0.737967;10.024654;0
0.209376;0.082721;0.721078;10.024654;0
0.209211;0.085247;0.721078;10.024654;0
0.209853;0.092178;0.721078;10.024654;0
0.211161;0.096654;0.704354;10.024654;0
0.213724;0.084691;0.704354;10.024654;0
0.216052;0.077736;0.688019;10.024654;0
0.218397;0.079228;0.688019;10.024654;0
0.220556;0.084423;0.688019;10.024654;0
0.222443;0.083436;0.672288;10.024654;0
0.223835;0.078986;0.672288;10.024654;0
0.224624;0.080448;0.657361;10.024654;0
0.224278;0.088013;0.657361;10.024654;0
0.223074;0.101822;0.657361;10.024654;0
0.220893;0.113946;0.643428;10.024654;0
0.217928;0.111078;0.643428;10.024654;0
0.212659;0.103406;0.630660;10.024654;0
0.207694;0.102952;0.630660;10.024654;0
0.201880;0.097011;0.619213;10.024654;0
0.195535;0.087072;0.619213;10.024654;0
0.188439;0.083185;0.609224;10.024654;0
0.178175;0.089258;0.609224;10.024654;0
0.169881;0.102528;0.609224;10.024654;0
0.161202;0.108029;0.600805;10.024654;0
0.152275;0.103238;0.600805;10.024654;0
0.142845;0.094950;0.594048;10.024654;0
0.130646;0.088126;0.594048;10.024654;0
0.121160;0.091351;0.589016;10.024654;0
0.111700;0.093786;0.589016;10.024654;0
0.102754;0.085028;0.585746;10.024654;0
0.093668;0.079704;0.584248;10.024654;0
0.081792;0.085575;0.584248;10.024654;0
0.073158;0.092548;0.584502;10.024654;0
0.064899;0.090682;0.584502;10.024654;0
0.057089;0.085171;0.586465;10.024654;0
0.049530;0.085312;0.586465;10.024654;0
0.042073;0.092442;0.590066;10.024654;0
0.032487;0.112881;0.590066;10.024654;0
0.025676;0.117647;0.595216;10.024654;0
0.019322;0.109869;0.601803;10.024654;0
0.013356;0.101195;0.601803;10.024654;0
0.007419;0.096958;0.609704;10.024654;0
-0.000034;0.099421;0.609704;10.024654;0
-0.005271;0.095226;0.618781;10.024654;0
-0.010361;0.086030;0.618781;10.024654;0
-0.015218;0.079278;0.628884;10.024654;0
-0.020007;0.079639;0.628884;10.024654;0
-0.024877;0.083634;0.639861;10.024654;0
-0.031308;0.072140;0.639861;10.024654;0
-0.036575;0.064819;0.651550;10.024654;0
0.689280;0.053438;0.651550;10.024654;0
0.695982;0.057014;0.663787;10.024654;0
0.705349;0.050384;0.663787;10.024654;0
0.712781;0.048185;0.676411;10.024654;0
0.720037;0.056310;0.676411;10.024654;0
0.727050;0.074779;0.689273;10.024654;0
0.733308;0.092332;0.689273;10.024654;0
0.739906;0.106148;0.689273;10.024654;0
0.743668;0.117340;0.702250;10.024654;0
0.745914;0.132798;0.702250;10.024654;0
0.746633;0.153049;0.715236;10.024654;0
0.744606;0.173857;0.715236;10.024654;0
0.740347;0.174166;0.728140;10.024654;0
0.734222;0.170854;0.728140;10.024654;0
0.726030;0.170843;0.728140;10.024654;0
0.715631;0.176826;0.740891;10.024654;0
0.703018;0.184141;0.740891;10.024654;0
0.683080;0.181561;0.753432;10.024654;0
0.666129;0.182199;0.753432;10.024654;0
0.647866;0.187241;0.753432;10.024654;0
0.627715;0.196489;0.765717;10.024654;0
0.598726;0.197756;0.765717;10.024654;0
0.575967;0.188964;0.777713;10.024654;0
0.551711;0.180573;0.777713;10.024654;0
0.526976;0.178350;0.777713;10.024654;0
0.502754;0.182632;0.789400;10.024654;0
0.469303;0.191106;0.789400;10.024654;0
0.444293;0.185980;0.800763;10.024654;0
0.419155;0.181462;0.800763;10.024654;0
0.395300;0.184090;0.800763;10.024654;0
0.364282;0.189296;0.811799;10.024654;0
0.341647;0.179740;0.811799;10.024654;0
0.319468;0.169741;0.822510;10.024654;0
0.297810;0.164154;0.822510;10.024654;0
0.271379;0.171180;0.822510;10.024654;0
0.251744;0.173911;0.832901;10.024654;0
0.233320;0.142073;0.832901;10.024654;0
0.216626;0.102648;0.832901;10.024654;0
0.201138;0.076199;0.842986;10.024654;0
0.182346;0.076330;0.842986;10.024654;0
0.168875;0.091740;0.852775;10.024654;0
0.156234;0.103684;0.852775;10.024654;0
0.144217;0.122880;0.862283;10.024654;0
0.132474;0.147819;0.862283;10.024654;0
0.117535;0.186505;0.862283;10.024654;0
0.106699;0.206333;0.871522;10.024654;0
0.096206;0.206503;0.871522;10.024654;0
0.085983;0.200347;0.880501;10.024654;0
0.072970;0.190836;0.880501;10.024654;0
0.063099;0.176159;0.889225;10.024654;0
0.054254;0.148975;0.889225;10.024654;0
0.045176;0.122541;0.889225;10.024654;0
0.036097;0.110981;0.897693;10.024654;0
0.024269;0.121069;0.897693;10.024654;0
0.015593;0.132794;0.905898;10.024654;0
0.007021;0.132421;0.905898;10.024654;0
-0.001286;0.128051;0.905898;10.024654;0
-0.009578;0.128533;0.913821;10.024654;0
-0.020699;0.109640;0.913821;10.024654;0
-0.028765;0.092348;0.921436;10.024654;0
-0.037293;0.083017;0.921436;10.024654;0
-0.045920;0.082791;0.928704;10.024654;0
-0.057848;0.089951;0.928704;10.024654;0
-0.067876;0.079871;0.928704;10.024654;0
-0.078473;0.065846;0.935575;10.024654;0
0.071743;0.071630;0.935575;10.024654;0
0.071805;0.062019;0.941990;10.024654;0
0.072895;0.049123;0.941990;10.024654;0
0.074825;0.030774;0.941990;10.024654;0
0.077376;0.011229;0.947877;10.024654;0
0.080668;0.001529;0.947877;10.024654;0
0.084542;0.008806;0.953162;10.024654;0
0.090170;0.029271;0.953162;10.024654;0
0.094980;0.036936;0.953162;10.024654;0
0.099816;0.047304;0.957767;10.024654;0
0.104925;0.064123;0.957767;10.024654;0
0.109996;0.082280;0.957767;10.024654;0
0.116458;0.084064;0.961618;10.024654;0
0.121326;0.081232;0.961618;10.024654;0
0.125982;0.083813;0.961618;10.024654;0
0.130358;0.093467;0.964643;10.024654;0
0.135741;0.111103;0.964643;10.024654;0
0.139479;0.110543;0.966781;10.024654;0
0.142760;0.108860;0.966781;10.024654;0
0.145720;0.110036;0.966781;10.024654;0
0.148113;0.115774;0.967978;10.024654;0
0.150104;0.120226;0.967978;10.024654;0
0.152179;0.102600;0.967978;10.024654;0
0.153400;0.089170;0.968195;10.024654;0
0.154334;0.087233;0.968195;10.024654;0
0.154975;0.098978;0.968195;10.024654;0
0.155504;0.117815;0.967403;10.024654;0
0.155620;0.119527;0.967403;10.024654;0
0.155495;0.119233;0.967403;10.024654;0
0.155196;0.124373;0.965591;10.024654;0
0.154762;0.131354;0.965591;10.024654;0
0.154230;0.123952;0.962762;10.024654;0
0.153428;0.114286;0.962762;10.024654;0
0.152767;0.115803;0.962762;10.024654;0
0.152053;0.125383;0.958939;10.024654;0
0.151324;0.138980;0.958939;10.024654;0
0.150349;0.148101;0.958939;10.024654;0
0.149603;0.133875;0.954158;10.024654;0
0.148985;0.118225;0.954158;10.024654;0
0.148479;0.111865;0.954158;10.024654;0
0.148051;0.117638;0.948476;10.024654;0
0.147614;0.133653;0.948476;10.024654;0
0.147367;0.131063;0.941966;10.024654;0
0.147224;0.124430;0.941966;10.024654;0
0.147191;0.123258;0.941966;10.024654;0
0.147262;0.132981;0.934717;10.024654;0
0.147433;0.136479;0.934717;10.024654;0
0.147834;0.121503;0.926836;10.024654;0
0.148312;0.113359;0.926836;10.024654;0
0.148971;0.117156;0.926836;10.024654;0
0.149681;0.130540;0.918442;10.024654;0
0.150512;0.136166;0.918442;10.024654;0
0.151475;0.132557;0.909667;10.024654;0
0.153030;0.126228;0.909667;10.024654;0
0.154425;0.127214;0.909667;10.024654;0
0.156047;0.126035;0.900652;10.024654;0
0.157951;0.112275;0.900652;10.024654;0
0.160235;0.103056;0.891546;10.024654;0
0.162797;0.102490;0.891546;10.024654;0
0.166703;0.112132;0.891546;10.024654;0
0.170199;0.109903;0.882497;10.024654;0
0.174357;0.099522;0.882497;10.024654;0
0.179113;0.092000;0.873651;10.024654;0
0.186588;0.096615;0.873651;10.024654;0
0.193507;0.109120;0.865144;10.024654;0
0.202186;0.120282;0.865144;10.024654;0
0.212500;0.119607;0.865144;10.024654;0
0.225786;0.100517;0.857099;10.024654;0
-0.650891;0.004580;0.857099;10.024654;0
-0.677279;-0.019843;0.849613;10.024654;0
-0.699101;-0.026530;0.849613;10.024654;0
-0.720921;-0.028596;0.842758;10.024654;0
-0.744094;-0.033253;0.842758;10.024654;0
-0.768351;-0.028501;0.842758;10.024654;0
-0.799670;-0.008047;0.836575;10.024654;0
-0.823383;0.016668;0.836575;10.024654;0
-0.846829;0.039848;0.831076;10.024654;0
-0.868836;0.049697;0.831076;10.024654;0
-0.889791;0.057851;0.831076;10.024654;0
-0.910889;0.068824;0.826248;10.024654;0
-0.933721;0.076476;0.826248;10.024654;0
-0.949536;0.073039;0.826248;10.024654;0
-0.963245;0.072745;0.822053;10.024654;0
-0.975192;0.077919;0.822053;10.024654;0
-0.987365;0.090274;0.822053;10.024654;0
-0.993606;0.093887;0.818430;10.024654;0
-0.997586;0.091340;0.818430;10.024654;0
-0.999235;0.089213;0.818430;10.024654;0
-0.998714;0.092672;0.815302;10.024654;0
-0.994643;0.108546;0.815302;10.024654;0
-0.988788;0.125203;0.815302;10.024654;0
-0.980647;0.133248;0.815302;10.024654;0
-0.970048;0.133491;0.815302;10.024654;0
-0.956016;0.132559;0.812579;10.024654;0
-0.938129;0.133826;0.812579;10.024654;0
-0.921188;0.134233;0.812579;10.024654;0
-0.902593;0.126599;0.810160;10.024654;0
-0.883485;0.120795;0.810160;10.024654;0
-0.856934;0.123400;0.810160;10.024654;0
-0.833875;0.136366;0.807938;10.024654;0
-0.811279;0.153175;0.807938;10.024654;0
-0.787062;0.163046;0.807938;10.024654;0
-0.761386;0.163254;0.805802;10.024654;0
-0.726150;0.159708;0.805802;10.024654;0
-0.699724;0.160299;0.805802;10.024654;0
-0.672483;0.160466;0.805802;10.024654;0
-0.645508;0.151951;0.803644;10.024654;0
-0.618195;0.139969;0.803644;10.024654;0
-0.591686;0.133881;0.803644;10.024654;0
-0.556270;0.135316;0.801357;10.024654;0
-0.531055;0.140912;0.801357;10.024654;0
-0.505339;0.135965;0.801357;10.024654;0
-0.480297;0.126868;0.798843;10.024654;0
-0.456032;0.122173;0.798843;10.024654;0
-0.426036;0.128587;0.798843;10.024654;0
-0.403782;0.133409;0.796008;10.024654;0
-0.382281;0.127146;0.796008;10.024654;0
-0.361291;0.120686;0.796008;10.024654;0
-0.341200;0.118985;0.792772;10.024654;0
-0.316022;0.123952;0.792772;10.024654;0
-0.297843;0.117315;0.792772;10.024654;0
-0.280876;0.108113;0.789062;10.024654;0
-0.264504;0.101310;0.789062;10.024654;0
-0.248975;0.099899;0.789062;10.024654;0
-0.229945;0.101297;0.784823;10.024654;0
-0.216115;0.093102;0.784823;10.024654;0
-0.203079;0.082295;0.784823;10.024654;0
-0.190790;0.076522;0.780008;10.024654;0
-0.179363;0.079141;0.780008;10.024654;0
-0.165097;0.085360;0.774588;10.024654;0
-0.154950;0.078813;0.774588;10.024654;0
-0.145511;0.074378;0.774588;10.024654;0
-0.136378;0.076694;0.768549;10.024654;0
-0.127504;0.082188;0.768549;10.024654;0
-0.116508;0.071833;0.761891;10.024654;0
-0.108819;0.062264;0.761891;10.024654;0
-0.101417;0.059759;0.761891;10.024654;0
-0.094531;0.059932;0.761891;10.024654;0
-0.088048;0.037434;0.754634;10.024654;0
-0.080336;-0.010069;0.754634;10.024654;0
-0.075085;-0.031421;0.754634;10.024654;0
-0.070763;-0.029653;0.746813;10.024654;0
-0.067045;-0.011595;0.746813;10.024654;0
-0.063950;0.011008;0.738487;10.024654;0
-0.220089;0.063404;0.738487;10.024654;0
-0.217083;0.087380;0.738487;10.024654;0
-0.214934;0.110752;0.729730;10.024654;0
-0.213298;0.119510;0.729730;10.024654;0
-0.212133;0.124540;0.729730;10.024654;0
-0.211296;0.140223;0.720634;10.024654;0
-0.210977;0.157997;0.720634;10.024654;0
-0.210712;0.171616;0.711300;10.024654;0
-0.210379;0.167514;0.711300;10.024654;0
-0.210081;0.158858;0.711300;10.024654;0
-0.209553;0.153934;0.701835;10.024654;0
-0.208811;0.160107;0.701835;10.024654;0
-0.207467;0.159658;0.692359;10.024654;0
-0.205491;0.153990;0.692359;10.024654;0
-0.202922;0.154220;0.692359;10.024654;0
-0.198456;0.164370;0.682996;10.024654;0
-0.193981;0.171984;0.682996;10.024654;0
-0.188817;0.167670;0.673883;10.024654;0
-0.183092;0.162583;0.673883;10.024654;0
-0.176305;0.159993;0.665158;10.024654;0
-0.167601;0.164259;0.665158;10.024654;0
-0.159958;0.164274;0.656970;10.024654;0
-0.152034;0.150652;0.656970;10.024654;0
-0.141164;0.137387;0.649469;10.024654;0
-0.132662;0.136853;0.649469;10.024654;0
-0.124078;0.142923;0.642807;10.024654;0
-0.115407;0.142803;0.642807;10.024654;0
-0.106934;0.134816;0.637133;10.024654;0
-0.095792;0.128697;0.637133;10.024654;0
-0.087464;0.134613;0.632590;10.024654;0
-0.079380;0.147769;0.632590;10.024654;0
-0.071659;0.157007;0.629307;10.024654;0
-0.064324;0.147410;0.627399;10.024654;0
-0.054741;0.132312;0.627399;10.024654;0
-0.048008;0.129390;0.626958;10.024654;0
-0.041570;0.123818;0.628045;10.024654;0
-0.035696;0.107670;0.628045;10.024654;0
-0.030101;0.093026;0.630691;10.024654;0
-0.023276;0.089706;0.634891;10.024654;0
-0.018493;0.100936;0.634891;10.024654;0
-0.013890;0.118604;0.640598;10.024654;0
-0.009539;0.125982;0.640598;10.024654;0
-0.005316;0.119729;0.647728;10.024654;0
-0.000007;0.109094;0.656157;10.024654;0
0.003647;0.108086;0.656157;10.024654;0
0.007249;0.109719;0.665720;10.024654;0
0.010812;0.099804;0.676221;10.024654;0
0.015110;0.090272;0.676221;10.024654;0
0.018097;0.091318;0.687426;10.024654;0
0.020582;0.091859;0.687426;10.024654;0
-0.876238;0.026217;0.699076;10.024654;0
-0.889054;-0.004129;0.699076;10.024654;0
-0.903590;-0.034845;0.710886;10.024654;0
-0.925592;-0.054809;0.710886;10.024654;0
-0.943983;-0.047960;0.722568;10.024654;0
-0.963943;-0.033497;0.722568;10.024654;0
-0.984480;-0.015393;0.733852;10.024654;0
-1.000000;0.010627;0.733852;10.024654;0
-1.000000;0.052580;0.733852;10.024654;0
-1.000000;0.081206;0.744488;10.024654;0
-1.000000;0.094890;0.744488;10.024654;0
-1.000000;0.102909;0.754251;10.024654;0
-1.000000;0.111336;0.754251;10.024654;0
-1.000000;0.126978;0.754251;10.024654;0
-1.000000;0.135071;0.762938;10.024654;0
-1.000000;0.133876;0.762938;10.024654;0
-1.000000;0.132686;0.762938;10.024654;0
-1.000000;0.136980;0.770373;10.024654;0
-1.000000;0.145145;0.770373;10.024654;0
-1.000000;0.151440;0.770373;10.024654;0
-1.000000;0.147833;0.770373;10.024654;0
-1.000000;0.143374;0.770373;10.024654;0
-1.000000;0.143379;0.776406;10.024654;0
-1.000000;0.150248;0.776406;10.024654;0
-0.983424;0.169403;0.776406;10.024654;0
-0.952389;0.175311;0.776406;10.024654;0
-0.919274;0.170782;0.780913;10.024654;0
-0.884800;0.166914;0.780913;10.024654;0
-0.849357;0.166180;0.780913;10.024654;0
-0.798884;0.171485;0.783795;10.024654;0
-0.759095;0.174733;0.783795;10.024654;0
-0.719188;0.168405;0.783795;10.024654;0
-0.679701;0.160906;0.784978;10.024654;0
-0.639483;0.158328;0.784978;10.024654;0
-0.585150;0.165393;0.784978;10.024654;0
-0.545467;0.168369;0.784413;10.024654;0
-0.506432;0.164180;0.784413;10.024654;0
-0.468987;0.161773;0.784413;10.024654;0
-0.420245;0.162110;0.784413;10.024654;0
-0.384746;0.163979;0.782077;10.024654;0
-0.350549;0.161317;0.782077;10.024654;0
-0.317343;0.148917;0.782077;10.024654;0
-0.286943;0.139862;0.777971;10.024654;0
-0.249034;0.136395;0.777971;10.024654;0
-0.221769;0.140253;0.777971;10.024654;0
-0.195669;0.135174;0.772121;10.024654;0
-0.171280;0.126027;0.772121;10.024654;0
-0.148904;0.119019;0.772121;10.024654;0
-0.121536;0.119981;0.764576;10.024654;0
-0.102302;0.122676;0.755412;10.024654;0
