0.119990;-0.396943;0.177651;9.743489
0.082921;0.145402;0.185424;9.762487
0.092473;-0.340841;0.156877;9.730869
0.075950;-0.025756;0.147029;9.742544
0.069142;0.108016;0.134125;9.748831
0.062256;0.304143;0.123833;9.760100
0.061901;0.353092;0.111083;9.769941
0.077293;0.001225;0.082756;9.749716
0.074157;0.121204;0.071442;9.758374
0.069925;0.288229;0.062145;9.769130
0.065693;0.403239;0.054476;9.781964
0.075896;-0.068689;0.035556;9.753119
0.070651;0.050417;0.029217;9.763492
0.066989;0.094495;0.023546;9.767994
0.062886;0.151581;0.020110;9.773564
0.071906;-0.392111;0.010320;9.742096
0.064297;-0.157043;0.010316;9.749241
0.073664;-0.628653;0.001298;9.726657
0.062803;-0.160716;0.004418;9.744521
0.054179;0.183021;0.009010;9.747267
0.062487;-0.125121;0.009306;9.752501
0.051376;0.235297;0.017998;9.755375
0.043468;0.406245;0.027753;9.768737
0.036045;0.509533;0.039123;9.784626
0.047854;0.011499;0.046124;9.778874
0.035467;0.132687;0.058510;9.777102
0.026361;0.111634;0.070521;9.785117
0.017761;0.118062;0.083471;9.789950
0.006939;0.167322;0.098336;9.797138
0.042866;-0.519564;0.099855;9.745872
0.029225;-0.311965;0.113971;9.755566
0.015881;-0.169998;0.128231;9.763355
-0.007478;0.104666;0.148106;9.772260
-0.016038;0.166849;0.165349;9.774670
0.029670;-0.329384;0.166281;9.746567
-0.003049;-0.016387;0.190204;9.759768
-0.035169;0.182823;0.217119;9.772073
-0.059062;0.261114;0.243286;9.782934
0.019001;-0.380883;0.238488;9.756219
-0.006996;-0.152705;0.267737;9.768581
-0.004522;-0.054546;0.293937;9.778137
0.009676;0.043383;0.319213;9.788340
0.026170;0.140119;0.344996;9.799372
0.126464;-0.306097;0.334838;9.789091
0.118478;-0.071747;0.354404;9.794390
0.098130;0.148708;0.375803;9.803104
0.086752;0.248623;0.389104;9.812168
0.079598;0.269110;0.397382;9.821663
0.142209;-0.325263;0.358964;9.795203
0.106431;-0.130527;0.361252;9.800669
0.008701;0.047433;0.365713;9.810955
-0.055145;0.148415;0.372000;9.816725
0.009406;-0.378287;0.335879;9.807709
-0.036083;-0.119660;0.351765;9.812688
-0.054745;0.022597;0.368925;9.820027
-0.057444;0.138083;0.388042;9.829518
-0.043469;0.167277;0.406573;9.838635
0.063105;-0.209758;0.380003;9.813914
0.027541;0.042270;0.412550;9.823976
0.019735;0.117770;0.435264;9.832534
0.000213;0.234711;0.465705;9.844668
0.116662;-0.301053;0.436799;9.833300
0.072804;-0.078494;0.467586;9.837166
0.060387;-0.033815;0.485523;9.842409
0.024874;0.127854;0.513341;9.852350
0.006797;0.185666;0.535109;9.858010
0.121810;-0.342560;0.489746;9.823979
0.082183;-0.128605;0.507752;9.829926
0.049585;0.024690;0.524457;9.839057
0.029456;0.141246;0.536633;9.844626
0.015592;0.211265;0.547192;9.851945
0.104626;-0.219703;0.505539;9.835048
0.063586;0.002734;0.519513;9.838061
0.050709;0.050363;0.521283;9.842012
0.041636;0.104479;0.519599;9.846924
0.031259;0.156293;0.519245;9.852160
0.132842;-0.364527;0.457624;9.822381
0.086603;-0.085669;0.462930;9.829076
0.074859;-0.024591;0.454190;9.830652
0.060600;0.081295;0.446985;9.835834
0.041613;0.192458;0.445184;9.843300
0.119748;-0.269703;0.387295;9.815875
0.076516;0.012249;0.392018;9.819601
0.053871;0.135760;0.390128;9.829258
0.050035;0.160692;0.380473;9.832081
0.045019;0.188623;0.373817;9.836477
0.108538;-0.249976;0.325600;9.808139
0.073902;0.019846;0.328937;9.820298
0.070789;0.038242;0.318444;9.820127
0.059070;0.135838;0.314364;9.826910
0.050276;0.209588;0.311345;9.834101
0.117973;-0.339304;0.261290;9.794638
0.089298;-0.070304;0.262133;9.806387
0.081168;0.011007;0.255438;9.808472
0.070812;0.125406;0.251874;9.814120
0.111669;-0.259146;0.215627;9.788434
0.092493;-0.029195;0.213661;9.796377
0.085051;0.052983;0.207890;9.801108
0.079084;0.134420;0.203030;9.807412
0.117693;-0.306555;0.172082;9.788170
0.098345;-0.046278;0.172501;9.792074
0.088842;0.066942;0.169998;9.798083
0.076741;0.236533;0.170541;9.805524
0.073254;0.269889;0.167688;9.811142
0.111832;-0.329824;0.138412;9.784054
0.101394;-0.137080;0.136320;9.786861
0.093581;-0.025952;0.132666;9.791624
0.088066;0.073397;0.127918;9.793914
0.083567;0.176219;0.124252;9.800217
0.082990;0.192732;0.118830;9.802723
0.105494;-0.310709;0.095250;9.771831
0.096406;-0.059676;0.091405;9.779615
0.091720;0.073586;0.086141;9.784695
0.085562;0.263465;0.082711;9.792655
0.100514;-0.267526;0.062957;9.773989
0.095714;-0.042458;0.057022;9.775696
0.093097;0.068260;0.050221;9.781287
0.091306;0.229317;0.044329;9.787798
0.091391;0.265664;0.036692;9.793555
0.085129;-0.274436;0.024132;9.776620
0.095548;-0.031417;0.014214;9.776449
0.096126;0.046505;0.006085;9.781164
0.097168;0.178479;-0.002551;9.787498
0.098657;0.177520;-0.011673;9.789483
0.092606;-0.324093;-0.023906;9.755758
0.095275;-0.101796;-0.033556;9.759545
0.098371;0.037136;-0.043449;9.765966
0.100738;0.143169;-0.053684;9.771370
0.082638;-0.306923;-0.061860;9.760297
0.076307;-0.093693;-0.071198;9.762522
0.066541;0.013494;-0.078693;9.768839
0.057800;0.186300;-0.085055;9.777566
0.048867;0.272941;-0.088668;9.785942
0.031213;-0.304353;-0.083804;9.770845
0.024456;-0.081849;-0.082482;9.773516
0.018507;0.037485;-0.077641;9.779805
0.012965;0.120684;-0.069558;9.785357
0.007946;0.142974;-0.058251;9.790722
0.012711;-0.387667;-0.041310;9.769295
0.037453;0.008437;-0.026378;9.778458
0.059833;0.135549;-0.012093;9.782601
0.075955;0.229371;0.001365;9.790133
0.084522;0.277099;0.014015;9.798006
0.091994;-0.214956;0.025186;9.769913
0.084697;0.062554;0.033786;9.779690
0.075508;0.205693;0.041214;9.789957
0.066240;0.313634;0.047171;9.800438
0.059054;0.296272;0.051660;9.806982
0.060958;-0.145311;0.052447;9.766728
0.055330;0.103461;0.053713;9.782808
0.053533;0.176034;0.053625;9.790557
0.052974;0.246368;0.052889;9.800448
0.061958;-0.243187;0.048533;9.771714
0.061711;-0.028690;0.046067;9.778636
0.062144;0.060426;0.043089;9.790249
0.062156;0.196716;0.040038;9.800489
0.063175;0.211287;0.036704;9.805687
0.072824;-0.443582;0.029568;9.758046
0.071107;-0.173570;0.026032;9.772554
0.069441;0.013474;0.022874;9.786489
0.067881;0.190239;0.020116;9.794829
0.067669;0.271796;0.017678;9.803518
0.073980;-0.240561;0.012573;9.766169
0.071800;0.016093;0.010547;9.781563
0.071062;0.138873;0.008996;9.793207
0.070156;0.269895;0.008078;9.805515
0.070434;0.289802;0.007599;9.813846
0.076058;-0.232253;0.004733;9.764503
0.074788;-0.069894;0.004350;9.782053
0.072788;0.193746;0.004805;9.799681
0.072938;0.255655;0.005250;9.804183
0.079591;-0.401598;0.004030;9.753864
0.077806;-0.132899;0.004460;9.768914
0.076407;0.087376;0.005347;9.787621
0.075586;0.199404;0.006174;9.792813
0.075319;0.273588;0.007334;9.802695
0.075317;0.285991;0.008711;9.811185
0.079202;-0.088399;0.007838;9.770566
0.078424;0.013143;0.008604;9.778968
0.077404;0.148080;0.009518;9.787636
0.076845;0.196088;0.010554;9.793889
0.084236;-0.516631;0.009779;9.741986
0.081513;-0.157664;0.010383;9.760321
0.079080;0.050844;0.011138;9.774634
0.085308;-0.512072;0.008402;9.733984
0.081383;-0.057498;0.008567;9.758322
0.078689;0.288521;0.009267;9.768201
0.083833;-0.235850;0.008131;9.762943
0.078387;0.148631;0.009156;9.768949
0.073355;0.413337;0.011084;9.787012
0.068654;0.624656;0.013757;9.808900
0.067215;0.536932;0.016246;9.821849
0.075220;-0.216489;0.016365;9.769052
0.067114;0.088505;0.019297;9.791235
0.063982;0.089680;0.021772;9.792115
0.060796;0.121684;0.024762;9.794426
0.072265;-0.532342;0.024337;9.734303
0.064571;-0.190646;0.028170;9.752670
0.060494;-0.115696;0.031480;9.753981
0.054401;0.052897;0.036231;9.760619
0.051825;0.157724;0.041869;9.767664
0.046192;0.331295;0.049981;9.781393
0.070837;-0.335225;0.047910;9.720735
0.064344;-0.132656;0.054137;9.734844
0.054045;0.064517;0.062167;9.749326
0.044079;0.128615;0.070084;9.756878
0.029512;0.168378;0.079976;9.765109
0.040738;-0.426275;0.079605;9.738264
0.215276;-0.175266;0.085365;9.751040
0.331938;-0.030037;0.077895;9.755514
0.410846;0.164894;0.059360;9.767401
0.386685;-0.369654;0.030517;9.775260
0.379489;-0.095723;-0.008305;9.779995
0.344185;0.068893;-0.054703;9.791248
0.318092;0.313397;-0.111962;9.803881
0.171593;-0.270518;-0.149181;9.807420
0.156370;-0.050664;-0.209601;9.806789
0.150927;0.081102;-0.270012;9.815583
0.163881;0.243800;-0.335642;9.826038
0.167294;0.260651;-0.394227;9.837231
0.180372;0.269250;-0.453309;9.847523
0.076642;-0.303431;-0.469037;9.824952
0.120809;-0.087514;-0.522658;9.832068
0.147929;0.013092;-0.568147;9.839434
0.180947;0.153357;-0.614124;9.850051
0.039428;-0.425910;-0.590798;9.823074
0.088979;-0.123236;-0.631272;9.831978
0.118924;0.020345;-0.660030;9.842851
0.165126;0.231228;-0.694546;9.856758
0.180177;0.283003;-0.714810;9.868743
0.195994;0.324202;-0.734116;9.882187
0.096210;0.002168;-0.685200;9.850630
0.116918;0.075430;-0.692319;9.859449
0.138560;0.183792;-0.697705;9.871027
0.152404;0.238040;-0.697808;9.882546
-0.009276;-0.489342;-0.601621;9.822590
0.019451;-0.258252;-0.593893;9.832855
0.059610;-0.042266;-0.588639;9.852213
0.093353;0.157402;-0.581585;9.860507
0.118138;0.296637;-0.573034;9.872133
0.030521;-0.064932;-0.486479;9.827223
0.046644;0.031854;-0.466311;9.837803
0.068329;0.187182;-0.451207;9.849148
0.090711;0.338201;-0.441661;9.862219
-0.015723;-0.422037;-0.349953;9.800366
0.017922;-0.094549;-0.344113;9.815199
0.024660;-0.025893;-0.323301;9.822862
0.036705;0.116063;-0.307554;9.829386
0.047532;0.242114;-0.294439;9.838777
-0.011163;-0.330371;-0.229155;9.784443
0.006718;-0.042396;-0.218912;9.798998
0.007408;0.009311;-0.199728;9.800503
0.014684;0.188441;-0.188419;9.811993
-0.024685;-0.440553;-0.134434;9.763869
-0.015606;-0.102463;-0.125299;9.775434
-0.012937;0.142643;-0.115706;9.791047
-0.018970;0.283197;-0.100653;9.797968
-0.030842;0.267580;-0.080525;9.801621
-0.043569;-0.419041;-0.038941;9.751134
-0.060786;-0.154939;-0.019120;9.768042
-0.084116;0.083707;0.003856;9.780116
-0.111308;0.184985;0.032682;9.785860
-0.138248;0.242993;0.065817;9.796362
-0.138760;0.211338;0.102507;9.800065
-0.079268;-0.146996;0.136848;9.769145
-0.066487;-0.036846;0.175928;9.779525
-0.079841;0.226640;0.220703;9.797905
-0.061680;0.154407;0.258086;9.803961
0.034831;-0.527277;0.273318;9.774203
-0.019157;-0.345489;0.312912;9.788645
-0.098799;-0.319710;0.354093;9.806293
0.200723;0.007452;0.395603;9.797446
0.416379;0.123718;0.406291;9.790418
0.562022;0.220384;0.395649;9.795981
0.614746;-0.272460;0.339794;9.790691
0.590611;0.029673;0.293658;9.795355
0.515556;0.151662;0.231145;9.805829
0.426029;0.274128;0.155599;9.818272
0.341704;0.354735;0.069662;9.829500
0.176766;-0.214902;-0.018818;9.812947
0.150086;-0.026170;-0.110763;9.815677
0.145650;0.116524;-0.202868;9.824384
0.156887;0.225187;-0.296513;9.833199
0.184184;0.308186;-0.391969;9.844519
0.078022;-0.323496;-0.448076;9.814854
0.115976;-0.163907;-0.525447;9.817928
0.140325;-0.103614;-0.591255;9.828121
0.187845;0.081391;-0.661495;9.840846
0.213755;0.166929;-0.719832;9.851513
0.051558;-0.439330;-0.705493;9.817074
0.087173;-0.195774;-0.747568;9.829403
0.136492;0.016870;-0.787596;9.847198
0.152479;0.112983;-0.808823;9.854184
0.138631;0.089124;-0.811700;9.859070
0.178651;0.247157;-0.833929;9.876626
0.184360;0.245815;-0.837232;9.886680
0.001114;-0.466907;-0.741087;9.828155
0.053045;-0.161776;-0.745965;9.845369
0.090651;-0.002724;-0.740451;9.859691
0.135912;0.215934;-0.738128;9.875246
0.133805;0.198325;-0.712388;9.876022
-0.007773;-0.432433;-0.604341;9.816831
0.030836;-0.165832;-0.588292;9.831380
0.059631;-0.031596;-0.567522;9.844240
0.081787;0.094806;-0.544298;9.850057
0.098314;0.182626;-0.521550;9.857231
-0.005627;-0.389846;-0.422850;9.799525
0.042978;-0.045205;-0.414351;9.820176
0.063825;0.084154;-0.397556;9.827058
0.086837;0.229235;-0.386753;9.837578
0.104240;0.322927;-0.379445;9.849196
0.015655;-0.328494;-0.304651;9.791198
0.041874;-0.098635;-0.299421;9.803131
0.059843;0.029215;-0.293943;9.811611
0.066169;0.076322;-0.283417;9.811949
0.004196;-0.443944;-0.229471;9.765550
0.032138;-0.155341;-0.230947;9.767762
0.049630;-0.018657;-0.230982;9.779145
0.067866;0.140634;-0.233592;9.787827
0.084870;0.264187;-0.239137;9.797089
0.029468;-0.320605;-0.201058;9.761680
0.060492;-0.005242;-0.214648;9.772214
0.067374;0.041146;-0.217185;9.776190
0.079329;0.137790;-0.222950;9.783922
0.036222;-0.341090;-0.196561;9.756896
0.061162;-0.102848;-0.204639;9.762879
0.082988;0.023581;-0.212292;9.769620
0.110022;0.090142;-0.220070;9.776361
0.146790;0.082812;-0.229911;9.780006
0.140084;-0.583132;-0.206845;9.748841
0.177673;-0.217838;-0.230557;9.771248
0.193340;-0.005069;-0.254814;9.782022
0.204380;0.257454;-0.288344;9.796963
0.091496;-0.251746;-0.277962;9.801718
0.109685;0.071581;-0.316504;9.805044
0.117153;0.215436;-0.351127;9.816931
0.117994;0.275424;-0.380462;9.829840
0.035096;-0.211364;-0.369323;9.818537
0.069277;0.035204;-0.399560;9.822544
0.086435;0.117155;-0.420886;9.831354
0.120659;0.290095;-0.449108;9.844475
0.131795;0.300245;-0.466368;9.853264
0.023908;-0.379779;-0.423496;9.803769
0.058305;-0.095567;-0.441350;9.813684
0.082938;0.053178;-0.452864;9.826650
0.105026;0.206865;-0.462269;9.838044
0.125656;0.323944;-0.471024;9.851523
0.050083;-0.066571;-0.419244;9.815740
0.068155;0.051734;-0.417961;9.825692
0.080541;0.149002;-0.412900;9.834175
0.089901;0.217851;-0.406018;9.843356
-0.071995;-0.799960;-0.291243;9.771867
-0.012016;-0.296725;-0.293079;9.792216
0.044962;0.207089;-0.299176;9.799061
0.077761;0.510984;-0.300489;9.811210
0.102568;0.704328;-0.303571;9.834045
0.111630;0.736040;-0.303653;9.859668
0.046664;-0.032839;-0.257580;9.826275
0.067002;0.239474;-0.263143;9.845321
0.071371;0.275446;-0.259638;9.859384
0.065272;0.192047;-0.247409;9.858834
0.059186;0.115038;-0.233506;9.856665
0.016803;-0.353469;-0.184741;9.790704
0.028404;-0.138482;-0.175766;9.805383
0.037711;0.065439;-0.164945;9.809616
0.048350;0.305117;-0.157642;9.823822
0.025137;-0.236090;-0.120665;9.771586
0.029045;0.021406;-0.110710;9.785680
0.027645;0.152023;-0.099060;9.798407
0.022962;0.276844;-0.086384;9.810855
0.009270;-0.433901;-0.052594;9.754787
0.000978;-0.243234;-0.036792;9.761599
-0.008206;-0.113826;-0.020277;9.772067
-0.022096;0.180537;-0.003647;9.785184
-0.039836;0.333924;0.016909;9.795192
-0.055232;0.286622;0.040500;9.798002
-0.039594;-0.262505;0.066012;9.746602
-0.073699;-0.034958;0.093602;9.765729
-0.086715;0.055287;0.123177;9.771053
-0.087670;0.161262;0.156212;9.781986
-0.072420;0.173637;0.189783;9.789973
0.039555;-0.556958;0.202124;9.750268
0.029631;-0.271776;0.235480;9.763251
0.011422;-0.101341;0.268251;9.777416
-0.026615;0.085891;0.305062;9.791586
-0.083781;0.136626;0.342843;9.805969
-0.008947;-0.706540;0.333222;9.774820
0.223429;-0.357253;0.367067;9.772978
0.383934;-0.072862;0.385133;9.775042
0.491207;0.092379;0.379008;9.779849
0.529907;0.187386;0.355974;9.792020
0.493038;-0.263514;0.296948;9.799866
0.430915;0.030168;0.251305;9.802299
0.352392;0.123417;0.195978;9.808610
0.277894;0.200601;0.132966;9.816806
0.213734;0.197524;0.064411;9.822922
0.115247;-0.268178;-0.012014;9.810799
0.126724;0.052401;-0.089180;9.810062
0.129053;0.106490;-0.161887;9.814293
0.144830;0.161908;-0.236351;9.822170
0.081141;-0.298865;-0.296940;9.820350
0.126658;-0.071874;-0.368896;9.820179
0.144966;-0.013600;-0.432549;9.825943
0.163789;0.056120;-0.494194;9.835846
0.193540;0.158019;-0.559328;9.843841
0.080640;-0.272041;-0.580779;9.843475
0.132645;-0.022927;-0.642086;9.844733
0.154084;0.067842;-0.692022;9.851154
0.173325;0.143616;-0.740075;9.860932
0.027433;-0.289274;-0.722393;9.852786
0.094136;-0.011632;-0.777485;9.854189
0.103938;0.028061;-0.808180;9.860550
0.125663;0.108872;-0.841788;9.870463
0.017220;-0.207661;-0.816012;9.867270
0.072170;0.006979;-0.854931;9.867887
0.091792;0.058324;-0.877246;9.871929
0.113904;0.129183;-0.898907;9.880057
0.126078;0.150038;-0.916011;9.886707
-0.045414;-0.332715;-0.833443;9.853115
0.007284;-0.114350;-0.852823;9.858741
0.056033;0.038210;-0.868838;9.866837
0.083994;0.130701;-0.873040;9.870819
0.103785;0.182086;-0.874103;9.877099
-0.008195;-0.124057;-0.788177;9.838711
0.046352;0.073410;-0.795756;9.851070
0.076575;0.162229;-0.792035;9.859120
0.101832;0.228047;-0.785878;9.868006
-0.016293;-0.254086;-0.690585;9.835451
0.020560;-0.081138;-0.681661;9.839509
0.045284;-0.001900;-0.665603;9.847146
0.064096;0.073656;-0.645105;9.851844
0.076685;0.115672;-0.622348;9.856634
-0.015617;-0.303716;-0.527364;9.818155
0.036893;-0.018745;-0.522257;9.833301
0.052366;0.058283;-0.500119;9.835712
0.056504;0.078520;-0.472031;9.836314
0.063823;0.112231;-0.449056;9.839454
-0.006293;-0.302814;-0.372965;9.802825
0.019559;-0.112853;-0.358794;9.811374
0.041289;0.018266;-0.345841;9.818660
0.062362;0.154959;-0.336911;9.824637
0.078823;0.258043;-0.331645;9.831925
0.005257;-0.300488;-0.269558;9.783186
0.023397;-0.136448;-0.265537;9.788019
0.042026;-0.001512;-0.265287;9.801484
0.059973;0.136763;-0.265565;9.808321
-0.001605;-0.423216;-0.215766;9.769471
0.028862;-0.130979;-0.222540;9.780794
0.040485;-0.046944;-0.220667;9.787478
0.064511;0.177425;-0.228931;9.798333
0.077482;0.282113;-0.234217;9.805434
0.021717;-0.310579;-0.197891;9.766940
0.037076;-0.131119;-0.202802;9.772375
0.048033;-0.028034;-0.205942;9.781641
0.056701;0.058503;-0.207626;9.784880
0.063969;0.121806;-0.209413;9.789980
0.068924;0.150705;-0.210748;9.794481
0.030850;-0.312280;-0.185570;9.770676
0.051071;-0.054354;-0.192798;9.777149
0.058988;0.033541;-0.194415;9.779196
0.069399;0.154553;-0.197924;9.785188
0.036367;-0.280817;-0.176477;9.769970
0.054622;-0.026601;-0.182878;9.768883
0.066894;0.102524;-0.187581;9.773241
0.075904;0.194366;-0.190935;9.777738
0.081189;0.212616;-0.192633;9.781144
0.044791;-0.303365;-0.170660;9.760141
0.054802;-0.092565;-0.175087;9.760305
0.051024;0.025017;-0.176992;9.764010
0.039315;0.132566;-0.177289;9.767633
0.025016;0.226720;-0.176050;9.773505
-0.015862;-0.155810;-0.150710;9.747564
-0.024949;0.164407;-0.148225;9.753628
-0.039014;0.198588;-0.134756;9.760739
-0.051795;0.254849;-0.117549;9.770546
-0.067471;0.226862;-0.093939;9.779333
-0.061530;-0.354861;-0.054501;9.760027
-0.080361;-0.123159;-0.023714;9.767971
0.007574;-0.032220;0.008859;9.771462
0.072820;0.070137;0.037361;9.776677
0.118291;0.220401;0.061718;9.783738
0.157804;-0.346833;0.081408;9.765224
0.155981;-0.059698;0.094375;9.769410
0.142392;0.078028;0.102728;9.775785
0.120196;0.292058;0.106824;9.785175
0.098391;0.259942;0.106866;9.790713
0.081869;-0.171968;0.101128;9.764589
0.068577;0.010345;0.093650;9.771387
0.061312;0.104850;0.083950;9.779010
0.059664;0.175505;0.072478;9.785838
0.061439;0.212506;0.059393;9.793081
0.069050;-0.066342;0.042152;9.778801
0.075296;0.042925;0.027047;9.782619
0.081689;0.203561;0.011057;9.790372
0.087917;0.258870;-0.004420;9.797786
0.083240;-0.362766;-0.019827;9.780840
0.089841;-0.095946;-0.035332;9.784085
0.095788;0.071385;-0.050430;9.789995
0.099835;0.139943;-0.064406;9.794504
0.105059;0.244171;-0.078299;9.803873
0.088589;-0.271927;-0.086724;9.786124
0.095509;-0.079936;-0.099175;9.783899
0.105452;0.107109;-0.112063;9.796023
0.110052;0.148213;-0.122888;9.800042
0.118197;0.230002;-0.134582;9.808818
0.085033;-0.398035;-0.132438;9.775108
0.097375;-0.157855;-0.144011;9.783509
0.114396;0.062369;-0.157392;9.794037
0.121306;0.133508;-0.167953;9.799269
0.128719;0.186675;-0.179184;9.806936
0.094212;-0.294177;-0.176114;9.793270
0.114521;-0.051216;-0.191645;9.799774
0.123122;-0.006155;-0.203447;9.807538
0.134005;0.072587;-0.216555;9.815568
0.150726;0.182223;-0.233348;9.826632
0.102313;-0.241966;-0.225187;9.802652
0.123568;-0.056116;-0.243160;9.812781
0.143408;0.089058;-0.262347;9.823582
0.070696;-0.408080;-0.238200;9.804269
0.115100;-0.040734;-0.264531;9.821178
0.067113;-0.303793;-0.260892;9.821625
0.129414;0.131979;-0.296670;9.828186
0.173227;0.344925;-0.332558;9.840402
0.201652;0.546453;-0.375696;9.860131
0.183227;0.517677;-0.408702;9.876782
0.149190;0.440181;-0.438320;9.887163
0.007515;-0.258600;-0.417792;9.836978
-0.008554;-0.072980;-0.439819;9.846696
-0.038674;-0.053590;-0.444087;9.843574
-0.062988;-0.013623;-0.440001;9.839687
-0.130075;-0.476145;-0.388150;9.788634
-0.119672;-0.113683;-0.377214;9.801349
-0.121808;-0.062357;-0.344430;9.792254
-0.124334;0.000601;-0.306039;9.786477
0.062756;-0.366484;-0.240897;9.770500
0.231815;-0.077080;-0.218315;9.777739
0.334322;0.080234;-0.207451;9.787350
0.377856;0.185385;-0.205232;9.798887
0.391433;0.358731;-0.221594;9.817454
0.235633;-0.277108;-0.197531;9.795542
0.213629;-0.031843;-0.229622;9.804430
0.169775;0.033045;-0.259314;9.816619
0.150807;0.195794;-0.300790;9.831441
0.014998;-0.343152;-0.292297;9.797781
0.036409;-0.079279;-0.336402;9.808625
0.064717;0.103677;-0.382405;9.823757
0.086749;0.211995;-0.421857;9.832170
0.109071;0.269288;-0.459178;9.842806
0.120959;0.244141;-0.489612;9.849135
0.051124;-0.117675;-0.471209;9.811869
0.080618;0.007593;-0.496789;9.824680
0.107947;0.148355;-0.519278;9.833907
0.150096;0.355470;-0.549415;9.851982
0.038494;-0.298263;-0.502183;9.797307
0.071470;-0.054066;-0.517995;9.810114
0.088661;0.035651;-0.522348;9.826190
0.112138;0.187254;-0.526717;9.839170
0.011309;-0.425102;-0.459687;9.780186
0.044656;-0.130800;-0.457818;9.797167
0.064513;-0.002469;-0.447322;9.809986
0.080005;0.117628;-0.433326;9.816323
0.091371;0.186375;-0.417868;9.824394
0.097188;0.208477;-0.400704;9.830999
0.024471;-0.360654;-0.332503;9.777562
0.054795;-0.063729;-0.325467;9.797782
0.073753;0.101396;-0.314380;9.809436
0.088084;0.236950;-0.303246;9.820241
0.096472;0.307323;-0.291841;9.829965
0.018106;-0.498807;-0.224442;9.755571
0.038145;-0.232140;-0.218288;9.771099
0.050675;-0.092142;-0.208671;9.786447
0.065680;0.098712;-0.202996;9.794563
0.073615;0.203244;-0.195894;9.799664
0.037449;-0.219156;-0.156246;9.755844
0.052136;0.001389;-0.154570;9.771603
0.061861;0.162788;-0.152846;9.780539
0.073247;0.345074;-0.154780;9.796999
0.028707;-0.436625;-0.118919;9.742805
0.037866;-0.243288;-0.120981;9.737109
0.045325;-0.062433;-0.121708;9.751838
0.049153;0.042283;-0.119924;9.761515
0.055531;0.207071;-0.120458;9.774408
0.055496;0.211755;-0.116921;9.779468
0.033504;-0.294435;-0.093382;9.723889
0.042828;0.067004;-0.096321;9.744094
0.043370;0.151388;-0.092550;9.751004
0.043595;0.272657;-0.088898;9.762991
0.029268;-0.393792;-0.067989;9.731218
0.029307;-0.110773;-0.063957;9.739617
0.025676;-0.016413;-0.056026;9.748654
0.021767;0.198633;-0.047971;9.758419
0.022012;0.259750;-0.037022;9.765421
0.033512;-0.464006;-0.017396;9.730432
0.035490;-0.254699;-0.006324;9.736790
0.034897;-0.076105;0.005633;9.743446
0.031921;0.021524;0.018777;9.746112
0.022327;0.044716;0.032910;9.747265
0.031500;-0.670850;0.046734;9.714297
-0.011537;-0.513392;0.061911;9.717530
0.075097;-0.202947;0.077428;9.733705
0.133684;0.190277;0.089552;9.742287
0.178161;0.352961;0.094851;9.755301
0.205336;0.010440;0.089012;9.753821
0.199825;0.236504;0.083848;9.762343
0.181890;0.360763;0.074806;9.779055
0.158541;0.396096;0.062466;9.794837
0.122756;-0.182448;0.046761;9.793428
0.104771;-0.023584;0.029663;9.788673
0.092116;0.075931;0.011937;9.793471
0.088574;0.270128;-0.007873;9.802414
0.088309;0.330898;-0.026579;9.809734
0.074182;-0.327457;-0.041497;9.780629
0.085434;-0.074966;-0.060770;9.786172
0.094101;0.053305;-0.077764;9.792869
0.101605;0.160255;-0.093675;9.798594
0.107192;0.198481;-0.107840;9.804816
0.082790;-0.480995;-0.111105;9.771748
0.093770;-0.134603;-0.124298;9.784078
0.105174;0.119472;-0.136385;9.798208
0.111903;0.290258;-0.146367;9.807423
0.081068;-0.357843;-0.139731;9.778674
0.089488;-0.068990;-0.146373;9.787335
0.096556;0.105459;-0.151531;9.799507
0.101992;0.236630;-0.154954;9.809513
0.106303;0.313334;-0.157068;9.822305
0.079063;-0.306409;-0.142490;9.788359
0.084158;-0.108287;-0.142665;9.791852
0.088586;-0.011434;-0.141393;9.803000
0.101018;0.296675;-0.144734;9.821550
0.102923;0.324594;-0.143099;9.826931
0.075345;-0.291273;-0.124479;9.780485
0.088018;0.087423;-0.127495;9.803799
0.090742;0.152334;-0.125596;9.809630
0.091871;0.190350;-0.122834;9.816896
0.096459;0.301354;-0.122404;9.831812
0.064287;-0.558506;-0.099396;9.760494
0.074799;-0.196399;-0.100895;9.780892
0.079723;-0.044662;-0.100148;9.793474
0.085341;0.154760;-0.099963;9.803424
0.087167;0.204704;-0.097826;9.808088
0.063245;-0.512693;-0.079140;9.752054
0.070880;-0.168585;-0.080610;9.765604
0.078743;0.099660;-0.082651;9.783409
0.082140;0.257704;-0.083133;9.792065
0.084164;0.339361;-0.083173;9.803668
0.067772;-0.306150;-0.070363;9.767338
0.071446;-0.076494;-0.071060;9.773636
0.072846;0.029393;-0.070609;9.783945
0.074562;0.154353;-0.069977;9.790281
0.074273;0.196964;-0.068114;9.794199
0.073853;0.235276;-0.066204;9.799157
0.062669;-0.406268;-0.053679;9.748066
0.065964;-0.035743;-0.053667;9.767326
0.065753;0.076063;-0.051056;9.767930
0.065107;0.177864;-0.047865;9.772229
0.062985;0.230933;-0.043690;9.776580
0.058690;-0.370379;-0.032239;9.735021
0.058764;-0.043440;-0.028807;9.745861
0.071833;0.016994;-0.023872;9.744556
0.093110;0.136238;-0.020222;9.751150
0.122859;0.139688;-0.017972;9.754210
0.152182;-0.245708;-0.014931;9.728344
0.193222;-0.032925;-0.021758;9.736608
0.245518;0.095698;-0.034054;9.746649
0.308279;0.074904;-0.052988;9.756017
0.407769;-0.114500;-0.079629;9.763220
0.070104;-0.630731;-0.092336;9.745077
-0.142140;-0.238827;-0.113165;9.750080
-0.276105;-0.030623;-0.116453;9.750609
-0.342742;0.163471;-0.105782;9.763643
-0.350012;0.355545;-0.082210;9.777602
-0.223563;-0.239129;-0.048452;9.797237
-0.176481;0.021861;-0.005847;9.796628
-0.109165;0.072872;0.042523;9.808010
-0.075686;0.236177;0.101096;9.817646
0.069354;-0.360743;0.141928;9.826877
0.047908;-0.085917;0.207364;9.826611
0.029275;0.036916;0.273816;9.831065
-0.006622;0.194191;0.345649;9.840124
0.104106;-0.347620;0.376070;9.845169
-0.019108;0.162971;0.460033;9.845095
0.043851;-0.094143;0.491136;9.838515
0.013611;0.023286;0.547484;9.843401
-0.028274;0.195901;0.608097;9.853039
-0.072383;0.348386;0.673014;9.865146
0.178047;-0.428002;0.594995;9.842736
0.101955;-0.112207;0.642260;9.844551
0.038988;0.151477;0.684819;9.848426
-0.011328;0.345885;0.725085;9.857935
-0.061105;0.501766;0.769315;9.871707
0.049033;0.061084;0.743126;9.867826
-0.008308;0.232066;0.778006;9.867799
-0.017294;0.209770;0.792843;9.874753
-0.044422;0.274169;0.814580;9.885623
0.093786;-0.318725;0.732549;9.851232
0.059264;-0.083461;0.757508;9.853284
0.057084;-0.057414;0.745505;9.856729
0.029301;0.091962;0.742461;9.864064
0.033159;0.100660;0.721808;9.862396
0.163689;-0.425921;0.621317;9.816641
0.105576;-0.121559;0.615087;9.830110
0.068776;0.051021;0.600638;9.840457
0.049865;0.166097;0.578165;9.844129
0.151944;-0.354817;0.476940;9.805459
0.119921;-0.142632;0.453123;9.812050
0.104301;-0.040795;0.423327;9.818911
0.068377;0.216913;0.410504;9.831195
0.066085;0.249525;0.383885;9.832806
0.143274;-0.286226;0.300603;9.795236
0.116421;-0.032740;0.283796;9.807066
0.108228;0.060614;0.261646;9.810529
0.102617;0.150242;0.241080;9.815455
0.097231;0.243944;0.225026;9.823024
0.151781;-0.373073;0.161983;9.782129
0.136657;-0.146309;0.148178;9.788289
0.130146;-0.035743;0.131726;9.793930
0.126675;0.058689;0.114349;9.794978
0.125519;0.131029;0.098020;9.797830
0.143065;-0.286089;0.060804;9.771582
0.137188;-0.027646;0.049106;9.777704
0.136373;0.126404;0.036785;9.782747
0.139435;0.240863;0.023683;9.788353
0.142863;-0.254719;-0.004558;9.764297
0.146166;-0.061747;-0.019756;9.761989
0.153086;0.101904;-0.034871;9.770733
0.162519;0.271505;-0.052104;9.779011
0.168623;0.240697;-0.071506;9.782339
0.142909;-0.360637;-0.091372;9.755318
0.160154;-0.108806;-0.114312;9.760509
0.169293;-0.059136;-0.137359;9.761844
0.183477;0.066422;-0.163579;9.767265
0.170582;0.122838;-0.190251;9.772101
0.083619;-0.403527;-0.200778;9.753061
0.066424;-0.098751;-0.226602;9.758373
0.034514;0.016651;-0.244746;9.762676
0.010100;0.206973;-0.259999;9.770566
-0.055617;-0.339393;-0.244893;9.759238
-0.069333;-0.064895;-0.244099;9.761142
-0.080021;0.097938;-0.234848;9.767179
-0.093761;0.165079;-0.213894;9.775586
-0.108559;0.221723;-0.184514;9.784398
-0.100661;-0.368962;-0.135198;9.770113
-0.126652;0.059043;-0.087710;9.779643
-0.116093;0.083299;-0.032523;9.782995
-0.101970;0.169763;0.028938;9.792432
-0.092101;0.293242;0.097679;9.804663
0.022828;-0.401988;0.152620;9.770869
0.008113;-0.102084;0.219378;9.782260
0.003360;0.028133;0.282243;9.794985
-0.007653;0.160010;0.340873;9.804843
-0.019481;0.248517;0.395970;9.816369
0.060885;-0.186767;0.415776;9.782658
0.024985;0.051808;0.459841;9.800850
-0.000498;0.205070;0.496434;9.811810
-0.020781;0.303838;0.527433;9.825216
0.070962;-0.234365;0.509682;9.794613
0.032410;0.039038;0.529758;9.810421
0.019794;0.119746;0.537102;9.820429
-0.001410;0.263415;0.545380;9.835297
0.002735;0.238926;0.539527;9.840938
0.102015;-0.358112;0.482766;9.795707
0.079458;-0.148850;0.473623;9.806084
0.075074;-0.076369;0.454204;9.815596
0.057557;0.100822;0.438923;9.826103
0.045675;0.217917;0.422530;9.835195
0.137390;-0.439493;0.345619;9.771804
0.101170;-0.102063;0.332993;9.791961
0.087617;0.020840;0.312437;9.804606
0.068772;0.215969;0.298333;9.815893
0.141479;-0.440653;0.230505;9.770887
0.116886;-0.141141;0.216585;9.786905
0.095973;0.100474;0.206270;9.804049
0.087956;0.218521;0.193478;9.810212
0.085735;0.288436;0.182396;9.820188
0.090875;0.260834;0.169984;9.826203
0.140987;-0.402661;0.127176;9.776299
0.126737;-0.154996;0.120898;9.791370
0.121225;-0.022407;0.113347;9.798994
0.113767;0.166398;0.109302;9.810135
0.116424;0.181343;0.101051;9.812581
0.139256;-0.207996;0.073783;9.767514
0.136619;-0.021064;0.068067;9.779216
0.138714;0.081239;0.060594;9.789762
0.141065;0.267911;0.055259;9.804559
0.158776;-0.427247;0.032009;9.769227
0.163056;-0.119306;0.024149;9.779342
0.174170;-0.008411;0.013235;9.789243
0.189849;0.231825;0.000281;9.803038
0.208558;0.248914;-0.016429;9.808729
0.204409;-0.516864;-0.037505;9.766132
0.249797;-0.309184;-0.061923;9.774905
0.328414;-0.221094;-0.093334;9.784151
0.049459;-0.093976;-0.120800;9.780928
-0.145877;0.024884;-0.131543;9.779774
-0.271750;-0.449874;-0.122114;9.770117
-0.333583;-0.141497;-0.102321;9.777176
-0.331021;0.088439;-0.067623;9.786546
-0.274382;0.154087;-0.022941;9.799051
-0.204363;0.209341;0.031442;9.812386
-0.027286;-0.314043;0.074872;9.806154
-0.011382;-0.036575;0.144985;9.813894
0.001932;0.085652;0.214171;9.824208
0.001170;0.179048;0.286742;9.835881
-0.001050;0.191975;0.358531;9.845748
0.106206;-0.308582;0.397891;9.838593
0.039088;-0.045212;0.475344;9.844305
0.021465;-0.014286;0.535481;9.848872
-0.003010;0.063853;0.596622;9.857803
-0.034093;0.157948;0.659720;9.866433
0.095898;-0.279170;0.664529;9.856598
0.035165;-0.034933;0.722149;9.859691
0.009774;0.059132;0.767318;9.865005
-0.004169;0.121668;0.804694;9.871909
-0.028977;0.205537;0.845370;9.880218
0.128260;-0.281829;0.799199;9.853354
0.085938;-0.108785;0.823972;9.854756
0.038414;0.058234;0.850627;9.865388
0.018023;0.140356;0.862649;9.869297
0.011968;0.170683;0.866153;9.874464
0.179467;-0.364121;0.775287;9.847753
0.126753;-0.145701;0.776735;9.849772
0.085001;0.006775;0.774784;9.854363
0.053490;0.142370;0.766992;9.859263
0.025772;0.242985;0.760441;9.866086
0.139906;-0.197896;0.667359;9.837112
0.076828;0.073003;0.665034;9.844051
0.051744;0.164884;0.648956;9.848984
0.048092;0.178748;0.623727;9.852296
0.049775;0.163654;0.597040;9.853542
