-0.293411;0.082753;0.627847;10.024654;0
-0.287448;0.082837;0.633690;10.024654;0
-0.279284;0.078942;0.633690;10.024654;0
-0.272940;0.070550;0.633690;10.024654;0
-0.266759;0.057899;0.639025;10.024654;0
-0.260916;0.051724;0.639025;10.024654;0
-0.255591;0.056516;0.643847;10.024654;0
-0.250624;0.066840;0.643847;10.024654;0
-0.244867;0.066570;0.648174;10.024654;0
-0.241133;0.067018;0.648174;10.024654;0
-0.238186;0.074641;0.652043;10.024654;0
-0.235875;0.090848;0.652043;10.024654;0
-0.233725;0.101074;0.655516;10.024654;0
-0.232812;0.102428;0.655516;10.024654;0
-0.232557;0.104528;0.655516;10.024654;0
-0.232996;0.110062;0.658678;10.024654;0
-0.234063;0.115978;0.658678;10.024654;0
-0.236115;0.098731;0.661636;10.024654;0
-0.238138;0.065715;0.661636;10.024654;0
-0.240802;0.032521;0.664519;10.024654;0
-0.244095;0.014996;0.664519;10.024654;0
-0.248989;0.017251;0.664519;10.024654;0
-0.253226;0.023185;0.667474;10.024654;0
-0.257637;0.038397;0.667474;10.024654;0
-0.262434;0.065121;0.670663;10.024654;0
-0.267476;0.096357;0.670663;10.024654;0
-0.272597;0.115761;0.674261;10.024654;0
-0.279316;0.132280;0.674261;10.024654;0
-0.284682;0.142385;0.678445;10.024654;0
-0.289937;0.151793;0.678445;10.024654;0
-0.295355;0.155884;0.683392;10.024654;0
-0.300624;0.141053;0.683392;10.024654;0
-0.307755;0.114301;0.689269;10.024654;0
-0.313437;0.103375;0.689269;10.024654;0
-0.319169;0.102477;0.696223;10.024654;0
-0.324886;0.097399;0.696223;10.024654;0
-0.330700;0.087193;0.696223;10.024654;0
-0.338834;0.085455;0.704372;10.024654;0
-0.344991;0.093606;0.704372;10.024654;0
-0.351134;0.099424;0.713801;10.024654;0
-0.357280;0.091927;0.713801;10.024654;0
-0.363831;0.083426;0.724547;10.024654;0
-0.370785;0.078881;0.724547;10.024654;0
-0.380721;0.080846;0.736599;10.024654;0
-0.388827;0.076809;0.736599;10.024654;0
-0.398474;0.067051;0.736599;10.024654;0
-0.409724;0.062963;0.749890;10.024654;0
-0.427957;0.071223;0.749890;10.024654;0
-0.446822;0.084075;0.764294;10.024654;0
-1.000000;0.126441;0.764294;10.024654;0
-1.000000;0.118886;0.764294;10.024654;0
-1.000000;0.112800;0.779629;10.024654;0
-1.000000;0.116189;0.779629;10.024654;0
-1.000000;0.121492;0.795675;10.024654;0
-1.000000;0.120272;0.795675;10.024654;0
-0.999051;0.121173;0.795675;10.024654;0
-0.988272;0.127098;0.812197;10.024654;0
-0.977012;0.135008;0.812197;10.024654;0
-0.961004;0.135504;0.812197;10.024654;0
-0.948587;0.132437;0.828962;10.024654;0
-0.935681;0.133929;0.828962;10.024654;0
-0.922616;0.141064;0.828962;10.024654;0
-0.908632;0.149777;0.845741;10.024654;0
-0.888721;0.147470;0.845741;10.024654;0
-0.872767;0.143291;0.845741;10.024654;0
-0.856515;0.142752;0.862316;10.024654;0
-0.839303;0.146986;0.862316;10.024654;0
-0.821536;0.150033;0.862316;10.024654;0
-0.796399;0.139984;0.878487;10.024654;0
-0.777073;0.132452;0.878487;10.024654;0
-0.757390;0.131194;0.878487;10.024654;0
-0.737306;0.136588;0.878487;10.024654;0
-0.716729;0.145530;0.894071;10.024654;0
-0.688280;0.144040;0.894071;10.024654;0
-0.666320;0.142363;0.894071;10.024654;0
-0.644174;0.143032;0.908905;10.024654;0
-0.622676;0.147495;0.908905;10.024654;0
-0.600215;0.151816;0.908905;10.024654;0
-0.570469;0.140080;0.922852;10.024654;0
-0.548500;0.131075;0.922852;10.024654;0
-0.526450;0.126687;0.922852;10.024654;0
-0.504716;0.128871;0.922852;10.024654;0
-0.483224;0.132005;0.935794;10.024654;0
-0.456151;0.125794;0.935794;10.024654;0
-0.436615;0.123981;0.935794;10.024654;0
-0.416794;0.127809;0.947638;10.024654;0
-0.397039;0.135657;0.947638;10.024654;0
-0.377983;0.138660;0.947638;10.024654;0
-0.352835;0.131248;0.947638;10.024654;0
-0.335557;0.127776;0.958313;10.024654;0
-0.317835;0.128138;0.958313;10.024654;0
-0.300598;0.133713;0.958313;10.024654;0
-0.283764;0.133527;0.967770;10.024654;0
-0.262660;0.119545;0.967770;10.024654;0
-0.247591;0.111366;0.967770;10.024654;0
-0.232491;0.108401;0.967770;10.024654;0
-0.217859;0.102737;0.975981;10.024654;0
-0.199654;0.089759;0.975981;10.024654;0
-0.186474;0.083857;0.975981;10.024654;0
-0.173530;0.083676;0.982938;10.024654;0
-0.161212;0.085789;0.982938;10.024654;0
-0.149520;0.078982;0.982938;10.024654;0
-0.134644;0.071376;0.982938;10.024654;0
-0.123672;0.074032;0.988652;10.024654;0
-0.112832;0.084884;0.988652;10.024654;0
-0.102456;0.095699;0.988652;10.024654;0
-0.092210;0.091096;0.993149;10.024654;0
-0.079239;0.079657;0.993149;10.024654;0
-0.069924;0.075336;0.993149;10.024654;0
-0.060896;0.076552;0.993149;10.024654;0
-0.051965;0.082706;0.996471;10.024654;0
-0.043262;0.082956;0.996471;10.024654;0
-0.032396;0.070936;0.996471;10.024654;0
-0.024790;0.064877;0.998675;10.024654;0
-0.017171;0.067793;0.998675;10.024654;0
-0.009680;0.075199;0.998675;10.024654;0
-0.000361;0.069045;0.998675;10.024654;0
0.006589;0.064080;0.998675;10.024654;0
0.013001;0.067211;0.998675;10.024654;0
0.019111;0.077607;0.998675;10.024654;0
0.025047;0.088983;0.999826;10.024654;0
0.030707;0.088268;0.999826;10.024654;0
0.037686;0.084457;0.999826;10.024654;0
0.042623;0.086927;0.999826;10.024654;0
0.047167;0.093127;1.000000;10.024654;0
0.051497;0.090062;1.000000;10.024654;0
0.055556;0.077666;1.000000;10.024654;0
0.060526;0.066087;0.999278;10.024654;0
0.063850;0.065138;0.999278;10.024654;0
0.066817;0.065885;0.999278;10.024654;0
0.069593;0.057052;0.999278;10.024654;0
0.072871;0.046456;0.997747;10.024654;0
0.075085;0.046556;0.997747;10.024654;0
0.077155;0.055992;0.997747;10.024654;0
0.079247;0.066448;0.992609;10.024654;0
0.081560;0.063756;0.992609;10.024654;0
0.085368;0.057182;0.992609;10.024654;0
0.089077;0.057401;0.992609;10.024654;0
-0.057817;0.074714;0.989178;10.024654;0
-0.061116;0.075769;0.989178;10.024654;0
-0.065126;0.065372;0.989178;10.024654;0
-0.067867;0.063039;0.989178;10.024654;0
-0.070488;0.068835;0.985271;10.024654;0
-0.072699;0.079381;0.985271;10.024654;0
-0.074473;0.085495;0.985271;10.024654;0
-0.076115;0.084541;0.980931;10.024654;0
-0.076898;0.088438;0.980931;10.024654;0
-0.077304;0.100501;0.980931;10.024654;0
-0.077299;0.113940;0.980931;10.024654;0
-0.076792;0.118486;0.976177;10.024654;0
-0.075602;0.118216;0.976177;10.024654;0
-0.074409;0.123235;0.976177;10.024654;0
-0.073054;0.133000;0.971009;10.024654;0
-0.071505;0.142828;0.971009;10.024654;0
-0.069794;0.141485;0.971009;10.024654;0
-0.068015;0.138241;0.965413;10.024654;0
-0.065638;0.141326;0.965413;10.024654;0
-0.063912;0.150795;0.965413;10.024654;0
-0.062182;0.157358;0.965413;10.024654;0
-0.060388;0.146882;0.959372;10.024654;0
-0.058668;0.135178;0.959372;10.024654;0
-0.057089;0.132083;0.959372;10.024654;0
-0.055240;0.142712;0.952867;10.024654;0
-0.053931;0.145352;0.952867;10.024654;0
-0.052730;0.141777;0.952867;10.024654;0
-0.051640;0.139916;0.945888;10.024654;0
-0.050479;0.148659;0.945888;10.024654;0
-0.049717;0.161647;0.945888;10.024654;0
-0.049022;0.159392;0.938431;10.024654;0
-0.048405;0.150195;0.938431;10.024654;0
-0.047930;0.145907;0.938431;10.024654;0
-0.047463;0.154762;0.930512;10.024654;0
-0.047177;0.159991;0.930512;10.024654;0
-0.046898;0.150590;0.930512;10.024654;0
-0.046670;0.141568;0.922162;10.024654;0
-0.046513;0.142943;0.922162;10.024654;0
-0.046495;0.153100;0.922162;10.024654;0
-0.046486;0.159622;0.913438;10.024654;0
-0.046425;0.151084;0.913438;10.024654;0
-0.046393;0.142396;0.913438;10.024654;0
-0.046461;0.140157;0.954158;10.024654;0
-0.046580;0.144920;0.954158;10.024654;0
-0.046701;0.146885;0.948476;10.024654;0
-0.046763;0.133629;0.948476;10.024654;0
-0.046842;0.117196;0.948476;10.024654;0
-0.046943;0.078807;0.948476;10.024654;0
-0.047097;0.052246;0.948476;10.024654;0
-0.047345;0.044306;0.885928;10.024654;0
-0.047650;0.050696;0.885928;10.024654;0
-0.047976;0.052369;0.876744;10.024654;0
-0.048539;0.066112;0.876744;10.024654;0
-0.049093;0.093518;0.867827;10.024654;0
-0.049737;0.130123;0.867827;10.024654;0
-0.050369;0.152945;0.859369;10.024654;0
-0.050987;0.159375;0.859369;10.024654;0
-0.051975;0.164373;0.859369;10.024654;0
-0.052848;0.168928;0.851575;10.024654;0
-0.053784;0.167086;0.851575;10.024654;0
-0.054789;0.147765;0.844652;10.024654;0
-0.055964;0.127489;0.844652;10.024654;0
-0.057343;0.113276;0.838798;10.024654;0
-0.059566;0.107564;0.838798;10.024654;0
-0.061453;0.109600;0.834197;10.024654;0
-0.063506;0.103376;0.834197;10.024654;0
-0.066043;0.087708;0.830997;10.024654;0
-0.070321;0.072664;0.830997;10.024654;0
-0.074677;0.070714;0.829305;10.024654;0
0.545223;0.059095;0.829305;10.024654;0
0.557224;0.046215;0.829168;10.024654;0
0.569459;0.027495;0.829168;10.024654;0
0.582474;0.015518;0.830567;10.024654;0
0.600400;0.019500;0.830567;10.024654;0
0.613359;0.031135;0.833414;10.024654;0
0.625760;0.035764;0.833414;10.024654;0
0.638045;0.041738;0.837576;10.024654;0
0.653042;0.062805;0.837576;10.024654;0
0.662760;0.081467;0.842878;10.024654;0
0.670973;0.087190;0.842878;10.024654;0
0.677705;0.090074;0.849114;10.024654;0
0.682617;0.097864;0.849114;10.024654;0
0.685454;0.112042;0.856056;10.024654;0
0.685811;0.137166;0.856056;10.024654;0
0.683114;0.145712;0.863464;10.024654;0
0.678110;0.143902;0.863464;10.024654;0
0.670608;0.141313;0.863464;10.024654;0
0.658231;0.145025;0.871093;10.024654;0
0.644300;0.149517;0.878701;10.024654;0
0.629793;0.142291;0.878701;10.024654;0
0.613260;0.135300;0.886055;10.024654;0
0.595025;0.136169;0.886055;10.024654;0
0.572458;0.148892;0.886055;10.024654;0
0.544837;0.164451;0.892937;10.024654;0
0.521561;0.163815;0.892937;10.024654;0
0.497187;0.164546;0.899145;10.024654;0
0.463733;0.172701;0.899145;10.024654;0
0.436598;0.184641;0.899145;10.024654;0
0.409107;0.192909;0.904501;10.024654;0
0.380689;0.183034;0.904501;10.024654;0
0.343618;0.164816;0.908849;10.024654;0
0.314193;0.160334;0.908849;10.024654;0
0.285354;0.159964;0.908849;10.024654;0
0.257414;0.150791;0.912057;10.024654;0
0.229467;0.142806;0.912057;10.024654;0
0.202013;0.140439;0.914019;10.024654;0
0.166547;0.153392;0.914019;10.024654;0
0.140177;0.162572;0.914019;10.024654;0
0.114647;0.155736;0.914657;10.024654;0
0.089896;0.147251;0.914657;10.024654;0
0.065815;0.143974;0.913918;10.024654;0
0.042740;0.147674;0.913918;10.024654;0
0.012934;0.146081;0.913918;10.024654;0
-0.008035;0.136565;0.911777;10.024654;0
-0.029178;0.129581;0.911777;10.024654;0
-0.049473;0.128549;0.908235;10.024654;0
-0.069344;0.132073;0.908235;10.024654;0
-0.095030;0.117650;0.908235;10.024654;0
-0.113836;0.111176;0.903322;10.024654;0
-0.132200;0.115548;0.903322;10.024654;0
-0.150523;0.126659;0.897094;10.024654;0
-0.175612;0.128143;0.897094;10.024654;0
-0.194062;0.114905;0.889636;10.024654;0
-0.212814;0.105930;0.889636;10.024654;0
-0.231688;0.106291;0.889636;10.024654;0
-0.251448;0.114871;0.881061;10.024654;0
-0.279235;0.122709;0.881061;10.024654;0
-0.302455;0.111573;0.871511;10.024654;0
-0.326330;0.103137;0.871511;10.024654;0
-0.352149;0.105690;0.861155;10.024654;0
-0.386762;0.119363;0.861155;10.024654;0
-0.420610;0.128344;0.861155;10.024654;0
0.466412;0.015518;0.850192;10.024654;0
0.484100;-0.010764;0.850192;10.024654;0
0.510611;-0.038190;0.838841;10.024654;0
0.533100;-0.042281;0.838841;10.024654;0
0.558110;-0.031624;0.827310;10.024654;0
0.584674;-0.018369;0.827310;10.024654;0
0.621440;-0.000619;0.827310;10.024654;0
0.649729;0.020727;0.815799;10.024654;0
0.676228;0.047892;0.815799;10.024654;0
0.701509;0.079158;0.804494;10.024654;0
0.724748;0.101626;0.804494;10.024654;0
0.753297;0.113425;0.804494;10.024654;0
0.771968;0.119926;0.793568;10.024654;0
0.788069;0.129885;0.793568;10.024654;0
0.801518;0.145583;0.783182;10.024654;0
0.811607;0.161216;0.783182;10.024654;0
0.817778;0.163003;0.783182;10.024654;0
0.820650;0.157927;0.773478;10.024654;0
0.819021;0.158401;0.773478;10.024654;0
0.814212;0.166135;0.764587;10.024654;0
0.805959;0.175325;0.764587;10.024654;0
0.794546;0.170670;0.764587;10.024654;0
0.775560;0.161662;0.756619;10.024654;0
0.757609;0.162237;0.756619;10.024654;0
0.738388;0.167231;0.749669;10.024654;0
0.716862;0.177695;0.749669;10.024654;0
0.693509;0.192546;0.749669;10.024654;0
0.668891;0.205743;0.743810;10.024654;0
0.633813;0.198575;0.743810;10.024654;0
0.606956;0.191159;0.739098;10.024654;0
0.580308;0.190625;0.739098;10.024654;0
0.552982;0.198051;0.735564;10.024654;0
0.516685;0.206143;0.735564;10.024654;0
0.489009;0.196014;0.735564;10.024654;0
0.462997;0.185000;0.733223;10.024654;0
0.436877;0.178764;0.733223;10.024654;0
0.411658;0.179137;0.732066;10.024654;0
0.380777;0.174027;0.732066;10.024654;0
0.358872;0.161284;0.732062;10.024654;0
0.337463;0.152887;0.732062;10.024654;0
0.317279;0.153669;0.733161;10.024654;0
0.293049;0.168993;0.733161;10.024654;0
0.275708;0.170879;0.735294;10.024654;0
0.259848;0.162400;0.735294;10.024654;0
0.245099;0.154495;0.735294;10.024654;0
0.226642;0.148865;0.738372;10.024654;0
0.214122;0.141445;0.738372;10.024654;0
0.202545;0.123872;0.742290;10.024654;0
0.192376;0.109351;0.742290;10.024654;0
0.182895;0.102145;0.746928;10.024654;0
0.171391;0.107254;0.746928;10.024654;0
0.163733;0.105730;0.752149;10.024654;0
0.156773;0.098947;0.752149;10.024654;0
0.150542;0.094083;0.757806;10.024654;0
0.145020;0.093145;0.757806;10.024654;0
0.140318;0.088263;0.763741;10.024654;0
0.135653;0.071055;0.763741;10.024654;0
0.133363;0.061977;0.769787;10.024654;0
0.132408;0.059606;0.769787;10.024654;0
0.504144;0.117379;0.775768;10.024654;0
0.496121;0.106170;0.775768;10.024654;0
0.490151;0.087769;0.781513;10.024654;0
0.484165;0.074572;0.781513;10.024654;0
0.477839;0.073563;0.786872;10.024654;0
0.471028;0.082418;0.786872;10.024654;0
0.463132;0.084113;0.786872;10.024654;0
0.452956;0.092032;0.791724;10.024654;0
0.443979;0.104810;0.791724;10.024654;0
0.434103;0.109611;0.795970;10.024654;0
0.423377;0.107807;0.795970;10.024654;0
0.411533;0.107159;0.799541;10.024654;0
0.394192;0.117098;0.799541;10.024654;0
0.379973;0.130829;0.799541;10.024654;0
0.365048;0.137926;0.802392;10.024654;0
0.349033;0.131698;0.802392;10.024654;0
0.332916;0.125545;0.804500;10.024654;0
0.310210;0.127495;0.804500;10.024654;0
0.291984;0.131979;0.805870;10.024654;0
0.273378;0.124564;0.805870;10.024654;0
0.255149;0.119208;0.805870;10.024654;0
0.236310;0.120030;0.806527;10.024654;0
0.210847;0.118327;0.806527;10.024654;0
0.192234;0.087462;0.806521;10.024654;0
0.174467;0.047594;0.806521;10.024654;0
0.157400;0.021357;0.806521;10.024654;0
0.134662;0.024529;0.805923;10.024654;0
0.117392;0.053931;0.805923;10.024654;0
0.100522;0.096855;0.804825;10.024654;0
0.083512;0.135010;0.804825;10.024654;0
0.060805;0.165591;0.803337;10.024654;0
0.044192;0.185998;0.803337;10.024654;0
0.027940;0.203669;0.801586;10.024654;0
0.011591;0.210615;0.801586;10.024654;0
-0.009232;0.185243;0.801586;10.024654;0
-0.024833;0.161813;0.799716;10.024654;0
-0.040208;0.146403;0.799716;10.024654;0
-0.054917;0.145460;0.797877;10.024654;0
-0.069604;0.144073;0.797877;10.024654;0
-0.083954;0.136811;0.797877;10.024654;0
-0.103165;0.133508;0.796230;10.024654;0
-0.117229;0.140288;0.794933;10.024654;0
-0.131133;0.145183;0.794933;10.024654;0
-0.144722;0.131619;0.794143;10.024654;0
-0.162586;0.108149;0.794143;10.024654;0
-0.176713;0.100438;0.794004;10.024654;0
-0.190776;0.106339;0.794004;10.024654;0
-0.204451;0.117623;0.794643;10.024654;0
-0.218667;0.114162;0.794643;10.024654;0
-0.237403;0.101291;0.796159;10.024654;0
-0.252718;0.097050;0.796159;10.024654;0
-0.268821;0.100111;0.798622;10.024654;0
-0.285618;0.108610;0.802059;10.024654;0
-0.304044;0.116760;0.802059;10.024654;0
-0.324104;0.105812;0.806454;10.024654;0
-0.356457;0.086965;0.806454;10.024654;0
-0.386013;0.083030;0.811739;10.024654;0
0.908513;-0.056526;0.811739;10.024654;0
0.932905;-0.069856;0.817799;10.024654;0
0.960255;-0.093899;0.817799;10.024654;0
1.000000;-0.110594;0.824478;10.024654;0
1.000000;-0.102729;0.824478;10.024654;0
1.000000;-0.080083;0.824478;10.024654;0
1.000000;-0.054682;0.831589;10.024654;0
1.000000;-0.031495;0.831589;10.024654;0
1.000000;0.002130;0.831589;10.024654;0
1.000000;0.026995;0.838927;10.024654;0
1.000000;0.048217;0.838927;10.024654;0
1.000000;0.060938;0.838927;10.024654;0
1.000000;0.067671;0.846276;10.024654;0
1.000000;0.076924;0.846276;10.024654;0
1.000000;0.085561;0.846276;10.024654;0
1.000000;0.089382;0.853418;10.024654;0
1.000000;0.089846;0.853418;10.024654;0
1.000000;0.091782;0.853418;10.024654;0
1.000000;0.096270;0.853418;10.024654;0
1.000000;0.108533;0.853418;10.024654;0
1.000000;0.115132;0.853418;10.024654;0
1.000000;0.118302;0.853418;10.024654;0
1.000000;0.123330;0.860138;10.024654;0
1.000000;0.131208;0.860138;10.024654;0
1.000000;0.140067;0.860138;10.024654;0
1.000000;0.141706;0.860138;10.024654;0
1.000000;0.144326;0.866230;10.024654;0
1.000000;0.149610;0.866230;10.024654;0
1.000000;0.156843;0.866230;10.024654;0
1.000000;0.158549;0.866230;10.024654;0
1.000000;0.160681;0.871505;10.024654;0
1.000000;0.165646;0.871505;10.024654;0
1.000000;0.172842;0.871505;10.024654;0
1.000000;0.178677;0.871505;10.024654;0
1.000000;0.172507;0.871505;10.024654;0
1.000000;0.167481;0.875787;10.024654;0
1.000000;0.167752;0.875787;10.024654;0
0.996775;0.170868;0.875787;10.024654;0
0.961555;0.169718;0.875787;10.024654;0
0.916289;0.165261;0.878921;10.024654;0
0.881709;0.167226;0.878921;10.024654;0
0.844827;0.175887;0.878921;10.024654;0
0.809859;0.184585;0.878921;10.024654;0
0.775650;0.182271;0.880776;10.024654;0
0.741460;0.177982;0.880776;10.024654;0
0.697691;0.176384;0.880776;10.024654;0
0.665984;0.179297;0.880776;10.024654;0
0.635093;0.175397;0.881241;10.024654;0
0.604826;0.165984;0.881241;10.024654;0
0.575903;0.159838;0.881241;10.024654;0
0.540308;0.158325;0.881241;10.024654;0
0.515256;0.160715;0.880229;10.024654;0
0.491378;0.157701;0.880229;10.024654;0
0.468007;0.146797;0.880229;10.024654;0
0.443147;0.135007;0.880229;10.024654;0
0.419416;0.132288;0.877676;10.024654;0
0.400916;0.137557;0.877676;10.024654;0
0.383224;0.144732;0.877676;10.024654;0
0.366641;0.139793;0.877676;10.024654;0
0.351453;0.131792;0.873544;10.024654;0
0.332671;0.128654;0.873544;10.024654;0
0.319459;0.126729;0.873544;10.024654;0
0.307169;0.114471;0.873544;10.024654;0
0.295756;0.102221;0.867819;10.024654;0
0.285110;0.097112;0.867819;10.024654;0
0.272393;0.103741;0.867819;10.024654;0
0.263248;0.109289;0.860512;10.024654;0
0.254482;0.102645;0.860512;10.024654;0
0.246371;0.093004;0.860512;10.024654;0
0.238549;0.086800;0.860512;10.024654;0
0.229298;0.086333;0.851658;10.024654;0
0.221719;0.090609;0.851658;10.024654;0
0.214990;0.086407;0.851658;10.024654;0
0.208853;0.076342;0.841318;10.024654;0
0.202797;0.068316;0.841318;10.024654;0
0.197098;0.065913;0.841318;10.024654;0
0.189762;0.066883;0.829579;10.024654;0
0.184830;0.059868;0.829579;10.024654;0
0.179995;0.055662;0.829579;10.024654;0
0.175385;0.058517;0.829579;10.024654;0
0.170987;0.066370;0.816553;10.024654;0
0.165656;0.067012;0.816553;10.024654;0
0.162165;0.058291;0.802380;10.024654;0
0.159020;0.049880;0.802380;10.024654;0
0.156143;0.046963;0.802380;10.024654;0
0.153791;0.048100;0.787226;10.024654;0
0.151796;0.040838;0.787226;10.024654;0
0.151384;0.035930;0.787226;10.024654;0
0.152143;0.038420;0.771286;10.024654;0
0.154534;0.046380;0.771286;10.024654;0
0.159249;0.056741;0.771286;10.024654;0
0.178942;0.099907;0.754785;10.024654;0
0.175158;0.090410;0.754785;10.024654;0
0.172333;0.080369;0.754785;10.024654;0
0.170480;0.073883;0.737967;10.024654;0
0.169823;0.076697;0.737967;10.024654;0
0.170733;0.080141;0.721078;10.024654;0
0.172813;0.074217;0.721078;10.024654;0
0.175906;0.069974;0.721078;10.024654;0
0.180094;0.073799;0.704354;10.024654;0
0.187296;0.086575;0.704354;10.024654;0
0.193455;0.086695;0.704354;10.024654;0
0.200349;0.082782;0.688019;10.024654;0
0.207887;0.081685;0.688019;10.024654;0
0.215825;0.085435;0.672288;10.024654;0
0.226669;0.089560;0.672288;10.024654;0
0.234887;0.081806;0.672288;10.024654;0
0.242985;0.075561;0.657361;10.024654;0
0.251182;0.075626;0.657361;10.024654;0
0.261829;0.088552;0.643428;10.024654;0
0.269792;0.096360;0.643428;10.024654;0
0.277438;0.090644;0.630660;10.024654;0
0.284680;0.085834;0.630660;10.024654;0
0.291504;0.086746;0.630660;10.024654;0
0.300313;0.097932;0.619213;10.024654;0
0.306535;0.104096;0.619213;10.024654;0
0.312491;0.101002;0.609224;10.024654;0
0.318049;0.098857;0.609224;10.024654;0
0.323421;0.101640;0.600805;10.024654;0
0.329999;0.111581;0.600805;10.024654;0
0.334684;0.115239;0.594048;10.024654;0
0.339089;0.105976;0.594048;10.024654;0
0.343362;0.098320;0.589016;10.024654;0
0.347506;0.098502;0.589016;10.024654;0
0.352746;0.107633;0.585746;10.024654;0
0.356593;0.116152;0.585746;10.024654;0
0.360211;0.114859;0.584248;10.024654;0
0.363802;0.112428;0.584248;10.024654;0
0.367257;0.112965;0.584502;10.024654;0
0.371836;0.117753;0.584502;10.024654;0
0.375168;0.110390;0.586465;10.024654;0
0.378570;0.101692;0.586465;10.024654;0
0.381974;0.094757;0.590066;10.024654;0
0.385574;0.077734;0.590066;10.024654;0
0.390759;0.056541;0.595216;10.024654;0
0.394884;0.049439;0.595216;10.024654;0
0.399101;0.043402;0.601803;10.024654;0
0.403320;0.050740;0.601803;10.024654;0
0.407444;0.075276;0.609704;10.024654;0
0.412489;0.123719;0.609704;10.024654;0
0.416411;0.164120;0.618781;10.024654;0
0.420567;0.187478;0.618781;10.024654;0
0.425456;0.192865;0.628884;10.024654;0
0.431646;0.191522;0.628884;10.024654;0
0.443543;0.186567;0.639861;10.024654;0
0.456460;0.171088;0.639861;10.024654;0
0.474337;0.150633;0.651550;10.024654;0
0.735512;0.111746;0.651550;10.024654;0
0.723500;0.096152;0.663787;10.024654;0
0.708095;0.079862;0.663787;10.024654;0
0.697409;0.067943;0.676411;10.024654;0
0.687687;0.066985;0.676411;10.024654;0
0.679107;0.076544;0.676411;10.024654;0
0.668767;0.104845;0.689273;10.024654;0
0.660813;0.128713;0.689273;10.024654;0
0.653107;0.139085;0.702250;10.024654;0
0.645678;0.145225;0.702250;10.024654;0
0.638275;0.152853;0.715236;10.024654;0
0.630502;0.161173;0.715236;10.024654;0
0.619441;0.154207;0.715236;10.024654;0
0.610418;0.150037;0.728140;10.024654;0
0.600826;0.153423;0.728140;10.024654;0
0.590086;0.164027;0.740891;10.024654;0
0.578340;0.173984;0.740891;10.024654;0
0.560604;0.168406;0.740891;10.024654;0
0.545870;0.162352;0.753432;10.024654;0
0.530427;0.161794;0.753432;10.024654;0
0.514040;0.171521;0.765717;10.024654;0
0.495988;0.186263;0.765717;10.024654;0
0.477191;0.188184;0.765717;10.024654;0
0.451381;0.186095;0.777713;10.024654;0
0.431869;0.189299;0.777713;10.024654;0
0.411180;0.191533;0.789400;10.024654;0
0.390617;0.180759;0.789400;10.024654;0
0.369781;0.169489;0.789400;10.024654;0
0.343016;0.164543;0.800763;10.024654;0
0.322669;0.168938;0.800763;10.024654;0
0.302256;0.178665;0.811799;10.024654;0
0.282592;0.178752;0.811799;10.024654;0
0.263893;0.169893;0.811799;10.024654;0
0.240538;0.162348;0.822510;10.024654;0
0.223388;0.165699;0.822510;10.024654;0
0.206857;0.176860;0.832901;10.024654;0
0.190674;0.186217;0.832901;10.024654;0
0.175298;0.176911;0.832901;10.024654;0
0.156381;0.156651;0.842986;10.024654;0
0.142921;0.148780;0.842986;10.024654;0
0.130387;0.147909;0.852775;10.024654;0
0.118626;0.136956;0.852775;10.024654;0
0.107786;0.125185;0.862283;10.024654;0
0.093903;0.120214;0.862283;10.024654;0
0.083735;0.129178;0.862283;10.024654;0
0.074376;0.140213;0.871522;10.024654;0
0.065718;0.138696;0.871522;10.024654;0
0.057160;0.129473;0.880501;10.024654;0
0.048764;0.121593;0.880501;10.024654;0
0.038094;0.121819;0.889225;10.024654;0
0.030623;0.122736;0.889225;10.024654;0
0.023217;0.112381;0.889225;10.024654;0
0.016123;0.099238;0.897693;10.024654;0
0.009084;0.094093;0.897693;10.024654;0
-0.000461;0.100271;0.905898;10.024654;0
-0.007577;0.106656;0.905898;10.024654;0
-0.014617;0.099547;0.905898;10.024654;0
-0.022054;0.089720;0.913821;10.024654;0
-0.028962;0.087271;0.913821;10.024654;0
-0.036130;0.093682;0.921436;10.024654;0
-0.045980;0.106659;0.921436;10.024654;0
-0.053543;0.099757;0.928704;10.024654;0
-0.061522;0.089053;0.928704;10.024654;0
-0.070036;0.081482;0.928704;10.024654;0
-0.082964;0.077450;0.935575;10.024654;0
0.080511;0.085392;0.935575;10.024654;0
0.081852;0.059480;0.941990;10.024654;0
0.083877;0.028001;0.941990;10.024654;0
0.086601;0.009371;0.941990;10.024654;0
0.091369;0.006426;0.947877;10.024654;0
0.095974;0.005656;0.947877;10.024654;0
0.100784;0.009712;0.953162;10.024654;0
0.105841;0.023239;0.953162;10.024654;0
0.111002;0.043809;0.953162;10.024654;0
0.118050;0.073887;0.957767;10.024654;0
0.123332;0.079843;0.957767;10.024654;0
0.128421;0.081939;0.957767;10.024654;0
0.133044;0.087948;0.961618;10.024654;0
0.137378;0.102631;0.961618;10.024654;0
0.142509;0.119802;0.964643;10.024654;0
0.145696;0.115618;0.964643;10.024654;0
0.148192;0.111191;0.964643;10.024654;0
0.150133;0.111661;0.966781;10.024654;0
0.151365;0.117649;0.966781;10.024654;0
0.151970;0.122811;0.966781;10.024654;0
0.151685;0.112427;0.967978;10.024654;0
0.150812;0.105368;0.967978;10.024654;0
0.149375;0.109503;0.967978;10.024654;0
0.147384;0.117488;0.968195;10.024654;0
0.144034;0.109147;0.968195;10.024654;0
0.140908;0.105164;0.968195;10.024654;0
0.137471;0.109359;0.967403;10.024654;0
0.133590;0.121188;0.967403;10.024654;0
0.129386;0.134308;0.965591;10.024654;0
0.124949;0.132092;0.965591;10.024654;0
0.118844;0.122873;0.965591;10.024654;0
0.114223;0.124609;0.962762;10.024654;0
0.109389;0.136709;0.962762;10.024654;0
0.104419;0.140955;0.962762;10.024654;0
0.098085;0.136203;0.958939;10.024654;0
0.093120;0.137830;0.958939;10.024654;0
0.088139;0.143849;0.954158;10.024654;0
0.083238;0.154955;0.954158;10.024654;0
0.078544;0.163088;0.954158;10.024654;0
0.072338;0.146965;0.948476;10.024654;0
0.067716;0.132380;0.948476;10.024654;0
0.063263;0.125418;0.948476;10.024654;0
0.058792;0.127732;0.941966;10.024654;0
0.054479;0.127088;0.941966;10.024654;0
0.049178;0.105240;0.934717;10.024654;0
0.045239;0.093397;0.934717;10.024654;0
0.041413;0.093779;0.934717;10.024654;0
0.037609;0.104750;0.926836;10.024654;0
0.033840;0.119379;0.926836;10.024654;0
0.029099;0.116044;0.918442;10.024654;0
0.025527;0.110540;0.918442;10.024654;0
0.022092;0.109380;0.918442;10.024654;0
0.018522;0.114345;0.909667;10.024654;0
0.013661;0.126952;0.909667;10.024654;0
0.010108;0.121691;0.900652;10.024654;0
0.006693;0.108554;0.900652;10.024654;0
0.003276;0.100180;0.900652;10.024654;0
-0.000176;0.099647;0.891546;10.024654;0
-0.004853;0.108560;0.891546;10.024654;0
-0.008408;0.104249;0.882497;10.024654;0
-0.011692;0.092600;0.882497;10.024654;0
-0.015226;0.082861;0.873651;10.024654;0
-0.019895;0.078253;0.873651;10.024654;0
-0.023787;0.070427;0.873651;10.024654;0
-0.027869;0.047500;0.865144;10.024654;0
-0.032510;0.026444;0.865144;10.024654;0
-0.038038;0.015091;0.857099;10.024654;0
-0.681183;0.009799;0.857099;10.024654;0
-0.692657;0.000106;0.857099;10.024654;0
-0.704858;-0.018131;0.849613;10.024654;0
-0.718095;-0.042613;0.849613;10.024654;0
-0.732799;-0.055866;0.842758;10.024654;0
-0.753150;-0.047595;0.842758;10.024654;0
-0.769057;-0.022049;0.842758;10.024654;0
-0.784408;0.001600;0.836575;10.024654;0
-0.799478;0.019214;0.836575;10.024654;0
-0.813738;0.034756;0.831076;10.024654;0
-0.830652;0.057857;0.831076;10.024654;0
-0.841838;0.070880;0.831076;10.024654;0
-0.851187;0.071493;0.826248;10.024654;0
-0.858901;0.070252;0.826248;10.024654;0
-0.866379;0.075191;0.826248;10.024654;0
-0.869481;0.082206;0.822053;10.024654;0
-0.870001;0.084291;0.822053;10.024654;0
-0.868020;0.077332;0.822053;10.024654;0
-0.863661;0.072048;0.818430;10.024654;0
-0.854148;0.076175;0.818430;10.024654;0
-0.843947;0.083019;0.818430;10.024654;0
-0.831237;0.073923;0.818430;10.024654;0
-0.816467;0.056764;0.815302;10.024654;0
-0.793667;0.045237;0.815302;10.024654;0
-0.773561;0.052970;0.815302;10.024654;0
-0.752467;0.073764;0.812579;10.024654;0
-0.728598;0.095500;0.812579;10.024654;0
-0.703324;0.112735;0.812579;10.024654;0
-0.667816;0.135437;0.810160;10.024654;0
-0.637641;0.154686;0.810160;10.024654;0
-0.606929;0.168737;0.810160;10.024654;0
-0.574933;0.169510;0.810160;10.024654;0
-0.542076;0.164567;0.807938;10.024654;0
-0.497791;0.160552;0.807938;10.024654;0
-0.463822;0.162297;0.807938;10.024654;0
-0.429015;0.161214;0.805802;10.024654;0
-0.394342;0.147712;0.805802;10.024654;0
-0.360670;0.136155;0.805802;10.024654;0
-0.316311;0.133215;0.803644;10.024654;0
-0.284431;0.133022;0.803644;10.024654;0
-0.252307;0.121448;0.803644;10.024654;0
-0.221792;0.108975;0.801357;10.024654;0
-0.192827;0.103904;0.801357;10.024654;0
-0.154859;0.112096;0.801357;10.024654;0
-0.126811;0.112736;0.801357;10.024654;0
-0.100984;0.105116;0.798843;10.024654;0
-0.075921;0.099762;0.798843;10.024654;0
-0.052033;0.100415;0.798843;10.024654;0
-0.025353;0.109281;0.796008;10.024654;0
-0.001608;0.113810;0.796008;10.024654;0
0.018663;0.103890;0.796008;10.024654;0
0.037872;0.092215;0.792772;10.024654;0
0.055799;0.085286;0.792772;10.024654;0
0.073154;0.083947;0.792772;10.024654;0
0.094995;0.078498;0.789062;10.024654;0
0.110435;0.068560;0.789062;10.024654;0
0.125161;0.064375;0.789062;10.024654;0
0.138993;0.068487;0.784823;10.024654;0
0.152051;0.073560;0.784823;10.024654;0
0.168575;0.067046;0.780008;10.024654;0
0.180680;0.064358;0.780008;10.024654;0
0.192521;0.070137;0.780008;10.024654;0
0.203896;0.082986;0.774588;10.024654;0
0.214634;0.093964;0.774588;10.024654;0
0.228259;0.086756;0.774588;10.024654;0
0.238223;0.078718;0.768549;10.024654;0
0.247893;0.074601;0.768549;10.024654;0
0.257445;0.075614;0.768549;10.024654;0
0.266759;0.078864;0.761891;10.024654;0
0.277191;0.068973;0.761891;10.024654;0
0.288566;0.058791;0.754634;10.024654;0
0.298656;0.058361;0.754634;10.024654;0
0.309376;0.059459;0.754634;10.024654;0
0.321995;0.048911;0.746813;10.024654;0
0.342909;0.037745;0.746813;10.024654;0
0.364155;0.036322;0.738487;10.024654;0
-0.369426;0.063675;0.738487;10.024654;0
-0.384974;0.078747;0.738487;10.024654;0
-0.400237;0.082967;0.729730;10.024654;0
-0.418953;0.090970;0.729730;10.024654;0
-0.432359;0.101884;0.720634;10.024654;0
-0.443893;0.119165;0.720634;10.024654;0
-0.453612;0.134877;0.720634;10.024654;0
-0.461120;0.135676;0.711300;10.024654;0
-0.468280;0.132826;0.711300;10.024654;0
-0.471051;0.137211;0.701835;10.024654;0
-0.471507;0.145437;0.701835;10.024654;0
-0.469434;0.142341;0.701835;10.024654;0
-0.465114;0.136399;0.692359;10.024654;0
-0.456017;0.139899;0.692359;10.024654;0
-0.446619;0.152577;0.682996;10.024654;0
-0.435491;0.159098;0.682996;10.024654;0
-0.422081;0.158256;0.673883;10.024654;0
-0.407079;0.159821;0.673883;10.024654;0
-0.385248;0.171220;0.673883;10.024654;0
-0.367584;0.184422;0.665158;10.024654;0
-0.348885;0.194768;0.665158;10.024654;0
-0.330087;0.190144;0.656970;10.024654;0
-0.309862;0.179736;0.656970;10.024654;0
-0.283089;0.170929;0.649469;10.024654;0
-0.263494;0.171974;0.649469;10.024654;0
-0.244008;0.174622;0.642807;10.024654;0
-0.224144;0.163597;0.642807;10.024654;0
-0.198906;0.150101;0.637133;10.024654;0
-0.180478;0.151113;0.632590;10.024654;0
-0.163017;0.152490;0.632590;10.024654;0
-0.146337;0.140100;0.629307;10.024654;0
-0.130499;0.128823;0.629307;10.024654;0
-0.110779;0.129861;0.627399;10.024654;0
-0.096458;0.141242;0.626958;10.024654;0
-0.083052;0.156421;0.626958;10.024654;0
-0.070250;0.160621;0.628045;10.024654;0
-0.057890;0.150550;0.628045;10.024654;0
-0.042577;0.136329;0.630691;10.024654;0
-0.031911;0.133640;0.634891;10.024654;0
-0.021421;0.132257;0.634891;10.024654;0
-0.011191;0.124343;0.640598;10.024654;0
-0.001089;0.113184;0.647728;10.024654;0
0.011848;0.105092;0.647728;10.024654;0
0.021218;0.109129;0.656157;10.024654;0
0.030792;0.115452;0.656157;10.024654;0
0.040510;0.107852;0.665720;10.024654;0
0.053786;0.096921;0.676221;10.024654;0
0.064394;0.098188;0.676221;10.024654;0
0.075954;0.110022;0.687426;10.024654;0
0.088194;0.120303;0.687426;10.024654;0
-0.813608;0.063308;0.699076;10.024654;0
-0.827944;0.030422;0.710886;10.024654;0
-0.840431;0.009879;0.710886;10.024654;0
-0.854515;0.002517;0.722568;10.024654;0
-0.869391;0.006115;0.722568;10.024654;0
-0.885435;0.009766;0.722568;10.024654;0
-0.906776;0.025883;0.733852;10.024654;0
-0.924789;0.050789;0.733852;10.024654;0
-0.941043;0.077225;0.744488;10.024654;0
-0.955926;0.092842;0.744488;10.024654;0
-0.969612;0.099430;0.754251;10.024654;0
-0.982281;0.105647;0.754251;10.024654;0
-0.994453;0.116135;0.754251;10.024654;0
-1.000000;0.130263;0.762938;10.024654;0
-1.000000;0.133642;0.762938;10.024654;0
-1.000000;0.130068;0.762938;10.024654;0
-1.000000;0.127096;0.770373;10.024654;0
-1.000000;0.129243;0.770373;10.024654;0
-1.000000;0.135876;0.776406;10.024654;0
-0.997659;0.139080;0.776406;10.024654;0
-0.986367;0.136418;0.776406;10.024654;0
-0.972481;0.135967;0.776406;10.024654;0
-0.951025;0.140913;0.776406;10.024654;0
-0.931449;0.148657;0.780913;10.024654;0
-0.909401;0.156125;0.780913;10.024654;0
-0.885898;0.153913;0.780913;10.024654;0
-0.851586;0.149271;0.783795;10.024654;0
-0.823370;0.151570;0.783795;10.024654;0
-0.794255;0.158390;0.783795;10.024654;0
-0.763273;0.163589;0.784978;10.024654;0
-0.731184;0.155155;0.784978;10.024654;0
-0.688746;0.143501;0.784978;10.024654;0
-0.655153;0.141889;0.784413;10.024654;0
-0.623114;0.148224;0.784413;10.024654;0
-0.589790;0.149947;0.784413;10.024654;0
-0.558387;0.146435;0.782077;10.024654;0
-0.515369;0.147838;0.782077;10.024654;0
-0.483790;0.154785;0.782077;10.024654;0
