0.109355;-0.145920;0.190064;9.757450
0.097804;-0.202524;0.177051;9.749908
0.076337;0.042247;0.170283;9.760771
0.064762;0.178257;0.160487;9.764496
0.083306;-0.325098;0.130551;9.741997
0.074732;-0.043944;0.119441;9.748099
0.070866;0.098858;0.106872;9.755742
0.065911;0.314001;0.096650;9.766473
0.082001;-0.169862;0.071340;9.746828
0.074188;0.124800;0.062275;9.751999
0.072446;0.133666;0.051382;9.759555
0.069734;0.173720;0.042120;9.766713
0.066094;0.234265;0.035414;9.776052
0.063596;0.245769;0.029955;9.782630
0.069137;-0.150862;0.017802;9.751667
0.063662;-0.049705;0.015258;9.757177
0.060596;-0.033928;0.013003;9.758155
0.070202;-0.461507;0.003997;9.730613
0.071768;-0.517892;-0.000307;9.720258
0.066570;-0.264251;0.003145;9.731861
0.054183;0.198085;0.009881;9.740819
0.044540;0.467676;0.018515;9.753273
0.036674;0.657234;0.029539;9.774936
0.056379;-0.055091;0.033008;9.769740
0.043905;0.113460;0.044667;9.768327
0.036853;0.057166;0.055302;9.775462
0.027290;0.093238;0.067353;9.781619
0.012038;0.245450;0.082875;9.792915
0.004736;0.226569;0.097550;9.795416
0.031281;-0.288384;0.101224;9.754106
0.018554;-0.152980;0.115776;9.764025
0.006901;-0.030576;0.131149;9.769484
-0.005516;0.087076;0.148546;9.775428
0.033776;-0.360550;0.151447;9.753006
0.001605;-0.021327;0.174282;9.765513
-0.017584;0.104239;0.195535;9.771173
-0.031963;0.158211;0.217240;9.780502
0.031977;-0.391115;0.217191;9.768734
-0.003662;-0.160321;0.244313;9.775147
-0.028274;0.028061;0.275723;9.785560
-0.020934;0.108203;0.302705;9.792963
-0.003922;0.166707;0.329650;9.802918
0.022356;0.174153;0.353932;9.810791
0.122423;-0.296585;0.345083;9.794468
0.118234;-0.097827;0.363595;9.797993
0.116140;-0.000006;0.375478;9.803427
0.103975;0.118881;0.386007;9.810630
0.098956;0.142709;0.389673;9.815765
0.147801;-0.338249;0.357077;9.804548
0.108175;-0.116227;0.359926;9.805723
0.022006;-0.022531;0.357898;9.810898
-0.035447;0.056733;0.358712;9.816239
-0.076965;0.136195;0.365857;9.824724
-0.020119;-0.190418;0.337527;9.806885
-0.050139;0.038044;0.356466;9.814463
-0.058420;0.171637;0.376964;9.824351
-0.054560;0.248645;0.400207;9.834911
0.081303;-0.311525;0.371674;9.825645
0.044722;-0.024291;0.406239;9.829699
0.024936;0.092205;0.435317;9.836389
0.014485;0.156034;0.459456;9.843157
0.006073;0.184805;0.483584;9.851284
0.111893;-0.313104;0.454698;9.831882
0.053604;-0.030494;0.489674;9.840441
0.029464;0.057170;0.511646;9.843666
0.019125;0.100434;0.527621;9.849398
0.117260;-0.333488;0.491643;9.829369
0.056404;-0.017539;0.519528;9.834738
0.025052;0.122509;0.538337;9.841420
0.005462;0.223334;0.553098;9.848601
0.108058;-0.250698;0.506873;9.830533
0.096551;-0.199357;0.509952;9.820134
0.056112;0.009211;0.522973;9.831440
0.024777;0.155619;0.534446;9.841090
0.020069;0.179559;0.534157;9.846107
0.129661;-0.356573;0.470300;9.817673
0.078381;-0.059209;0.481914;9.828553
0.055666;0.059429;0.482293;9.835079
0.035198;0.181399;0.482928;9.842719
0.139280;-0.388895;0.412681;9.811608
0.100371;-0.121541;0.412448;9.819406
0.079733;-0.002113;0.405639;9.824835
0.064046;0.109285;0.397277;9.829168
0.051751;0.194587;0.391884;9.836334
0.116982;-0.232854;0.340488;9.807805
0.076724;0.043347;0.344624;9.811646
0.061026;0.133042;0.340829;9.822198
0.052794;0.185255;0.335020;9.828245
0.115713;-0.291817;0.288616;9.803314
0.096004;-0.112526;0.285282;9.807180
0.078577;0.019860;0.282570;9.815835
0.063941;0.148818;0.280217;9.821191
0.049101;0.277668;0.282078;9.830026
0.114989;-0.316929;0.237478;9.794549
0.101406;-0.167790;0.232781;9.795803
0.088200;-0.037228;0.230147;9.805087
0.069935;0.148243;0.231429;9.811645
0.066139;0.186674;0.226821;9.814384
0.068930;0.164348;0.220421;9.816002
0.117599;-0.381279;0.182630;9.776986
0.099152;-0.140131;0.180560;9.788232
0.085766;0.048627;0.179191;9.794947
0.075182;0.204865;0.177744;9.801629
0.068785;0.296665;0.175703;9.809511
0.108271;-0.285292;0.143992;9.778028
0.095081;-0.035332;0.142489;9.787466
0.088303;0.069596;0.138552;9.791435
0.088328;0.088691;0.131136;9.794211
0.106380;-0.247139;0.110015;9.778558
0.095298;0.004499;0.107212;9.784312
0.090994;0.113557;0.102001;9.789931
0.088710;0.174165;0.095773;9.795020
0.102130;-0.202219;0.076920;9.779249
0.094356;0.068864;0.072823;9.784438
0.091531;0.164299;0.066864;9.788939
0.089863;0.262400;0.061425;9.796285
0.090664;0.237297;0.054182;9.800530
0.098480;-0.187075;0.036427;9.767735
0.096041;0.020613;0.029663;9.775696
0.094935;0.181872;0.022483;9.782591
0.095111;0.223578;0.014491;9.786940
0.096365;0.215561;0.005945;9.789887
0.097863;0.225002;-0.002575;9.795394
0.094324;-0.319097;-0.015473;9.755104
0.096529;-0.046873;-0.024996;9.766477
0.099128;0.052816;-0.034458;9.770127
0.101041;0.127415;-0.044247;9.775568
0.102610;0.138338;-0.054046;9.779468
0.082893;-0.350603;-0.061684;9.757703
0.077944;-0.061779;-0.071171;9.766099
0.068712;0.077216;-0.078854;9.769986
0.058069;0.174662;-0.084596;9.777608
0.047215;0.225898;-0.087762;9.785213
0.029129;-0.176220;-0.083586;9.763478
0.023407;-0.005808;-0.081841;9.771511
0.017733;0.098238;-0.076638;9.778788
0.012818;0.199065;-0.068280;9.787392
0.007564;0.242965;-0.056843;9.795172
0.015625;-0.440884;-0.039284;9.767624
0.041092;-0.080561;-0.024152;9.775670
0.062974;0.105077;-0.009613;9.780920
0.077863;0.270346;0.004076;9.789118
0.085764;0.301001;0.016551;9.796886
0.092499;-0.241268;0.027771;9.779553
0.084995;0.007068;0.036618;9.784799
0.075634;0.124225;0.044037;9.792757
0.066378;0.241073;0.049919;9.800792
0.059492;0.244545;0.054175;9.806424
0.063843;-0.391686;0.055013;9.771031
0.059442;-0.115819;0.056004;9.780408
0.058001;-0.006648;0.055559;9.786480
0.056142;0.195221;0.054566;9.795500
0.055693;0.322293;0.052960;9.804692
0.057113;0.314070;0.050547;9.810609
0.066947;-0.232861;0.044120;9.773250
0.064279;0.081718;0.041112;9.792361
0.063157;0.240934;0.037841;9.804916
0.063216;0.292242;0.034282;9.812268
0.072315;-0.384294;0.026816;9.759452
0.070780;-0.142738;0.022929;9.772239
0.069552;-0.008555;0.019541;9.785145
0.068580;0.161139;0.016562;9.795865
0.068344;0.263525;0.014190;9.806478
0.067744;0.378331;0.012720;9.822244
0.075949;-0.343825;0.007913;9.755744
0.074539;-0.097539;0.006300;9.776718
0.074284;-0.020796;0.004938;9.783614
0.073281;0.145727;0.004401;9.795783
0.073215;0.248098;0.004385;9.806025
0.079438;-0.343977;0.002572;9.757905
0.076819;0.005574;0.002885;9.781793
0.076735;0.103906;0.003248;9.787350
0.076119;0.205273;0.004012;9.797018
0.076023;0.250758;0.005141;9.806188
0.083190;-0.534060;0.004595;9.746059
0.080521;-0.195834;0.005362;9.766260
0.078600;0.009068;0.006225;9.779441
0.077419;0.219351;0.007229;9.788729
0.076941;0.294194;0.008424;9.797170
0.083520;-0.415147;0.008073;9.749262
0.082684;-0.253533;0.008522;9.744622
0.079964;0.050321;0.009036;9.767521
0.078102;0.199196;0.009635;9.779045
0.076429;0.344041;0.010694;9.794101
0.083565;-0.326929;0.008669;9.733212
0.080133;-0.013865;0.008820;9.748528
0.077541;0.212182;0.009538;9.768015
0.074380;0.363066;0.010641;9.782994
0.073360;0.339895;0.011976;9.791795
0.077750;-0.093116;0.010611;9.751922
0.074131;0.070769;0.012228;9.768909
0.070110;0.269894;0.014527;9.782185
0.069428;0.222921;0.016697;9.784345
0.079614;-0.465043;0.016432;9.738443
0.072887;-0.132280;0.019563;9.754612
0.068510;0.012016;0.022925;9.764943
0.064175;0.090467;0.026435;9.767333
0.060722;0.112092;0.030551;9.771098
0.074590;-0.504781;0.029965;9.730843
0.064220;-0.127656;0.035492;9.747839
0.057898;0.118739;0.042133;9.757213
0.053808;0.259374;0.049218;9.766291
0.074940;-0.328993;0.048710;9.742920
0.064012;-0.040494;0.056128;9.752796
0.050606;0.141733;0.065205;9.764015
0.036073;0.219156;0.075059;9.773682
0.013884;0.251871;0.086950;9.782174
0.172469;-0.411635;0.082588;9.758021
0.264528;-0.024958;0.081748;9.767298
0.324276;0.176269;0.070100;9.772624
0.349620;0.347186;0.048640;9.784411
0.291189;-0.372359;0.023137;9.769634
0.274248;-0.079113;-0.010962;9.772589
0.242260;0.029519;-0.047894;9.781532
0.222180;0.220589;-0.092042;9.791322
0.202871;0.300645;-0.137507;9.802822
0.101093;-0.399940;-0.162144;9.781949
0.111189;-0.178631;-0.208113;9.786044
0.122511;-0.057878;-0.251758;9.795215
0.151736;0.159865;-0.300569;9.806630
0.167414;0.225518;-0.343160;9.815835
0.073473;-0.392387;-0.347607;9.787377
0.121353;-0.052951;-0.392758;9.795909
0.156904;0.136164;-0.433946;9.810774
0.194624;0.331378;-0.476034;9.826271
0.081719;-0.315648;-0.458617;9.806636
0.116972;-0.065572;-0.490983;9.814757
0.142895;0.067168;-0.517580;9.829364
0.186158;0.289469;-0.550915;9.846881
0.062053;-0.338055;-0.503981;9.822476
0.094624;-0.096708;-0.531938;9.817495
0.112744;0.003111;-0.542815;9.832878
0.145653;0.188206;-0.559545;9.849301
0.162779;0.258596;-0.569158;9.861287
0.046916;-0.350098;-0.512086;9.819924
0.080627;-0.095221;-0.520161;9.831552
0.090941;-0.044958;-0.515426;9.840054
0.105784;0.057368;-0.511661;9.848471
0.123683;0.162898;-0.510558;9.859736
0.023341;-0.385729;-0.445898;9.812676
0.068616;-0.039923;-0.453985;9.825725
0.093840;0.108394;-0.454567;9.840960
0.110303;0.212402;-0.451932;9.849725
0.126345;0.291215;-0.451795;9.861636
0.054115;-0.131210;-0.396187;9.816963
0.087051;0.091806;-0.400784;9.835596
0.105164;0.211613;-0.400152;9.845623
0.008743;-0.472607;-0.332738;9.787854
0.039361;-0.194939;-0.333342;9.800398
0.057955;-0.065062;-0.328407;9.813378
0.091761;0.194917;-0.334218;9.828552
0.120007;0.394826;-0.342160;9.843201
0.021884;-0.437221;-0.277578;9.775783
0.048949;-0.158486;-0.281123;9.787096
0.063062;-0.053689;-0.278692;9.798798
0.098305;0.250154;-0.291321;9.816720
0.106578;0.281238;-0.291034;9.819403
0.025482;-0.506560;-0.238535;9.757637
0.051126;-0.231348;-0.243264;9.769395
0.070756;-0.081805;-0.245582;9.781342
0.095158;0.129430;-0.251808;9.789268
0.114164;0.263041;-0.258162;9.796510
0.046522;-0.427558;-0.219197;9.751516
0.058763;-0.164209;-0.226826;9.757114
0.049665;-0.072866;-0.228624;9.764377
0.042719;0.122585;-0.234128;9.772267
0.019803;0.156886;-0.231547;9.774360
-0.004893;0.197542;-0.227553;9.777489
-0.075089;-0.589670;-0.181969;9.736986
-0.096233;-0.286684;-0.174709;9.741803
-0.131980;-0.216263;-0.156026;9.742526
0.032928;-0.007436;-0.137322;9.755702
0.159183;0.193654;-0.128763;9.765103
0.222135;-0.184026;-0.104452;9.760476
0.277240;0.106268;-0.112035;9.769731
0.299807;0.367223;-0.129051;9.783174
0.288417;0.474339;-0.149735;9.801147
0.256638;0.456213;-0.172319;9.817363
0.130755;-0.275079;-0.164574;9.790299
0.120483;-0.055469;-0.194022;9.797294
0.107130;0.036313;-0.221171;9.804558
0.103757;0.134410;-0.249430;9.812094
0.102329;0.165334;-0.275274;9.818303
0.030875;-0.380405;-0.266793;9.787149
0.064329;-0.096360;-0.295143;9.797206
0.094425;0.106096;-0.323129;9.805744
0.120565;0.256582;-0.349524;9.816989
0.043959;-0.365533;-0.328327;9.792413
0.085624;-0.026692;-0.355747;9.802816
0.109413;0.120354;-0.374824;9.813126
0.124095;0.221966;-0.389330;9.821745
0.129205;0.243669;-0.398636;9.830867
0.036484;-0.449724;-0.358357;9.792045
0.050253;-0.292298;-0.364805;9.784006
0.080349;-0.014336;-0.375774;9.801627
0.089909;0.077120;-0.375267;9.809344
0.108951;0.224168;-0.379031;9.823121
0.028931;-0.411016;-0.328631;9.780788
0.066601;-0.023318;-0.335618;9.793781
0.100109;0.233204;-0.343146;9.812854
0.105044;0.266608;-0.337014;9.819278
0.112053;0.293863;-0.332852;9.829768
0.047065;-0.259710;-0.283581;9.784278
0.058637;-0.128434;-0.276283;9.797436
0.076276;0.053889;-0.273211;9.808444
0.101205;0.294716;-0.276912;9.824458
0.045775;-0.297863;-0.235385;9.786100
0.070518;0.023237;-0.239066;9.796526
0.078249;0.089527;-0.235479;9.805426
0.085339;0.170630;-0.232746;9.812137
0.090188;0.202011;-0.229592;9.818794
0.035091;-0.481028;-0.189237;9.769750
0.054542;-0.179291;-0.191134;9.781660
0.065660;-0.046893;-0.189407;9.787170
0.080604;0.150933;-0.191163;9.795212
0.087461;0.230354;-0.190666;9.800837
0.043197;-0.381192;-0.158178;9.760375
0.069074;0.008616;-0.166215;9.775375
0.078181;0.162583;-0.169387;9.781087
0.078775;0.212047;-0.169275;9.786604
0.077921;0.250723;-0.170075;9.793154
0.032341;-0.421769;-0.141851;9.751941
0.043458;-0.078587;-0.147065;9.765248
0.048352;0.080820;-0.148316;9.770896
0.053636;0.212512;-0.149270;9.778988
0.019145;-0.625647;-0.119209;9.736970
0.031461;-0.509661;-0.115470;9.739304
0.165186;-0.282458;-0.115622;9.759773
0.264801;0.006228;-0.128747;9.769011
0.331419;0.258416;-0.152788;9.781200
0.250245;-0.316887;-0.151237;9.787788
0.257890;-0.037888;-0.188623;9.793198
0.242336;0.101778;-0.228459;9.806764
0.224849;0.240497;-0.273369;9.821102
0.211962;0.347122;-0.324269;9.837005
0.204897;0.393873;-0.377099;9.852760
0.069450;-0.264627;-0.378734;9.824285
0.104739;-0.023282;-0.431931;9.833936
0.115896;0.029900;-0.472390;9.840515
0.008276;-0.475939;-0.460912;9.812224
0.027905;-0.327663;-0.494491;9.804360
0.087553;-0.006188;-0.538947;9.821765
0.110278;0.105344;-0.566907;9.830509
0.139266;0.233533;-0.596179;9.844353
0.171494;0.338898;-0.627215;9.860291
0.067858;-0.099448;-0.588068;9.821289
0.098465;0.055316;-0.604867;9.836219
0.126771;0.190666;-0.619617;9.849709
0.132853;0.205184;-0.621953;9.858413
0.005706;-0.407950;-0.551886;9.812754
0.056491;-0.057369;-0.562439;9.825357
-0.083919;-0.668553;-0.467938;9.781061
-0.003025;-0.165386;-0.474952;9.809442
0.051238;0.166314;-0.474748;9.814895
0.108606;0.494247;-0.482396;9.831666
0.035643;0.017567;-0.420668;9.818268
0.087770;0.362597;-0.430793;9.831033
0.103382;0.419482;-0.428580;9.848062
0.111437;0.429272;-0.423940;9.862484
0.106965;0.344452;-0.412244;9.868546
0.017267;-0.388915;-0.345870;9.803837
0.041346;-0.134314;-0.341113;9.819102
0.057344;0.001806;-0.331495;9.833406
0.063072;0.078458;-0.316358;9.830567
0.058737;0.049069;-0.294893;9.822648
0.071506;0.199953;-0.286516;9.836503
0.019941;-0.245539;-0.224158;9.774052
0.032591;-0.075846;-0.212588;9.785648
0.039313;0.086348;-0.199475;9.791377
0.045922;0.257819;-0.189641;9.802698
0.001961;-0.439468;-0.138048;9.746324
0.005330;-0.186397;-0.127331;9.756001
0.002795;-0.078023;-0.113026;9.766654
-0.001577;0.062559;-0.098493;9.773435
-0.008640;0.226951;-0.085390;9.783478
-0.024100;-0.333919;-0.048523;9.752000
-0.036612;-0.009711;-0.033899;9.762978
-0.039963;0.128490;-0.015441;9.769501
-0.037762;0.317656;0.003792;9.781845
-0.028091;0.359860;0.026163;9.791570
0.015148;-0.300234;0.052274;9.746258
0.017853;0.019902;0.072325;9.759661
0.023623;0.055642;0.091481;9.765695
0.024123;0.046688;0.110185;9.768680
0.056714;-0.628880;0.121270;9.733660
0.014257;-0.406653;0.139339;9.740987
0.188835;-0.229839;0.150733;9.751667
0.301491;-0.018683;0.149855;9.758937
0.372689;0.137471;0.136606;9.769354
0.399110;0.267057;0.111351;9.783139
0.339911;-0.225406;0.076407;9.781896
0.308873;-0.010528;0.033226;9.788483
0.266093;0.118408;-0.015464;9.802117
0.227942;0.237605;-0.071716;9.813664
0.200238;0.312711;-0.131990;9.825907
0.117676;-0.039574;-0.177715;9.821372
0.113989;0.009075;-0.235341;9.825167
0.124953;0.102140;-0.294351;9.834163
0.134140;0.124457;-0.350891;9.841886
0.046047;-0.372576;-0.377937;9.840070
0.094271;-0.112546;-0.436488;9.839985
0.113833;-0.039124;-0.484399;9.844443
0.148349;0.114693;-0.536347;9.852829
0.180453;0.234606;-0.588394;9.862441
0.066211;-0.228280;-0.584776;9.854858
0.127317;0.063754;-0.637333;9.857360
0.131781;0.082029;-0.667048;9.861883
0.152935;0.166069;-0.701188;9.871212
0.158289;0.172606;-0.727720;9.878817
0.025984;-0.294265;-0.688506;9.858259
0.079833;-0.034564;-0.719738;9.864216
0.096380;0.041338;-0.733852;9.867072
0.105328;0.090566;-0.742403;9.872764
0.118078;0.141258;-0.751800;9.879312
0.003125;-0.265000;-0.691611;9.857068
0.066521;0.028999;-0.712851;9.864910
0.081967;0.089560;-0.712264;9.867262
0.097166;0.154496;-0.711074;9.873828
0.097645;0.145167;-0.702083;9.876986
-0.036505;-0.398405;-0.613679;9.841109
0.016118;-0.113324;-0.620231;9.849396
0.035321;-0.030726;-0.609010;9.850953
0.051753;0.061304;-0.594980;9.854214
0.063320;0.117323;-0.579786;9.858202
-0.027891;-0.302351;-0.498398;9.825105
0.026230;0.013671;-0.500150;9.835801
0.057381;0.177749;-0.495829;9.841528
0.070262;0.236862;-0.483861;9.846200
0.072148;0.227322;-0.467855;9.848696
-0.005263;-0.190756;-0.394416;9.801362
0.029289;0.044349;-0.392087;9.814643
0.038693;0.094676;-0.377835;9.817402
0.050871;0.164122;-0.367504;9.823800
0.061189;0.205852;-0.359026;9.829422
0.017235;-0.122334;-0.309546;9.798405
0.038882;0.049632;-0.305645;9.808771
0.046494;0.105310;-0.295136;9.810977
-0.005801;-0.377529;-0.242721;9.779315
0.019041;-0.113584;-0.241198;9.789072
0.036708;0.052414;-0.237242;9.797024
0.047329;0.179093;-0.231310;9.800812
0.048134;0.189859;-0.221295;9.803464
0.002934;-0.380339;-0.177831;9.771022
0.017827;-0.134494;-0.174826;9.775616
0.029133;0.036333;-0.171227;9.783244
0.034303;0.132039;-0.164440;9.785079
0.038831;0.216028;-0.158817;9.790834
0.013794;-0.241695;-0.127784;9.765623
0.026316;0.065187;-0.126555;9.773403
0.027874;0.121988;-0.118764;9.774490
0.027661;0.150523;-0.109509;9.777498
0.026870;0.152950;-0.099532;9.779227
0.015017;-0.291078;-0.074787;9.754694
0.018716;-0.046705;-0.067914;9.757890
0.020294;0.043014;-0.058137;9.760109
0.021790;0.135058;-0.047738;9.765545
0.021838;-0.320191;-0.025862;9.749199
0.022897;0.048579;-0.017584;9.755280
0.022697;0.202415;-0.007604;9.760747
0.019841;0.294375;0.004170;9.771039
0.017567;0.309305;0.016824;9.779921
0.027636;-0.222337;0.032367;9.748428
0.021484;-0.112814;0.043915;9.757144
0.013976;-0.014563;0.056434;9.767800
0.005597;0.041812;0.070237;9.775829
0.126119;0.116987;0.078301;9.781165
0.212077;-0.266076;0.073748;9.767066
0.262213;-0.039514;0.061106;9.774899
0.279841;0.165275;0.038606;9.782792
0.275013;0.359770;0.007121;9.794031
0.246939;0.355051;-0.027625;9.804360
0.163414;-0.082637;-0.059788;9.779454
0.144144;0.083623;-0.104291;9.786385
0.133600;0.214619;-0.150447;9.797712
0.128032;0.295274;-0.197030;9.807920
0.051523;-0.294501;-0.219405;9.783324
0.065363;-0.122015;-0.259793;9.790674
0.082089;0.010216;-0.298286;9.798763
0.092874;0.073805;-0.331060;9.803973
0.034384;-0.376510;-0.335152;9.790412
0.052323;-0.217585;-0.362189;9.784384
0.084527;0.034767;-0.390501;9.794623
0.100144;0.141668;-0.409920;9.802841
0.114577;0.233680;-0.426181;9.813398
0.048430;-0.234029;-0.403350;9.798106
0.081418;0.061737;-0.418806;9.806896
0.092642;0.139209;-0.422638;9.812832
0.097396;0.182846;-0.421675;9.820541
0.102969;0.217352;-0.419530;9.827789
0.025472;-0.365976;-0.370971;9.798042
0.045231;-0.120925;-0.367643;9.802513
0.058642;0.009231;-0.360232;9.809155
0.079327;0.206016;-0.356301;9.818307
0.095033;0.348849;-0.352004;9.829791
0.039513;-0.061964;-0.297884;9.794530
0.048568;0.029084;-0.285245;9.802630
0.053749;0.111049;-0.270716;9.808205
0.067510;0.275472;-0.262927;9.819415
0.018564;-0.326119;-0.214204;9.785720
0.025349;-0.155708;-0.201330;9.786279
0.033616;-0.015567;-0.190087;9.796049
0.040978;0.129192;-0.179003;9.801723
0.041105;0.163245;-0.164881;9.804780
0.039247;0.168569;-0.150794;9.808315
0.039705;0.231749;-0.139999;9.815844
0.015579;-0.240656;-0.104749;9.780001
0.016632;-0.089787;-0.093539;9.786844
0.016727;0.029608;-0.081286;9.790534
0.017343;0.208924;-0.071146;9.799352
0.013222;-0.382171;-0.041800;9.767460
0.022496;-0.133440;-0.031477;9.769539
0.031959;0.008846;-0.021410;9.778231
0.040398;0.103116;-0.010718;9.783914
0.048162;0.243956;-0.001714;9.793469
0.056939;-0.372174;0.014613;9.774392
0.061469;-0.138627;0.020283;9.776911
0.063922;-0.003148;0.024943;9.782503
0.064972;0.143547;0.028268;9.787770
0.065663;0.048577;0.031444;9.787054
0.065151;0.091845;0.032696;9.788969
0.204241;-0.145260;0.027609;9.778177
0.293596;0.086590;0.006420;9.781466
0.351980;0.319238;-0.029454;9.790416
0.366227;0.416930;-0.075134;9.804312
0.250418;-0.205376;-0.109607;9.794655
0.244339;0.035311;-0.170386;9.797761
0.222639;0.144531;-0.235481;9.810356
0.208044;0.242303;-0.300371;9.820663
0.066926;-0.340427;-0.329371;9.791809
0.058884;-0.255178;-0.387243;9.784506
0.091472;-0.015128;-0.452844;9.804275
0.102242;0.058333;-0.503795;9.810455
0.121400;0.139471;-0.551744;9.820863
0.157318;0.259001;-0.603551;9.836707
0.035666;-0.353957;-0.585836;9.799123
0.047678;-0.282495;-0.612442;9.790566
0.080741;-0.100198;-0.638486;9.807762
0.113130;0.052943;-0.659664;9.821119
0.154991;0.241851;-0.682897;9.838626
0.043962;-0.273891;-0.629024;9.801060
0.086251;0.010108;-0.639822;9.811291
0.095341;0.051046;-0.630954;9.823300
0.108091;0.129702;-0.619938;9.833428
0.115196;0.157611;-0.604334;9.841169
0.123892;0.193328;-0.588880;9.850342
0.015667;-0.313388;-0.498067;9.786759
0.054712;-0.030290;-0.486761;9.808903
0.078264;0.123758;-0.468747;9.819564
0.091305;0.206830;-0.447674;9.828845
0.114377;0.344699;-0.436082;9.846128
0.118749;0.337580;-0.418272;9.856256
0.038365;-0.157660;-0.336917;9.797726
0.063175;0.025445;-0.326446;9.819003
0.083160;0.200118;-0.316293;9.829825
0.096554;0.310027;-0.306043;9.841364
0.016035;-0.459232;-0.236449;9.770888
0.024918;-0.338260;-0.225361;9.762689
0.043436;-0.112228;-0.219037;9.784905
0.063898;0.125406;-0.217208;9.803030
0.065728;0.147072;-0.206218;9.803160
0.066895;0.156552;-0.196769;9.807213
0.018320;-0.485081;-0.151752;9.755457
0.039191;-0.143069;-0.153113;9.779861
0.047263;-0.007558;-0.149634;9.785617
0.056423;0.175925;-0.149098;9.797809
0.060670;0.285615;-0.147525;9.809632
0.017165;-0.527385;-0.109632;9.757225
0.026512;-0.237972;-0.109629;9.771091
0.035964;0.037998;-0.111432;9.787741
0.037643;0.166155;-0.108100;9.791842
0.035901;0.224254;-0.102691;9.800832
0.015428;-0.446511;-0.076490;9.762273
0.020242;0.006328;-0.076407;9.777534
0.016893;0.084446;-0.069195;9.786193
0.012185;0.244255;-0.061287;9.799471
0.008630;0.355022;-0.051047;9.814964
0.015136;-0.223035;-0.027884;9.769534
0.019957;-0.126295;-0.016489;9.767096
0.024697;-0.024701;-0.003401;9.782375
0.023453;0.148783;0.010549;9.795422
0.021167;0.133477;0.025908;9.800968
0.038985;-0.635946;0.041627;9.758971
0.000443;-0.363557;0.058266;9.771686
-0.053986;-0.510295;0.076691;9.771389
0.062513;-0.190469;0.095920;9.779742
0.144978;0.037951;0.109011;9.786018
0.224851;-0.265613;0.109007;9.786135
0.245795;0.137957;0.108562;9.790028
0.239155;0.341537;0.102054;9.800416
0.217178;0.467505;0.090427;9.813813
0.186732;0.504923;0.074717;9.825952
0.136673;-0.128463;0.053705;9.800740
0.114378;0.145131;0.030979;9.803302
0.099779;0.275117;0.007712;9.808904
0.091994;0.337553;-0.016434;9.814900
0.071055;-0.202151;-0.038288;9.781798
0.079555;-0.015006;-0.062715;9.784123
0.087106;0.067126;-0.085336;9.787507
0.096312;0.153096;-0.106835;9.791115
0.107927;0.271035;-0.128160;9.798394
0.078917;-0.424900;-0.135012;9.752169
0.090233;-0.146597;-0.152316;9.760418
0.105191;0.109571;-0.168725;9.774550
0.114793;0.302146;-0.182883;9.783130
0.122163;0.409559;-0.194206;9.795293
0.083222;-0.269709;-0.184570;9.748401
0.093857;0.006998;-0.192480;9.764385
0.100338;0.135238;-0.196816;9.775084
0.107696;0.269750;-0.200440;9.786560
0.106009;0.235370;-0.198756;9.790035
0.064841;-0.457588;-0.174644;9.732731
0.074492;-0.174445;-0.173035;9.752809
0.085956;0.077449;-0.172355;9.765285
0.093803;0.253038;-0.169977;9.774434
0.097484;0.314583;-0.165733;9.784667
0.063408;-0.365830;-0.138856;9.732334
0.074192;-0.046530;-0.137104;9.752464
0.083754;0.175599;-0.135368;9.766863
0.085362;0.230590;-0.130216;9.773189
0.087795;0.294832;-0.126163;9.783768
0.060785;-0.373967;-0.102450;9.738074
0.070616;-0.030475;-0.101839;9.758261
0.074281;0.101346;-0.098761;9.764684
0.079779;0.286359;-0.097747;9.777595
0.058213;-0.400270;-0.077613;9.735331
0.064748;-0.127237;-0.077883;9.742227
0.068269;0.048404;-0.076162;9.754996
0.071618;0.233954;-0.075458;9.767038
0.056850;-0.409401;-0.059762;9.725106
0.061724;-0.054612;-0.059728;9.737358
0.065756;0.229189;-0.060127;9.755735
0.066420;0.325429;-0.057896;9.764557
0.057112;-0.394395;-0.044471;9.729433
0.057613;-0.086615;-0.043124;9.741722
0.057335;0.074895;-0.040042;9.755975
0.054892;0.162662;-0.035430;9.762009
0.053436;-0.553045;-0.023260;9.724613
0.051683;-0.352256;-0.018777;9.717791
0.046029;-0.006752;-0.013857;9.736947
0.040119;0.273039;-0.007446;9.750754
0.034264;0.282214;0.001192;9.759251
0.026627;0.330450;0.011266;9.771026
0.030230;-0.065095;0.021887;9.745687
0.035841;0.057036;0.033208;9.753128
0.055456;0.218364;0.044479;9.761955
0.091491;0.232902;0.053513;9.768010
0.152814;-0.466300;0.054823;9.736296
0.201533;-0.229213;0.054629;9.743288
0.260715;-0.162150;0.047914;9.745777
0.331994;-0.142088;0.032876;9.748313
0.438905;-0.263407;0.007431;9.747590
0.485781;-1.491257;-0.005139;9.737119
0.173358;-0.732044;-0.065636;9.774490
-0.084059;-0.301476;-0.106716;9.760598
-0.276082;0.214737;-0.137641;9.760061
-0.384781;0.507567;-0.149377;9.780291
-0.378300;0.316890;-0.135044;9.833509
-0.328212;0.466223;-0.115892;9.841349
-0.252064;0.566612;-0.081912;9.857068
-0.163350;0.538481;-0.035528;9.871970
-0.089852;0.445175;0.019500;9.880082
0.024777;-0.035131;0.069347;9.871746
0.038606;-0.043634;0.130504;9.863887
0.026116;0.029785;0.197280;9.861454
0.001355;0.113712;0.270630;9.859610
0.062671;-0.238546;0.326280;9.856822
0.029548;-0.081002;0.396998;9.849783
0.008250;-0.000396;0.463897;9.849483
-0.024326;0.141832;0.533394;9.853497
-0.057475;0.264895;0.605566;9.858138
0.070795;-0.215012;0.620635;9.854414
0.034872;-0.038375;0.677010;9.850907
0.007002;0.069773;0.727148;9.855132
-0.019710;0.186509;0.772715;9.862054
-0.016734;0.179316;0.800319;9.867170
0.104304;-0.233599;0.765863;9.851224
0.073767;-0.073208;0.781251;9.852662
0.057620;0.020322;0.785637;9.857411
0.014719;0.210004;0.799091;9.865959
0.006144;0.245742;0.793647;9.870441
0.138159;-0.290288;0.703143;9.842252
0.093405;-0.064960;0.693628;9.845331
0.055042;0.098922;0.682799;9.855071
0.029862;0.231035;0.664048;9.862242
0.025388;0.249358;0.635559;9.866861
0.219542;-0.620139;0.463867;9.797109
0.156941;-0.263816;0.439746;9.818205
0.094017;0.114053;0.421487;9.821902
0.043557;0.427930;0.407526;9.830336
0.012192;0.628631;0.396519;9.847034
0.070439;0.210940;0.328630;9.828771
0.050743;0.323927;0.318163;9.845572
0.039828;0.378038;0.307763;9.863361
0.037485;0.361567;0.295510;9.875466
0.104717;-0.287707;0.233524;9.815150
0.095023;-0.200913;0.217453;9.823096
0.089073;-0.158802;0.199824;9.827064
0.077944;-0.033595;0.187368;9.832162
0.076284;0.005369;0.172443;9.829197
0.114800;-0.454552;0.129668;9.785405
0.098596;-0.167375;0.123702;9.799186
0.087752;0.024733;0.118951;9.808145
0.081957;0.170977;0.113670;9.812635
0.084734;0.194810;0.106583;9.815079
0.115055;-0.327901;0.079772;9.781624
0.104176;-0.032408;0.079673;9.794251
0.103230;0.021594;0.074883;9.797597
0.102188;0.088910;0.069650;9.801866
0.099521;0.208048;0.067054;9.811667
0.114120;-0.299935;0.047207;9.776181
0.109514;-0.067779;0.043060;9.786440
0.108031;0.031531;0.036895;9.791125
0.107925;0.140842;0.030811;9.796397
0.109114;0.181878;0.023510;9.801051
0.110865;-0.169907;0.008165;9.769745
0.112312;0.060187;-0.000152;9.778737
0.113879;0.147803;-0.009837;9.785243
0.117487;0.269929;-0.019929;9.794421
0.109831;-0.206912;-0.032793;9.773648
0.107711;0.028518;-0.044742;9.775591
0.095573;0.076363;-0.055973;9.783021
0.078873;0.122614;-0.066018;9.787749
0.060688;0.228127;-0.074483;9.795961
0.031099;-0.349846;-0.075997;9.760339
0.015241;-0.074919;-0.078497;9.770450
0.001295;0.078523;-0.076610;9.776860
-0.010375;0.118078;-0.069900;9.779670
-0.022199;0.136660;-0.058537;9.782686
-0.018132;-0.282738;-0.041935;9.748384
-0.037860;-0.066551;-0.021270;9.757356
-0.090023;0.136092;0.006696;9.769082
-0.118103;0.277396;0.043484;9.779718
-0.133081;0.414175;0.089619;9.794465
-0.040589;-0.234305;0.123045;9.762176
-0.045947;0.018173;0.174007;9.769679
-0.031371;0.076605;0.222075;9.782566
-0.029954;0.209882;0.272802;9.795360
-0.017250;0.227804;0.319324;9.804868
0.067252;-0.196596;0.335605;9.763347
0.032759;0.097898;0.381296;9.785566
0.022827;0.173051;0.414247;9.794681
0.012813;0.235489;0.443176;9.806256
-0.007672;0.333575;0.473214;9.823664
0.094924;-0.361823;0.448064;9.774139
0.070620;-0.159693;0.460901;9.785228
0.061369;-0.077808;0.463827;9.797127
0.040183;0.112306;0.468129;9.809433
0.036192;0.166307;0.462760;9.813603
0.034462;0.198324;0.453951;9.819233
0.109951;-0.314673;0.399631;9.773497
0.086682;-0.080027;0.386983;9.789518
0.068677;0.092684;0.375157;9.800887
0.058991;0.192409;0.359456;9.808472
0.049157;0.286431;0.344570;9.819985
0.130840;-0.455188;0.277330;9.761277
0.102796;-0.134756;0.266347;9.780083
0.088650;0.006203;0.250230;9.792737
0.070252;0.240971;0.239902;9.806368
0.070560;0.261016;0.223808;9.810383
0.137750;-0.506822;0.165976;9.746090
0.114677;-0.166294;0.158692;9.767087
0.098993;0.065264;0.151826;9.784350
0.093572;0.166122;0.141447;9.787698
0.134679;-0.437294;0.103644;9.750789
0.112787;-0.027507;0.102806;9.769396
0.107821;0.061735;0.096954;9.776366
0.105646;0.153142;0.091550;9.785537
0.102327;0.266940;0.089609;9.798586
0.102142;0.299367;0.087581;9.808233
0.136793;-0.504522;0.061401;9.749947
0.126904;-0.191793;0.060429;9.761490
0.128217;-0.084453;0.056410;9.771016
0.131868;0.189585;0.055282;9.783109
0.157459;-0.400028;0.037131;9.759100
0.176269;-0.021023;0.031491;9.769164
0.203463;0.132527;0.021313;9.777935
0.240491;0.281131;0.005758;9.789641
0.291088;0.234888;-0.016025;9.796041
0.298918;-0.574176;-0.041362;9.754448
0.423627;-0.485177;-0.078599;9.759672
0.078845;-0.275234;-0.117608;9.767900
-0.157397;-0.147577;-0.136016;9.760308
-0.325502;0.047826;-0.138018;9.765875
-0.359454;-0.466956;-0.120079;9.778690
-0.361523;-0.159150;-0.091125;9.786025
-0.302135;-0.010345;-0.049776;9.798376
-0.234952;0.225643;0.008097;9.813747
-0.048540;-0.212862;0.057195;9.837392
-0.007570;0.003604;0.128459;9.838092
0.005977;0.146343;0.205775;9.845238
-0.008313;0.287452;0.290261;9.856731
-0.003420;0.237235;0.366911;9.866427
0.089602;-0.184487;0.412852;9.858288
0.034380;-0.013287;0.493734;9.863025
-0.017223;0.121868;0.573319;9.868304
-0.033963;0.132796;0.640583;9.874231
-0.050261;0.155674;0.706914;9.881299
0.082053;-0.267186;0.718389;9.867739
0.035417;-0.080645;0.775981;9.870092
0.011649;0.021166;0.823971;9.876460
-0.008113;0.107493;0.866915;9.883143
-0.038841;0.209796;0.912694;9.891726
0.080874;-0.065184;0.870828;9.871240
0.048585;0.048956;0.894208;9.877708
0.009893;0.188202;0.917828;9.885714
-0.024440;0.283668;0.938952;9.894504
0.136269;-0.238232;0.856637;9.868812
0.078494;-0.026514;0.867112;9.870538
0.051122;0.056773;0.862047;9.876328
0.005805;0.221690;0.866723;9.885435
0.008687;0.206364;0.846311;9.886862
0.168624;-0.376375;0.728213;9.841017
0.107095;-0.102654;0.721346;9.852233
0.095778;-0.047014;0.688957;9.854102
0.079763;0.056398;0.657404;9.857053
0.069342;0.122355;0.624487;9.859715
0.146606;-0.162358;0.511977;9.826005
0.104228;0.052261;0.490550;9.835676
0.062516;0.291234;0.476212;9.844986
0.057571;0.311368;0.447220;9.849058
0.130448;-0.122628;0.357978;9.813917
0.114364;-0.013656;0.333129;9.822330
0.093010;0.142976;0.317065;9.831191
0.070292;0.346319;0.309598;9.843786
0.148960;-0.327876;0.231297;9.797047
0.126353;-0.107922;0.218823;9.803208
0.115103;-0.005213;0.204410;9.809147
0.108058;0.092896;0.190230;9.812821
0.108000;0.117588;0.174829;9.815029
0.110431;0.126352;0.160583;9.816470
