-0.293911;0.084709;0.627847;10.024654;0
-0.287976;0.091584;0.633690;10.024654;0
-0.281820;0.085198;0.633690;10.024654;0
-0.275641;0.076375;0.633690;10.024654;0
-0.267616;0.074649;0.639025;10.024654;0
-0.261782;0.075106;0.639025;10.024654;0
-0.256341;0.067756;0.643847;10.024654;0
-0.251440;0.063099;0.643847;10.024654;0
-0.245753;0.070971;0.648174;10.024654;0
-0.241986;0.079865;0.648174;10.024654;0
-0.238875;0.082915;0.652043;10.024654;0
-0.236271;0.087867;0.652043;10.024654;0
-0.234294;0.096297;0.655516;10.024654;0
-0.233087;0.109999;0.655516;10.024654;0
-0.232835;0.121851;0.658678;10.024654;0
-0.233085;0.120233;0.658678;10.024654;0
-0.233962;0.113939;0.658678;10.024654;0
-0.235446;0.104757;0.661636;10.024654;0
-0.238000;0.063958;0.661636;10.024654;0
-0.240708;0.039248;0.664519;10.024654;0
-0.243800;0.019973;0.664519;10.024654;0
-0.247417;0.008083;0.667474;10.024654;0
-0.251443;0.014132;0.667474;10.024654;0
-0.257392;0.050352;0.667474;10.024654;0
-0.262065;0.081468;0.670663;10.024654;0
-0.267063;0.099812;0.670663;10.024654;0
-0.272144;0.111130;0.674261;10.024654;0
-0.277368;0.118354;0.674261;10.024654;0
-0.284685;0.132297;0.678445;10.024654;0
-0.290265;0.143217;0.678445;10.024654;0
-0.295536;0.138762;0.683392;10.024654;0
-0.300940;0.127180;0.683392;10.024654;0
-0.306488;0.115931;0.689269;10.024654;0
-0.314265;0.109513;0.689269;10.024654;0
-0.320034;0.098529;0.696223;10.024654;0
-0.325817;0.085345;0.696223;10.024654;0
-0.331757;0.079746;0.704372;10.024654;0
-0.340018;0.084498;0.704372;10.024654;0
-0.346315;0.088360;0.704372;10.024654;0
-0.352576;0.080595;0.713801;10.024654;0
-0.359153;0.073217;0.713801;10.024654;0
-0.365718;0.072423;0.724547;10.024654;0
-0.373284;0.078673;0.724547;10.024654;0
-0.382519;0.091766;0.736599;10.024654;0
-0.390617;0.092507;0.736599;10.024654;0
-0.399696;0.084902;0.736599;10.024654;0
-0.410896;0.077426;0.749890;10.024654;0
-0.429483;0.075319;0.749890;10.024654;0
-0.448046;0.079716;0.764294;10.024654;0
-1.000000;0.122397;0.764294;10.024654;0
-1.000000;0.113802;0.764294;10.024654;0
-1.000000;0.106313;0.779629;10.024654;0
-1.000000;0.105189;0.779629;10.024654;0
-1.000000;0.108315;0.795675;10.024654;0
-1.000000;0.108061;0.795675;10.024654;0
-1.000000;0.107994;0.795675;10.024654;0
-0.986136;0.116788;0.812197;10.024654;0
-0.974838;0.131064;0.812197;10.024654;0
-0.963166;0.141960;0.812197;10.024654;0
-0.950929;0.141985;0.828962;10.024654;0
-0.938277;0.141657;0.828962;10.024654;0
-0.924982;0.145384;0.828962;10.024654;0
-0.906836;0.155530;0.845741;10.024654;0
-0.891450;0.156862;0.845741;10.024654;0
-0.875408;0.151394;0.845741;10.024654;0
-0.858738;0.148429;0.862316;10.024654;0
-0.841736;0.149708;0.862316;10.024654;0
-0.824272;0.150506;0.862316;10.024654;0
-0.798860;0.139400;0.878487;10.024654;0
-0.779961;0.135232;0.878487;10.024654;0
-0.760311;0.139209;0.878487;10.024654;0
-0.739749;0.147444;0.878487;10.024654;0
-0.712021;0.147551;0.894071;10.024654;0
-0.689789;0.142349;0.894071;10.024654;0
-0.667743;0.142593;0.894071;10.024654;0
-0.645497;0.148896;0.908905;10.024654;0
-0.623359;0.152885;0.908905;10.024654;0
-0.600598;0.146047;0.908905;10.024654;0
-0.570424;0.139053;0.908905;10.024654;0
-0.548791;0.141257;0.922852;10.024654;0
-0.526863;0.142306;0.922852;10.024654;0
-0.504733;0.130746;0.922852;10.024654;0
-0.483440;0.119422;0.935794;10.024654;0
-0.455349;0.113865;0.935794;10.024654;0
-0.434834;0.117760;0.935794;10.024654;0
-0.415040;0.120374;0.947638;10.024654;0
-0.396042;0.117340;0.947638;10.024654;0
-0.377564;0.116689;0.947638;10.024654;0
-0.352841;0.124232;0.947638;10.024654;0
-0.334829;0.129296;0.958313;10.024654;0
-0.317911;0.122970;0.958313;10.024654;0
-0.301240;0.114885;0.958313;10.024654;0
-0.285402;0.111574;0.967770;10.024654;0
-0.264268;0.120133;0.967770;10.024654;0
-0.249133;0.127660;0.967770;10.024654;0
-0.234408;0.121024;0.967770;10.024654;0
-0.220174;0.110338;0.975981;10.024654;0
-0.202310;0.104656;0.975981;10.024654;0
-0.188601;0.108962;0.975981;10.024654;0
-0.175714;0.115995;0.982938;10.024654;0
-0.162917;0.111781;0.982938;10.024654;0
-0.151184;0.098044;0.982938;10.024654;0
-0.135529;0.083702;0.982938;10.024654;0
-0.124276;0.083060;0.988652;10.024654;0
-0.113332;0.091201;0.988652;10.024654;0
-0.102851;0.093787;0.988652;10.024654;0
-0.089443;0.084437;0.993149;10.024654;0
-0.079375;0.080048;0.993149;10.024654;0
-0.069644;0.080219;0.993149;10.024654;0
-0.060378;0.075644;0.993149;10.024654;0
-0.051434;0.067705;0.996471;10.024654;0
-0.040126;0.063357;0.996471;10.024654;0
-0.031785;0.066917;0.996471;10.024654;0
-0.023728;0.065024;0.998675;10.024654;0
-0.015981;0.059660;0.998675;10.024654;0
-0.008813;0.059588;0.998675;10.024654;0
0.000241;0.070215;0.998675;10.024654;0
0.006762;0.078861;0.998675;10.024654;0
0.012957;0.077007;0.998675;10.024654;0
0.019090;0.069921;0.998675;10.024654;0
0.026827;0.068243;0.999826;10.024654;0
0.032148;0.075699;0.999826;10.024654;0
0.037252;0.086811;0.999826;10.024654;0
0.042060;0.098195;0.999826;10.024654;0
0.047903;0.097176;1.000000;10.024654;0
0.052214;0.087110;1.000000;10.024654;0
0.056138;0.080578;1.000000;10.024654;0
0.059670;0.079614;0.999278;10.024654;0
0.063922;0.083676;0.999278;10.024654;0
0.066936;0.076176;0.999278;10.024654;0
0.069627;0.063337;0.999278;10.024654;0
0.072079;0.055990;0.997747;10.024654;0
0.074311;0.056021;0.997747;10.024654;0
0.077085;0.060825;0.997747;10.024654;0
0.079276;0.054031;0.992609;10.024654;0
0.081743;0.046086;0.992609;10.024654;0
0.084658;0.041945;0.992609;10.024654;0
0.089801;0.047193;0.992609;10.024654;0
-0.058833;0.070824;0.989178;10.024654;0
-0.062003;0.076520;0.989178;10.024654;0
-0.065008;0.068197;0.989178;10.024654;0
-0.068585;0.061044;0.985271;10.024654;0
-0.071090;0.066150;0.985271;10.024654;0
-0.073165;0.079910;0.985271;10.024654;0
-0.074837;0.093241;0.985271;10.024654;0
-0.076022;0.094910;0.980931;10.024654;0
-0.076980;0.096639;0.980931;10.024654;0
-0.077250;0.104342;0.980931;10.024654;0
-0.077154;0.117086;0.976177;10.024654;0
-0.076681;0.126597;0.976177;10.024654;0
-0.075765;0.120669;0.976177;10.024654;0
-0.074144;0.109020;0.976177;10.024654;0
-0.072701;0.107705;0.971009;10.024654;0
-0.071130;0.116069;0.971009;10.024654;0
-0.069495;0.131925;0.971009;10.024654;0
-0.067210;0.141779;0.965413;10.024654;0
-0.065107;0.141454;0.965413;10.024654;0
-0.063173;0.145822;0.965413;10.024654;0
-0.061401;0.156453;0.965413;10.024654;0
-0.059604;0.167815;0.959372;10.024654;0
-0.057193;0.158649;0.959372;10.024654;0
-0.055520;0.149843;0.959372;10.024654;0
-0.054014;0.146694;0.952867;10.024654;0
-0.052662;0.151977;0.952867;10.024654;0
-0.051484;0.165648;0.952867;10.024654;0
-0.050051;0.171194;0.945888;10.024654;0
-0.049062;0.162675;0.945888;10.024654;0
-0.048221;0.153751;0.945888;10.024654;0
-0.047526;0.149802;0.938431;10.024654;0
-0.046835;0.156336;0.938431;10.024654;0
-0.046370;0.154473;0.938431;10.024654;0
-0.045963;0.145344;0.930512;10.024654;0
-0.045663;0.140628;0.930512;10.024654;0
-0.045489;0.143092;0.930512;10.024654;0
-0.045421;0.155821;0.922162;10.024654;0
-0.045385;0.158957;0.922162;10.024654;0
-0.045305;0.143643;0.913438;10.024654;0
-0.045254;0.128611;0.913438;10.024654;0
-0.045282;0.123215;0.913438;10.024654;0
-0.045414;0.133583;0.954158;10.024654;0
-0.045510;0.143532;0.954158;10.024654;0
-0.045490;0.139720;0.948476;10.024654;0
-0.045485;0.130401;0.948476;10.024654;0
-0.045556;0.128029;0.948476;10.024654;0
-0.045701;0.132767;0.948476;10.024654;0
-0.045787;0.132019;0.948476;10.024654;0
-0.045852;0.121023;0.885928;10.024654;0
-0.046018;0.116499;0.885928;10.024654;0
-0.046315;0.123509;0.876744;10.024654;0
-0.046693;0.136232;0.876744;10.024654;0
-0.047214;0.130145;0.867827;10.024654;0
-0.047719;0.122751;0.867827;10.024654;0
-0.048347;0.123771;0.867827;10.024654;0
-0.049114;0.132459;0.859369;10.024654;0
-0.049952;0.140659;0.859369;10.024654;0
-0.051125;0.126228;0.851575;10.024654;0
-0.052143;0.114651;0.851575;10.024654;0
-0.053330;0.109539;0.844652;10.024654;0
-0.054708;0.108783;0.844652;10.024654;0
-0.056175;0.097748;0.838798;10.024654;0
-0.058434;0.069818;0.838798;10.024654;0
-0.060432;0.058276;0.834197;10.024654;0
-0.062751;0.058695;0.834197;10.024654;0
-0.065446;0.053174;0.830997;10.024654;0
-0.068584;0.041271;0.830997;10.024654;0
-0.073970;0.033520;0.829305;10.024654;0
0.541600;0.028329;0.829305;10.024654;0
0.553378;0.037870;0.829168;10.024654;0
0.565666;0.038471;0.829168;10.024654;0
0.578153;0.030803;0.830567;10.024654;0
0.595755;0.032540;0.830567;10.024654;0
0.608945;0.048500;0.833414;10.024654;0
0.622259;0.068322;0.833414;10.024654;0
0.634895;0.074530;0.837576;10.024654;0
0.646821;0.077457;0.837576;10.024654;0
0.662308;0.089338;0.842878;10.024654;0
0.672911;0.106456;0.842878;10.024654;0
0.682009;0.119874;0.849114;10.024654;0
0.689687;0.118290;0.849114;10.024654;0
0.696172;0.112397;0.856056;10.024654;0
0.702816;0.111187;0.856056;10.024654;0
0.705985;0.118588;0.863464;10.024654;0
0.707495;0.123150;0.863464;10.024654;0
0.707264;0.117824;0.871093;10.024654;0
0.705528;0.115241;0.871093;10.024654;0
0.700770;0.127586;0.878701;10.024654;0
0.695327;0.139689;0.878701;10.024654;0
0.688183;0.140647;0.886055;10.024654;0
0.679456;0.140623;0.886055;10.024654;0
0.669424;0.148112;0.886055;10.024654;0
0.654401;0.162097;0.892937;10.024654;0
0.641528;0.160996;0.892937;10.024654;0
0.627461;0.158498;0.899145;10.024654;0
0.612847;0.160655;0.899145;10.024654;0
0.597516;0.171039;0.899145;10.024654;0
0.575748;0.183042;0.904501;10.024654;0
0.558742;0.178159;0.904501;10.024654;0
0.541149;0.171816;0.904501;10.024654;0
0.523398;0.168585;0.908849;10.024654;0
0.505878;0.170100;0.908849;10.024654;0
0.482347;0.171903;0.912057;10.024654;0
0.464601;0.163192;0.912057;10.024654;0
0.447189;0.158930;0.912057;10.024654;0
0.430679;0.162810;0.914019;10.024654;0
0.413828;0.172897;0.914019;10.024654;0
0.392382;0.170249;0.914657;10.024654;0
0.376132;0.167400;0.914657;10.024654;0
0.360618;0.171440;0.914657;10.024654;0
0.345778;0.175190;0.913918;10.024654;0
0.331460;0.164207;0.913918;10.024654;0
0.317812;0.149690;0.913918;10.024654;0
0.300348;0.141257;0.911777;10.024654;0
0.287920;0.150503;0.911777;10.024654;0
0.276212;0.159956;0.908235;10.024654;0
0.265293;0.152375;0.908235;10.024654;0
0.254661;0.140153;0.908235;10.024654;0
0.241487;0.136115;0.903322;10.024654;0
0.232221;0.145845;0.903322;10.024654;0
0.223622;0.152481;0.897094;10.024654;0
0.215814;0.140565;0.897094;10.024654;0
0.208567;0.123799;0.897094;10.024654;0
0.199914;0.110919;0.889636;10.024654;0
0.194159;0.114027;0.889636;10.024654;0
0.189045;0.118894;0.881061;10.024654;0
0.184778;0.108723;0.881061;10.024654;0
0.180649;0.091235;0.871511;10.024654;0
0.178721;0.083453;0.871511;10.024654;0
0.178111;0.083023;0.871511;10.024654;0
0.179260;0.087931;0.861155;10.024654;0
0.183020;0.089096;0.861155;10.024654;0
0.488881;0.105885;0.850192;10.024654;0
0.483950;0.082250;0.850192;10.024654;0
0.479826;0.063837;0.850192;10.024654;0
0.476331;0.056323;0.838841;10.024654;0
0.472845;0.042615;0.838841;10.024654;0
0.471027;0.037637;0.827310;10.024654;0
0.469771;0.046901;0.827310;10.024654;0
0.468705;0.070941;0.815799;10.024654;0
0.467697;0.102361;0.815799;10.024654;0
0.466040;0.127943;0.815799;10.024654;0
0.464490;0.130408;0.804494;10.024654;0
0.462684;0.130472;0.804494;10.024654;0
0.460485;0.133120;0.793568;10.024654;0
0.457747;0.138438;0.793568;10.024654;0
0.453058;0.132955;0.783182;10.024654;0
0.448587;0.119846;0.783182;10.024654;0
0.443619;0.113901;0.783182;10.024654;0
0.437909;0.118514;0.773478;10.024654;0
0.431365;0.127302;0.773478;10.024654;0
0.421484;0.121667;0.764587;10.024654;0
0.413054;0.119721;0.764587;10.024654;0
0.404065;0.126152;0.756619;10.024654;0
0.394359;0.138585;0.756619;10.024654;0
0.383952;0.151302;0.756619;10.024654;0
0.369154;0.147599;0.749669;10.024654;0
0.357691;0.138240;0.749669;10.024654;0
0.345956;0.133732;0.743810;10.024654;0
0.333970;0.137652;0.743810;10.024654;0
0.322022;0.140994;0.739098;10.024654;0
0.305707;0.128019;0.739098;10.024654;0
0.293845;0.124816;0.735564;10.024654;0
0.281601;0.132296;0.735564;10.024654;0
0.269401;0.146116;0.733223;10.024654;0
0.253803;0.142637;0.733223;10.024654;0
0.242161;0.131399;0.732066;10.024654;0
0.230886;0.123191;0.732066;10.024654;0
0.220147;0.125648;0.732062;10.024654;0
0.209911;0.133524;0.732062;10.024654;0
0.197472;0.128814;0.733161;10.024654;0
0.187159;0.126622;0.733161;10.024654;0
0.178065;0.130761;0.735294;10.024654;0
0.169450;0.139331;0.735294;10.024654;0
0.161019;0.145481;0.738372;10.024654;0
0.150507;0.127186;0.738372;10.024654;0
0.143241;0.112429;0.742290;10.024654;0
0.136395;0.105345;0.742290;10.024654;0
0.130029;0.107832;0.746928;10.024654;0
0.122166;0.101694;0.746928;10.024654;0
0.116645;0.089820;0.752149;10.024654;0
0.111751;0.085298;0.752149;10.024654;0
0.107252;0.089578;0.757806;10.024654;0
0.103165;0.100409;0.757806;10.024654;0
0.099599;0.101841;0.763741;10.024654;0
0.096074;0.085444;0.763741;10.024654;0
0.094500;0.078443;0.769787;10.024654;0
0.094071;0.081510;0.769787;10.024654;0
0.642778;0.113899;0.775768;10.024654;0
0.643453;0.098016;0.775768;10.024654;0
0.644708;0.066197;0.781513;10.024654;0
0.646435;0.049496;0.781513;10.024654;0
0.648340;0.052711;0.781513;10.024654;0
0.650132;0.066031;0.786872;10.024654;0
0.651614;0.071414;0.786872;10.024654;0
0.652681;0.076537;0.791724;10.024654;0
0.653054;0.091261;0.791724;10.024654;0
0.652287;0.110765;0.795970;10.024654;0
0.650335;0.136550;0.795970;10.024654;0
0.646936;0.152200;0.799541;10.024654;0
0.640066;0.155822;0.799541;10.024654;0
0.632957;0.156782;0.799541;10.024654;0
0.624370;0.157697;0.802392;10.024654;0
0.614178;0.148370;0.802392;10.024654;0
0.602396;0.134804;0.804500;10.024654;0
0.584800;0.128220;0.804500;10.024654;0
0.569730;0.134987;0.804500;10.024654;0
0.553441;0.147172;0.805870;10.024654;0
0.535415;0.147592;0.805870;10.024654;0
0.516218;0.146237;0.806527;10.024654;0
0.496283;0.149795;0.806527;10.024654;0
0.467995;0.162753;0.806521;10.024654;0
0.446229;0.166264;0.806521;10.024654;0
0.423535;0.155091;0.806521;10.024654;0
0.400732;0.125625;0.805923;10.024654;0
0.371482;0.082846;0.805923;10.024654;0
0.348519;0.067342;0.805923;10.024654;0
0.326424;0.074871;0.804825;10.024654;0
0.304534;0.087457;0.804825;10.024654;0
0.282555;0.100974;0.803337;10.024654;0
0.254691;0.131708;0.803337;10.024654;0
0.233085;0.162375;0.801586;10.024654;0
0.212331;0.191102;0.801586;10.024654;0
0.191695;0.211069;0.801586;10.024654;0
0.169971;0.209026;0.799716;10.024654;0
0.143845;0.197520;0.799716;10.024654;0
0.124316;0.192639;0.797877;10.024654;0
0.105194;0.191454;0.797877;10.024654;0
0.086548;0.187956;0.796230;10.024654;0
0.062675;0.160769;0.796230;10.024654;0
0.045244;0.141365;0.794933;10.024654;0
0.028892;0.130048;0.794933;10.024654;0
0.012633;0.129339;0.794143;10.024654;0
-0.003200;0.131157;0.794143;10.024654;0
-0.023588;0.113794;0.794004;10.024654;0
-0.038404;0.098930;0.794004;10.024654;0
-0.053023;0.089744;0.794643;10.024654;0
-0.067274;0.089160;0.794643;10.024654;0
-0.084452;0.083791;0.796159;10.024654;0
-0.100839;0.071985;0.796159;10.024654;0
-0.115688;0.068908;0.798622;10.024654;0
-0.130674;0.076336;0.798622;10.024654;0
-0.146225;0.091001;0.802059;10.024654;0
-0.162841;0.097929;0.802059;10.024654;0
-0.187373;0.094343;0.806454;10.024654;0
-0.208790;0.093744;0.806454;10.024654;0
-0.233330;0.095506;0.811739;10.024654;0
0.774724;0.048800;0.811739;10.024654;0
0.787985;0.026885;0.811739;10.024654;0
0.807519;-0.003528;0.817799;10.024654;0
0.823927;-0.013696;0.817799;10.024654;0
0.840985;-0.009523;0.824478;10.024654;0
0.858577;0.005331;0.824478;10.024654;0
0.876711;0.019098;0.831589;10.024654;0
0.894344;0.029707;0.831589;10.024654;0
0.917102;0.045760;0.831589;10.024654;0
0.932834;0.061723;0.838927;10.024654;0
0.947733;0.078417;0.838927;10.024654;0
0.961357;0.084650;0.846276;10.024654;0
0.976746;0.088908;0.846276;10.024654;0
0.986290;0.093638;0.846276;10.024654;0
0.993657;0.100277;0.853418;10.024654;0
0.998895;0.105585;0.853418;10.024654;0
1.000000;0.102760;0.853418;10.024654;0
1.000000;0.099430;0.860138;10.024654;0
0.999556;0.101485;0.860138;10.024654;0
0.994878;0.110526;0.860138;10.024654;0
0.987878;0.115580;0.866230;10.024654;0
0.978848;0.116521;0.866230;10.024654;0
0.963586;0.122152;0.866230;10.024654;0
0.949707;0.130705;0.871505;10.024654;0
0.933542;0.142045;0.871505;10.024654;0
0.915243;0.145434;0.871505;10.024654;0
0.895192;0.141186;0.871505;10.024654;0
0.873732;0.138630;0.871505;10.024654;0
0.843506;0.141209;0.871505;10.024654;0
0.819116;0.147365;0.875787;10.024654;0
0.793995;0.146578;0.875787;10.024654;0
0.767650;0.141288;0.875787;10.024654;0
0.740719;0.139853;0.878921;10.024654;0
0.704959;0.145211;0.878921;10.024654;0
0.677358;0.153160;0.878921;10.024654;0
0.648836;0.156422;0.878921;10.024654;0
0.620206;0.147475;0.880776;10.024654;0
0.592289;0.138692;0.880776;10.024654;0
0.555825;0.133112;0.880776;10.024654;0
0.528604;0.134438;0.881241;10.024654;0
0.501814;0.128224;0.881241;10.024654;0
0.475250;0.117726;0.881241;10.024654;0
0.449406;0.114199;0.881241;10.024654;0
0.417236;0.123008;0.880229;10.024654;0
0.393272;0.130348;0.880229;10.024654;0
0.369684;0.126829;0.880229;10.024654;0
0.347764;0.119696;0.877676;10.024654;0
0.325868;0.116948;0.877676;10.024654;0
0.298215;0.122666;0.877676;10.024654;0
0.277684;0.129998;0.877676;10.024654;0
0.258674;0.126345;0.873544;10.024654;0
0.240470;0.121055;0.873544;10.024654;0
0.222982;0.119753;0.867819;10.024654;0
0.206177;0.119963;0.867819;10.024654;0
0.184643;0.104928;0.860512;10.024654;0
0.169678;0.094855;0.860512;10.024654;0
0.155109;0.092589;0.860512;10.024654;0
0.141613;0.097695;0.860512;10.024654;0
0.124569;0.101985;0.851658;10.024654;0
0.112063;0.091155;0.851658;10.024654;0
0.100380;0.080901;0.851658;10.024654;0
0.089003;0.077439;0.841318;10.024654;0
0.078269;0.081841;0.841318;10.024654;0
0.064693;0.080248;0.841318;10.024654;0
0.055493;0.074110;0.829579;10.024654;0
0.046193;0.072475;0.829579;10.024654;0
0.037275;0.075797;0.829579;10.024654;0
0.028884;0.081547;0.816553;10.024654;0
0.018185;0.078999;0.816553;10.024654;0
0.010682;0.069955;0.816553;10.024654;0
0.003539;0.063868;0.802380;10.024654;0
-0.003142;0.063056;0.802380;10.024654;0
-0.009519;0.055857;0.802380;10.024654;0
-0.015474;0.043970;0.787226;10.024654;0
-0.022804;0.041304;0.787226;10.024654;0
-0.027924;0.050768;0.787226;10.024654;0
-0.032714;0.062653;0.771286;10.024654;0
-0.037206;0.065175;0.771286;10.024654;0
-0.041427;0.057886;0.771286;10.024654;0
0.306790;0.071668;0.754785;10.024654;0
0.311819;0.068473;0.754785;10.024654;0
0.317706;0.067542;0.754785;10.024654;0
0.324234;0.056400;0.737967;10.024654;0
0.331235;0.044659;0.737967;10.024654;0
0.338799;0.040497;0.721078;10.024654;0
0.349038;0.055024;0.721078;10.024654;0
0.356314;0.073381;0.721078;10.024654;0
0.363283;0.084166;0.704354;10.024654;0
0.369553;0.088945;0.704354;10.024654;0
0.374832;0.096511;0.704354;10.024654;0
0.380165;0.114987;0.688019;10.024654;0
0.382662;0.118970;0.688019;10.024654;0
0.383726;0.112089;0.672288;10.024654;0
0.383384;0.105147;0.672288;10.024654;0
0.381507;0.102448;0.672288;10.024654;0
0.376726;0.103038;0.657361;10.024654;0
0.371452;0.095632;0.657361;10.024654;0
0.364694;0.087285;0.643428;10.024654;0
0.356536;0.086041;0.643428;10.024654;0
0.347365;0.091738;0.643428;10.024654;0
0.332999;0.096987;0.630660;10.024654;0
0.320891;0.094714;0.630660;10.024654;0
0.308074;0.096543;0.619213;10.024654;0
0.294168;0.103771;0.619213;10.024654;0
0.279495;0.115112;0.609224;10.024654;0
0.259545;0.124272;0.609224;10.024654;0
0.243554;0.116368;0.600805;10.024654;0
0.227967;0.109277;0.600805;10.024654;0
0.212271;0.109874;0.594048;10.024654;0
0.196262;0.115191;0.594048;10.024654;0
0.180696;0.110687;0.589016;10.024654;0
0.160497;0.104042;0.589016;10.024654;0
0.145523;0.102813;0.585746;10.024654;0
0.130839;0.109144;0.585746;10.024654;0
0.116482;0.119240;0.584248;10.024654;0
0.098299;0.111577;0.584248;10.024654;0
0.084682;0.101666;0.584502;10.024654;0
0.071790;0.097351;0.584502;10.024654;0
0.059570;0.099841;0.586465;10.024654;0
0.047575;0.106938;0.590066;10.024654;0
0.036231;0.116129;0.590066;10.024654;0
0.021909;0.109369;0.595216;10.024654;0
0.011831;0.097549;0.595216;10.024654;0
0.002017;0.088814;0.601803;10.024654;0
-0.007393;0.088312;0.601803;10.024654;0
-0.016181;0.089252;0.609704;10.024654;0
-0.027120;0.074682;0.609704;10.024654;0
-0.035189;0.065032;0.618781;10.024654;0
-0.043050;0.060877;0.628884;10.024654;0
-0.050679;0.064657;0.628884;10.024654;0
-0.058311;0.070903;0.639861;10.024654;0
-0.068632;0.059901;0.639861;10.024654;0
-0.077234;0.049830;0.651550;10.024654;0
-0.086746;0.047168;0.651550;10.024654;0
0.649640;0.046587;0.663787;10.024654;0
0.656895;0.046214;0.663787;10.024654;0
0.667266;0.032047;0.663787;10.024654;0
0.675599;0.028996;0.676411;10.024654;0
0.683839;0.040659;0.676411;10.024654;0
0.691753;0.066512;0.689273;10.024654;0
0.698857;0.095886;0.689273;10.024654;0
0.706824;0.118475;0.702250;10.024654;0
0.711323;0.132143;0.702250;10.024654;0
0.714409;0.148922;0.702250;10.024654;0
0.715777;0.164994;0.715236;10.024654;0
0.714440;0.168774;0.715236;10.024654;0
0.711011;0.163572;0.728140;10.024654;0
0.705792;0.161490;0.728140;10.024654;0
0.698592;0.163624;0.740891;10.024654;0
0.688969;0.172520;0.740891;10.024654;0
0.672773;0.188220;0.740891;10.024654;0
0.657685;0.187214;0.753432;10.024654;0
0.641252;0.179642;0.753432;10.024654;0
0.623635;0.174985;0.765717;10.024654;0
0.597687;0.180219;0.765717;10.024654;0
0.576170;0.185365;0.765717;10.024654;0
0.553074;0.182185;0.777713;10.024654;0
0.530013;0.180381;0.777713;10.024654;0
0.503736;0.182161;0.789400;10.024654;0
0.472025;0.190922;0.789400;10.024654;0
0.446553;0.196269;0.789400;10.024654;0
0.421519;0.188609;0.800763;10.024654;0
0.397739;0.175546;0.800763;10.024654;0
0.373629;0.167642;0.811799;10.024654;0
0.341830;0.171206;0.811799;10.024654;0
0.318686;0.184144;0.811799;10.024654;0
0.296546;0.196760;0.822510;10.024654;0
0.275165;0.192295;0.822510;10.024654;0
0.254728;0.183620;0.832901;10.024654;0
0.228807;0.181554;0.832901;10.024654;0
0.210121;0.191232;0.842986;10.024654;0
0.192266;0.201897;0.842986;10.024654;0
0.175675;0.196952;0.842986;10.024654;0
0.159522;0.181525;0.852775;10.024654;0
0.140792;0.168551;0.852775;10.024654;0
0.126831;0.168239;0.862283;10.024654;0
0.113763;0.173372;0.862283;10.024654;0
0.101375;0.170042;0.862283;10.024654;0
0.086148;0.147943;0.871522;10.024654;0
0.075119;0.134745;0.871522;10.024654;0
0.065104;0.130372;0.880501;10.024654;0
0.055245;0.135496;0.880501;10.024654;0
0.045709;0.143536;0.889225;10.024654;0
0.033266;0.126556;0.889225;10.024654;0
0.024498;0.112951;0.889225;10.024654;0
0.015755;0.109361;0.897693;10.024654;0
0.007126;0.114777;0.897693;10.024654;0
-0.001307;0.118428;0.905898;10.024654;0
-0.012087;0.106954;0.905898;10.024654;0
-0.020098;0.103536;0.913821;10.024654;0
-0.028151;0.107578;0.913821;10.024654;0
-0.036109;0.116066;0.913821;10.024654;0
-0.044296;0.118489;0.921436;10.024654;0
-0.055300;0.110153;0.921436;10.024654;0
-0.063799;0.102928;0.928704;10.024654;0
-0.073046;0.102527;0.928704;10.024654;0
-0.083158;0.109072;0.928704;10.024654;0
-0.098558;0.110526;0.935575;10.024654;0
0.084857;0.079977;0.935575;10.024654;0
0.086498;0.056294;0.941990;10.024654;0
0.088887;0.028315;0.941990;10.024654;0
0.092094;0.008647;0.947877;10.024654;0
0.097806;-0.011756;0.947877;10.024654;0
0.103207;-0.022119;0.947877;10.024654;0
0.109084;-0.017016;0.953162;10.024654;0
0.115135;0.002122;0.953162;10.024654;0
0.121257;0.029802;0.953162;10.024654;0
0.127502;0.049668;0.957767;10.024654;0
0.135402;0.060698;0.957767;10.024654;0
0.141117;0.073071;0.957767;10.024654;0
0.146266;0.090983;0.961618;10.024654;0
0.150807;0.101011;0.961618;10.024654;0
0.155936;0.100123;0.964643;10.024654;0
0.158951;0.098824;0.964643;10.024654;0
0.161152;0.100808;0.964643;10.024654;0
0.162511;0.109736;0.966781;10.024654;0
0.162973;0.119499;0.966781;10.024654;0
0.162349;0.109678;0.966781;10.024654;0
0.160841;0.101462;0.967978;10.024654;0
0.158571;0.104841;0.967978;10.024654;0
0.155541;0.120457;0.967978;10.024654;0
0.151721;0.130781;0.968195;10.024654;0
0.147252;0.128721;0.968195;10.024654;0
0.140480;0.128403;0.968195;10.024654;0
0.134913;0.136065;0.967403;10.024654;0
0.128770;0.148564;0.967403;10.024654;0
0.122272;0.149107;0.967403;10.024654;0
0.113393;0.128567;0.965591;10.024654;0
0.106408;0.117162;0.965591;10.024654;0
0.099291;0.117120;0.962762;10.024654;0
0.092064;0.127700;0.962762;10.024654;0
0.085000;0.129465;0.962762;10.024654;0
0.078043;0.119943;0.958939;10.024654;0
0.068746;0.113915;0.958939;10.024654;0
0.061846;0.119771;0.958939;10.024654;0
0.055247;0.131818;0.954158;10.024654;0
0.048817;0.134409;0.954158;10.024654;0
0.040412;0.121564;0.948476;10.024654;0
0.034222;0.117063;0.948476;10.024654;0
0.028251;0.122326;0.948476;10.024654;0
0.022431;0.130588;0.941966;10.024654;0
0.016870;0.125240;0.941966;10.024654;0
0.009700;0.116719;0.941966;10.024654;0
0.004364;0.120059;0.934717;10.024654;0
-0.000690;0.119823;0.934717;10.024654;0
-0.005545;0.106975;0.926836;10.024654;0
-0.010305;0.100335;0.926836;10.024654;0
-0.016661;0.111068;0.926836;10.024654;0
-0.021424;0.121377;0.918442;10.024654;0
-0.025895;0.116093;0.918442;10.024654;0
-0.030405;0.109702;0.909667;10.024654;0
-0.035014;0.109233;0.909667;10.024654;0
-0.040925;0.111731;0.909667;10.024654;0
-0.045305;0.098863;0.900652;10.024654;0
-0.049609;0.082818;0.900652;10.024654;0
-0.053984;0.078050;0.891546;10.024654;0
-0.058434;0.085443;0.891546;10.024654;0
-0.064422;0.094686;0.882497;10.024654;0
-0.068896;0.085022;0.882497;10.024654;0
-0.073410;0.077353;0.882497;10.024654;0
-0.078196;0.078819;0.873651;10.024654;0
-0.083281;0.087312;0.873651;10.024654;0
-0.090765;0.082410;0.865144;10.024654;0
-0.097173;0.064264;0.865144;10.024654;0
-0.105132;0.045755;0.865144;10.024654;0
-0.115629;0.029621;0.857099;10.024654;0
-0.680501;0.015110;0.857099;10.024654;0
-0.689757;-0.037861;0.849613;10.024654;0
-0.698741;-0.105771;0.849613;10.024654;0
-0.709821;-0.158684;0.849613;10.024654;0
-0.722866;-0.180202;0.842758;10.024654;0
-0.741237;-0.166659;0.842758;10.024654;0
-0.756479;-0.141331;0.836575;10.024654;0
-0.771326;-0.103241;0.836575;10.024654;0
-0.785935;-0.055121;0.836575;10.024654;0
-0.799785;-0.005876;0.831076;10.024654;0
-0.817160;0.046996;0.831076;10.024654;0
-0.829178;0.065700;0.831076;10.024654;0
-0.839936;0.074287;0.826248;10.024654;0
-0.849056;0.078734;0.826248;10.024654;0
-0.856605;0.083784;0.826248;10.024654;0
-0.863320;0.090537;0.826248;10.024654;0
-0.865578;0.088029;0.822053;10.024654;0
-0.865470;0.085866;0.822053;10.024654;0
-0.862818;0.087855;0.822053;10.024654;0
-0.855032;0.101812;0.818430;10.024654;0
-0.845629;0.113777;0.818430;10.024654;0
-0.833191;0.116547;0.818430;10.024654;0
-0.818249;0.118166;0.818430;10.024654;0
-0.800386;0.123793;0.815302;10.024654;0
-0.778371;0.134914;0.815302;10.024654;0
-0.750394;0.141250;0.815302;10.024654;0
-0.724539;0.137259;0.812579;10.024654;0
-0.696939;0.132162;0.812579;10.024654;0
-0.667882;0.132442;0.812579;10.024654;0
-0.628280;0.144175;0.812579;10.024654;0
-0.596520;0.150899;0.810160;10.024654;0
-0.564621;0.146426;0.810160;10.024654;0
-0.531886;0.142731;0.810160;10.024654;0
-0.499708;0.145500;0.807938;10.024654;0
-0.467652;0.152238;0.807938;10.024654;0
-0.425464;0.127210;0.807938;10.024654;0
-0.394735;0.094534;0.807938;10.024654;0
-0.366371;0.072572;0.805802;10.024654;0
-0.338729;0.070060;0.805802;10.024654;0
-0.303531;0.097039;0.805802;10.024654;0
-0.278651;0.118559;0.805802;10.024654;0
-0.254595;0.141197;0.803644;10.024654;0
-0.231743;0.165993;0.803644;10.024654;0
-0.209983;0.192390;0.803644;10.024654;0
-0.183588;0.207513;0.801357;10.024654;0
-0.163917;0.201471;0.801357;10.024654;0
-0.146066;0.188764;0.801357;10.024654;0
-0.129303;0.176547;0.798843;10.024654;0
-0.113564;0.168008;0.798843;10.024654;0
-0.098521;0.159752;0.798843;10.024654;0
-0.080236;0.133875;0.796008;10.024654;0
-0.067635;0.118607;0.796008;10.024654;0
-0.055613;0.113187;0.796008;10.024654;0
-0.044494;0.116831;0.792772;10.024654;0
-0.034156;0.121485;0.792772;10.024654;0
-0.020961;0.112044;0.792772;10.024654;0
-0.011719;0.106487;0.789062;10.024654;0
-0.002789;0.104860;0.789062;10.024654;0
0.005739;0.108426;0.789062;10.024654;0
0.013937;0.106162;0.784823;10.024654;0
0.024220;0.092426;0.784823;10.024654;0
0.031559;0.084963;0.784823;10.024654;0
0.038762;0.084416;0.780008;10.024654;0
0.045495;0.086288;0.780008;10.024654;0
0.052334;0.080591;0.774588;10.024654;0
0.060907;0.070899;0.774588;10.024654;0
0.067143;0.071070;0.774588;10.024654;0
0.073265;0.079758;0.768549;10.024654;0
0.079115;0.089861;0.768549;10.024654;0
0.084817;0.091275;0.768549;10.024654;0
0.092223;0.093146;0.761891;10.024654;0
0.097838;0.096809;0.761891;10.024654;0
0.103289;0.104593;0.754634;10.024654;0
0.109068;0.103740;0.754634;10.024654;0
0.115196;0.093995;0.754634;10.024654;0
0.124626;0.085133;0.746813;10.024654;0
0.133364;0.085107;0.746813;10.024654;0
0.144111;0.084302;0.746813;10.024654;0
-0.403748;0.075903;0.738487;10.024654;0
-0.411489;0.067265;0.738487;10.024654;0
-0.419174;0.064577;0.729730;10.024654;0
-0.428782;0.076986;0.729730;10.024654;0
-0.435095;0.097738;0.729730;10.024654;0
-0.440430;0.115868;0.720634;10.024654;0
-0.444582;0.122592;0.720634;10.024654;0
-0.447414;0.127205;0.711300;10.024654;0
-0.449091;0.140175;0.711300;10.024654;0
-0.448442;0.149293;0.711300;10.024654;0
-0.445937;0.147844;0.701835;10.024654;0
-0.441912;0.143299;0.701835;10.024654;0
-0.436140;0.144935;0.692359;10.024654;0
-0.426165;0.158087;0.692359;10.024654;0
-0.416568;0.175485;0.682996;10.024654;0
-0.405437;0.189952;0.682996;10.024654;0
-0.392421;0.186994;0.682996;10.024654;0
-0.378411;0.177736;0.673883;10.024654;0
-0.358497;0.170559;0.673883;10.024654;0
-0.342572;0.172962;0.665158;10.024654;0
-0.326332;0.179829;0.665158;10.024654;0
-0.308939;0.178525;0.656970;10.024654;0
-0.285992;0.164721;0.656970;10.024654;0
-0.268373;0.159156;0.649469;10.024654;0
-0.251234;0.160601;0.649469;10.024654;0
-0.234041;0.169691;0.642807;10.024654;0
-0.217133;0.177755;0.642807;10.024654;0
-0.200641;0.168215;0.637133;10.024654;0
-0.179929;0.153354;0.637133;10.024654;0
-0.165003;0.151955;0.632590;10.024654;0
-0.151253;0.159183;0.629307;10.024654;0
-0.137634;0.163108;0.629307;10.024654;0
-0.124775;0.149128;0.627399;10.024654;0
-0.109100;0.131861;0.627399;10.024654;0
-0.098271;0.129908;0.626958;10.024654;0
-0.087933;0.128326;0.628045;10.024654;0
-0.078460;0.115776;0.628045;10.024654;0
-0.069652;0.106819;0.630691;10.024654;0
-0.060473;0.104862;0.634891;10.024654;0
-0.051301;0.113092;0.634891;10.024654;0
-0.044203;0.125716;0.640598;10.024654;0
-0.037241;0.129502;0.640598;10.024654;0
-0.030826;0.115895;0.647728;10.024654;0
-0.022527;0.094539;0.656157;10.024654;0
-0.016397;0.089632;0.656157;10.024654;0
-0.010648;0.088111;0.665720;10.024654;0
-0.005136;0.077942;0.676221;10.024654;0
0.000391;0.072891;0.676221;10.024654;0
0.007127;0.081854;0.687426;10.024654;0
0.011725;0.097301;0.687426;10.024654;0
-0.824695;0.062536;0.699076;10.024654;0
-0.834603;0.035018;0.699076;10.024654;0
-0.845795;0.001197;0.710886;10.024654;0
-0.863551;-0.025843;0.710886;10.024654;0
-0.878465;-0.025812;0.722568;10.024654;0
-0.894770;-0.014595;0.722568;10.024654;0
-0.911994;-0.003521;0.733852;10.024654;0
-0.929294;0.012305;0.733852;10.024654;0
-0.951042;0.042583;0.733852;10.024654;0
-0.966705;0.067302;0.744488;10.024654;0
-0.980797;0.081368;0.744488;10.024654;0
-0.993495;0.093029;0.754251;10.024654;0
-1.000000;0.106974;0.754251;10.024654;0
-1.000000;0.126250;0.754251;10.024654;0
-1.000000;0.128462;0.762938;10.024654;0
-1.000000;0.126791;0.762938;10.024654;0
-1.000000;0.128707;0.762938;10.024654;0
-1.000000;0.135507;0.770373;10.024654;0
-1.000000;0.149702;0.770373;10.024654;0
-1.000000;0.152458;0.770373;10.024654;0
-0.988590;0.149756;0.776406;10.024654;0
-0.972339;0.147787;0.776406;10.024654;0
-0.947170;0.150673;0.776406;10.024654;0
-0.924388;0.153153;0.776406;10.024654;0
-0.899038;0.147805;0.780913;10.024654;0
-0.872584;0.143305;0.780913;10.024654;0
-0.843838;0.144115;0.780913;10.024654;0
-0.802072;0.157026;0.783795;10.024654;0
-0.769309;0.166429;0.783795;10.024654;0
-0.735129;0.165405;0.783795;10.024654;0
-0.699357;0.163362;0.783795;10.024654;0
-0.662860;0.166845;0.784978;10.024654;0
-0.625770;0.176425;0.784978;10.024654;0
-0.576275;0.184294;0.784978;10.024654;0
-0.539907;0.176130;0.784413;10.024654;0
-0.502639;0.166273;0.784413;10.024654;0
-0.466672;0.159740;0.784413;10.024654;0
-0.420373;0.150675;0.782077;10.024654;0
-0.386022;0.133678;0.782077;10.024654;0
-0.353037;0.120373;0.782077;10.024654;0
-0.321930;0.119207;0.777971;10.024654;0
-0.291514;0.128893;0.777971;10.024654;0
-0.262455;0.130930;0.777971;10.024654;0
-0.227407;0.125973;0.772121;10.024654;0
-0.202579;0.125247;0.772121;10.024654;0
-0.178164;0.132283;0.764576;10.024654;0
-0.154989;0.140664;0.764576;10.024654;0
-0.126890;0.131581;0.755412;10.024654;0
-0.106726;0.123317;0.755412;10.024654;0
-0.087752;0.119434;0.755412;10.024654;0
-0.069857;0.120534;0.744728;10.024654;0
