-0.246010;0.087175;0.627847;10.024654;0
-0.236387;0.083061;0.633690;10.024654;0
-0.226870;0.075488;0.633690;10.024654;0
-0.214455;0.068569;0.639025;10.024654;0
-0.204977;0.070997;0.639025;10.024654;0
-0.195694;0.066548;0.643847;10.024654;0
-0.186482;0.058457;0.643847;10.024654;0
-0.177191;0.058399;0.648174;10.024654;0
-0.164900;0.071577;0.648174;10.024654;0
-0.155843;0.078749;0.648174;10.024654;0
-0.146851;0.076540;0.652043;10.024654;0
-0.137812;0.076132;0.652043;10.024654;0
-0.128874;0.084613;0.655516;10.024654;0
-0.119999;0.097947;0.655516;10.024654;0
-0.108313;0.094910;0.658678;10.024654;0
-0.099746;0.089706;0.658678;10.024654;0
-0.091365;0.090211;0.661636;10.024654;0
-0.083310;0.096390;0.661636;10.024654;0
-0.075416;0.101889;0.664519;10.024654;0
-0.065289;0.088854;0.664519;10.024654;0
-0.057785;0.075555;0.664519;10.024654;0
-0.050547;0.068258;0.667474;10.024654;0
-0.043689;0.069144;0.667474;10.024654;0
-0.036919;0.068153;0.670663;10.024654;0
-0.030399;0.062362;0.670663;10.024654;0
-0.022352;0.060302;0.674261;10.024654;0
-0.016553;0.067476;0.674261;10.024654;0
-0.010891;0.082146;0.678445;10.024654;0
-0.005524;0.097473;0.678445;10.024654;0
0.001284;0.095668;0.683392;10.024654;0
0.006273;0.088649;0.683392;10.024654;0
0.011040;0.082998;0.689269;10.024654;0
0.015517;0.083778;0.689269;10.024654;0
0.019835;0.081781;0.696223;10.024654;0
0.024066;0.073464;0.696223;10.024654;0
0.029257;0.067887;0.704372;10.024654;0
0.032955;0.069397;0.704372;10.024654;0
0.036396;0.078590;0.713801;10.024654;0
0.039824;0.086024;0.713801;10.024654;0
0.044169;0.082767;0.724547;10.024654;0
0.047297;0.081134;0.724547;10.024654;0
0.050291;0.082551;0.736599;10.024654;0
0.053459;0.082051;0.736599;10.024654;0
0.058289;0.064332;0.749890;10.024654;0
0.062579;0.054396;0.749890;10.024654;0
0.067664;0.052236;0.749890;10.024654;0
0.074532;0.057039;0.764294;10.024654;0
-1.000000;0.071439;0.764294;10.024654;0
-1.000000;0.076802;0.779629;10.024654;0
-1.000000;0.081263;0.779629;10.024654;0
-1.000000;0.088457;0.779629;10.024654;0
-1.000000;0.099074;0.795675;10.024654;0
-1.000000;0.108620;0.795675;10.024654;0
-1.000000;0.110283;0.812197;10.024654;0
-1.000000;0.112051;0.812197;10.024654;0
-1.000000;0.116930;0.812197;10.024654;0
-1.000000;0.127704;0.828962;10.024654;0
-1.000000;0.127735;0.828962;10.024654;0
-1.000000;0.126721;0.828962;10.024654;0
-1.000000;0.128615;0.845741;10.024654;0
-1.000000;0.134756;0.845741;10.024654;0
-1.000000;0.142539;0.845741;10.024654;0
-1.000000;0.140087;0.862316;10.024654;0
-0.990887;0.137233;0.862316;10.024654;0
-0.974104;0.137401;0.862316;10.024654;0
-0.955801;0.143043;0.862316;10.024654;0
-0.930051;0.152275;0.878487;10.024654;0
-0.908604;0.148928;0.878487;10.024654;0
-0.886256;0.143961;0.878487;10.024654;0
-0.863672;0.143959;0.894071;10.024654;0
-0.840515;0.149969;0.894071;10.024654;0
-0.816270;0.156293;0.894071;10.024654;0
-0.782908;0.147662;0.894071;10.024654;0
-0.757694;0.139526;0.908905;10.024654;0
-0.732978;0.137720;0.908905;10.024654;0
-0.708752;0.143078;0.908905;10.024654;0
-0.676536;0.151937;0.922852;10.024654;0
-0.650871;0.152311;0.922852;10.024654;0
-0.626237;0.145238;0.922852;10.024654;0
-0.602005;0.140487;0.922852;10.024654;0
-0.577798;0.143132;0.935794;10.024654;0
-0.553959;0.149003;0.935794;10.024654;0
-0.523555;0.141143;0.935794;10.024654;0
-0.501225;0.135556;0.947638;10.024654;0
-0.479498;0.137689;0.947638;10.024654;0
-0.457911;0.147212;0.947638;10.024654;0
-0.436745;0.155211;0.947638;10.024654;0
-0.415649;0.146526;0.958313;10.024654;0
-0.389748;0.130038;0.958313;10.024654;0
-0.370620;0.123498;0.958313;10.024654;0
-0.352146;0.123701;0.967770;10.024654;0
-0.334874;0.128318;0.967770;10.024654;0
-0.312378;0.125613;0.967770;10.024654;0
-0.296033;0.115025;0.967770;10.024654;0
-0.280310;0.106879;0.975981;10.024654;0
-0.265418;0.105365;0.975981;10.024654;0
-0.246113;0.116209;0.975981;10.024654;0
-0.231714;0.118491;0.982938;10.024654;0
-0.218022;0.113104;0.982938;10.024654;0
-0.204572;0.107306;0.982938;10.024654;0
-0.191800;0.106564;0.982938;10.024654;0
-0.175465;0.107512;0.988652;10.024654;0
-0.163039;0.099698;0.988652;10.024654;0
-0.151281;0.083634;0.988652;10.024654;0
-0.139972;0.073151;0.988652;10.024654;0
-0.129097;0.071097;0.993149;10.024654;0
-0.118604;0.076608;0.993149;10.024654;0
-0.105472;0.077036;0.993149;10.024654;0
-0.095933;0.072819;0.996471;10.024654;0
-0.086576;0.072614;0.996471;10.024654;0
-0.077701;0.077548;0.996471;10.024654;0
-0.069099;0.084029;0.996471;10.024654;0
-0.058003;0.078909;0.998675;10.024654;0
-0.049776;0.075082;0.998675;10.024654;0
-0.041987;0.075005;0.998675;10.024654;0
-0.034601;0.079476;0.998675;10.024654;0
-0.027299;0.080933;0.998675;10.024654;0
-0.020483;0.071383;0.998675;10.024654;0
-0.011589;0.060910;0.998675;10.024654;0
-0.005135;0.064273;0.999826;10.024654;0
0.001109;0.068844;0.999826;10.024654;0
0.007102;0.065861;0.999826;10.024654;0
0.012801;0.062978;1.000000;10.024654;0
0.018217;0.067444;1.000000;10.024654;0
0.024765;0.079121;1.000000;10.024654;0
0.029501;0.075753;1.000000;10.024654;0
0.034037;0.070128;0.999278;10.024654;0
0.038200;0.067965;0.999278;10.024654;0
0.043258;0.072300;0.999278;10.024654;0
0.046898;0.078871;0.997747;10.024654;0
0.050277;0.079447;0.997747;10.024654;0
0.053486;0.067126;0.997747;10.024654;0
0.056621;0.054916;0.997747;10.024654;0
0.060084;0.047725;0.992609;10.024654;0
0.064217;0.048803;0.992609;10.024654;0
0.067980;0.041142;0.992609;10.024654;0
0.072507;0.032446;0.989178;10.024654;0
-0.028260;0.048191;0.989178;10.024654;0
-0.030139;0.052466;0.989178;10.024654;0
-0.032734;0.067407;0.989178;10.024654;0
-0.034795;0.077128;0.985271;10.024654;0
-0.036671;0.077318;0.985271;10.024654;0
-0.038549;0.080594;0.985271;10.024654;0
-0.040292;0.090351;0.980931;10.024654;0
-0.042463;0.109935;0.980931;10.024654;0
-0.043881;0.112730;0.980931;10.024654;0
-0.045084;0.112390;0.980931;10.024654;0
-0.046151;0.113617;0.976177;10.024654;0
-0.047045;0.117396;0.976177;10.024654;0
-0.047951;0.118567;0.976177;10.024654;0
-0.048370;0.107849;0.971009;10.024654;0
-0.048637;0.100666;0.971009;10.024654;0
-0.048810;0.102926;0.971009;10.024654;0
-0.048903;0.113869;0.971009;10.024654;0
-0.048789;0.116930;0.965413;10.024654;0
-0.048604;0.114707;0.965413;10.024654;0
-0.048388;0.118359;0.965413;10.024654;0
-0.048177;0.131887;0.959372;10.024654;0
-0.047811;0.149216;0.959372;10.024654;0
-0.047283;0.127924;0.959372;10.024654;0
-0.046725;0.094723;0.959372;10.024654;0
-0.046231;0.074151;0.952867;10.024654;0
-0.045858;0.075153;0.952867;10.024654;0
-0.045536;0.105353;0.952867;10.024654;0
-0.045354;0.131986;0.945888;10.024654;0
-0.045208;0.144323;0.945888;10.024654;0
-0.045147;0.155389;0.945888;10.024654;0
-0.045205;0.170898;0.938431;10.024654;0
-0.045450;0.199381;0.938431;10.024654;0
-0.045658;0.214927;0.938431;10.024654;0
-0.045798;0.209090;0.930512;10.024654;0
-0.045958;0.198705;0.930512;10.024654;0
-0.046208;0.193519;0.930512;10.024654;0
-0.046558;0.194803;0.922162;10.024654;0
-0.047047;0.191166;0.922162;10.024654;0
-0.047360;0.170956;0.922162;10.024654;0
-0.047720;0.153254;0.913438;10.024654;0
-0.048162;0.146413;0.913438;10.024654;0
-0.048655;0.146599;0.954158;10.024654;0
-0.049153;0.137949;0.954158;10.024654;0
-0.049589;0.130532;0.954158;10.024654;0
-0.050105;0.131183;0.948476;10.024654;0
-0.050715;0.138040;0.948476;10.024654;0
-0.051365;0.144073;0.948476;10.024654;0
-0.051920;0.137438;0.948476;10.024654;0
-0.052699;0.120181;0.948476;10.024654;0
-0.053396;0.117167;0.885928;10.024654;0
-0.054230;0.124737;0.876744;10.024654;0
-0.055140;0.133584;0.876744;10.024654;0
-0.056317;0.124633;0.876744;10.024654;0
-0.057336;0.120219;0.867827;10.024654;0
-0.058521;0.122422;0.867827;10.024654;0
-0.059846;0.130148;0.859369;10.024654;0
-0.061193;0.130136;0.859369;10.024654;0
-0.062630;0.121536;0.851575;10.024654;0
-0.064811;0.114405;0.851575;10.024654;0
-0.066633;0.116397;0.844652;10.024654;0
-0.068588;0.117119;0.844652;10.024654;0
-0.070707;0.100159;0.838798;10.024654;0
-0.073869;0.077892;0.838798;10.024654;0
-0.076721;0.070659;0.838798;10.024654;0
-0.079979;0.075328;0.834197;10.024654;0
-0.083614;0.082800;0.834197;10.024654;0
-0.087765;0.077736;0.830997;10.024654;0
-0.094816;0.071810;0.829305;10.024654;0
-0.102099;0.077989;0.829305;10.024654;0
0.542722;0.052787;0.829168;10.024654;0
0.555167;0.052692;0.829168;10.024654;0
0.567781;0.039337;0.830567;10.024654;0
0.585865;0.029119;0.830567;10.024654;0
0.600149;0.037703;0.833414;10.024654;0
0.614329;0.050764;0.833414;10.024654;0
0.628605;0.053042;0.837576;10.024654;0
0.642366;0.055620;0.837576;10.024654;0
0.659807;0.070983;0.842878;10.024654;0
0.672773;0.091464;0.842878;10.024654;0
0.683737;0.099543;0.849114;10.024654;0
0.693556;0.103470;0.849114;10.024654;0
0.702158;0.109490;0.849114;10.024654;0
0.711717;0.126152;0.856056;10.024654;0
0.716958;0.135985;0.856056;10.024654;0
0.720072;0.132258;0.863464;10.024654;0
0.721689;0.128499;0.863464;10.024654;0
0.721609;0.130500;0.871093;10.024654;0
0.718802;0.141662;0.871093;10.024654;0
0.714354;0.146503;0.878701;10.024654;0
0.708114;0.138397;0.878701;10.024654;0
0.700441;0.132350;0.886055;10.024654;0
0.691586;0.135302;0.886055;10.024654;0
0.681208;0.148144;0.892937;10.024654;0
0.665253;0.157329;0.892937;10.024654;0
0.651661;0.155170;0.892937;10.024654;0
0.637612;0.154907;0.899145;10.024654;0
0.622456;0.158959;0.899145;10.024654;0
0.601513;0.168772;0.899145;10.024654;0
0.584280;0.164794;0.904501;10.024654;0
0.567001;0.157693;0.904501;10.024654;0
0.549508;0.155334;0.908849;10.024654;0
0.532158;0.161133;0.908849;10.024654;0
0.508203;0.161260;0.908849;10.024654;0
0.490063;0.154528;0.912057;10.024654;0
0.472435;0.154093;0.912057;10.024654;0
0.455295;0.164209;0.912057;10.024654;0
0.437646;0.180651;0.914019;10.024654;0
0.414553;0.187707;0.914019;10.024654;0
0.397980;0.179316;0.914657;10.024654;0
0.381310;0.169869;0.914657;10.024654;0
0.365195;0.164659;0.914657;10.024654;0
0.345342;0.168300;0.913918;10.024654;0
0.330430;0.169649;0.913918;10.024654;0
0.316684;0.156081;0.911777;10.024654;0
0.303450;0.141459;0.911777;10.024654;0
0.290715;0.135465;0.911777;10.024654;0
0.275119;0.142321;0.908235;10.024654;0
0.263621;0.144842;0.908235;10.024654;0
0.253241;0.135669;0.903322;10.024654;0
0.243541;0.128603;0.903322;10.024654;0
0.234452;0.127366;0.903322;10.024654;0
0.223263;0.139862;0.897094;10.024654;0
0.215265;0.148213;0.897094;10.024654;0
0.208057;0.141917;0.889636;10.024654;0
0.201406;0.132321;0.889636;10.024654;0
0.195452;0.124091;0.889636;10.024654;0
0.188783;0.120100;0.881061;10.024654;0
0.184620;0.112967;0.881061;10.024654;0
0.181690;0.090452;0.871511;10.024654;0
0.180068;0.067277;0.871511;10.024654;0
0.179955;0.053201;0.871511;10.024654;0
0.182855;0.049881;0.861155;10.024654;0
0.188766;0.034925;0.861155;10.024654;0
0.480998;0.073953;0.850192;10.024654;0
0.476221;0.060479;0.850192;10.024654;0
0.472228;0.053440;0.838841;10.024654;0
0.467900;0.061813;0.838841;10.024654;0
0.465351;0.070245;0.838841;10.024654;0
0.463328;0.066102;0.827310;10.024654;0
0.461838;0.064382;0.827310;10.024654;0
0.460684;0.073342;0.815799;10.024654;0
0.459653;0.094189;0.815799;10.024654;0
0.458128;0.119234;0.815799;10.024654;0
0.456689;0.122507;0.804494;10.024654;0
0.454986;0.125654;0.804494;10.024654;0
0.452857;0.132884;0.793568;10.024654;0
0.450192;0.143427;0.793568;10.024654;0
0.445353;0.142243;0.783182;10.024654;0
0.440877;0.130462;0.783182;10.024654;0
0.435803;0.124150;0.783182;10.024654;0
0.430199;0.125752;0.773478;10.024654;0
0.423585;0.135960;0.773478;10.024654;0
0.413336;0.149994;0.764587;10.024654;0
0.404546;0.147022;0.764587;10.024654;0
0.395224;0.143082;0.756619;10.024654;0
0.385466;0.142962;0.756619;10.024654;0
0.371444;0.151700;0.749669;10.024654;0
0.360010;0.149315;0.749669;10.024654;0
0.348263;0.140319;0.749669;10.024654;0
0.336710;0.133662;0.743810;10.024654;0
0.324567;0.132657;0.743810;10.024654;0
0.308617;0.137396;0.739098;10.024654;0
0.296774;0.130026;0.739098;10.024654;0
0.284848;0.124333;0.735564;10.024654;0
0.273049;0.125174;0.735564;10.024654;0
0.261182;0.133222;0.733223;10.024654;0
0.245975;0.153736;0.733223;10.024654;0
0.234701;0.156283;0.732066;10.024654;0
0.223592;0.147235;0.732066;10.024654;0
0.213254;0.139114;0.732062;10.024654;0
0.202920;0.136934;0.732062;10.024654;0
0.189825;0.128818;0.733161;10.024654;0
0.180777;0.116309;0.733161;10.024654;0
0.172015;0.111293;0.735294;10.024654;0
0.163634;0.116204;0.735294;10.024654;0
0.155876;0.127051;0.738372;10.024654;0
0.145913;0.129828;0.738372;10.024654;0
0.138921;0.119736;0.742290;10.024654;0
0.132349;0.113353;0.742290;10.024654;0
0.126246;0.113211;0.746928;10.024654;0
0.120376;0.118980;0.746928;10.024654;0
0.113278;0.131038;0.752149;10.024654;0
0.108466;0.125146;0.752149;10.024654;0
0.104181;0.113111;0.757806;10.024654;0
0.100391;0.105277;0.757806;10.024654;0
0.097089;0.104099;0.763741;10.024654;0
0.093928;0.096540;0.763741;10.024654;0
0.092780;0.082272;0.769787;10.024654;0
0.093028;0.065041;0.769787;10.024654;0
0.645933;0.061126;0.775768;10.024654;0
0.647162;0.032152;0.775768;10.024654;0
0.649808;-0.000301;0.775768;10.024654;0
0.652501;-0.019019;0.781513;10.024654;0
0.655379;-0.017719;0.781513;10.024654;0
0.657987;0.005412;0.786872;10.024654;0
0.660657;0.060327;0.786872;10.024654;0
0.661998;0.096713;0.791724;10.024654;0
0.662396;0.122731;0.791724;10.024654;0
0.661682;0.145039;0.795970;10.024654;0
0.659862;0.166917;0.795970;10.024654;0
0.655007;0.188954;0.795970;10.024654;0
0.649196;0.184778;0.799541;10.024654;0
0.641892;0.175282;0.799541;10.024654;0
0.633211;0.170653;0.802392;10.024654;0
0.623231;0.174187;0.802392;10.024654;0
0.611403;0.179739;0.804500;10.024654;0
0.593274;0.168214;0.804500;10.024654;0
0.578250;0.163837;0.804500;10.024654;0
0.561900;0.168617;0.805870;10.024654;0
0.544141;0.174040;0.805870;10.024654;0
0.525133;0.165305;0.806527;10.024654;0
0.497967;0.151412;0.806527;10.024654;0
0.477415;0.147688;0.806527;10.024654;0
0.455364;0.150172;0.806521;10.024654;0
0.432597;0.158076;0.806521;10.024654;0
0.409616;0.164041;0.805923;10.024654;0
0.378858;0.149644;0.805923;10.024654;0
0.355183;0.137660;0.804825;10.024654;0
0.331567;0.131727;0.804825;10.024654;0
0.308448;0.134395;0.804825;10.024654;0
0.285439;0.142727;0.803337;10.024654;0
0.254792;0.137572;0.803337;10.024654;0
0.232711;0.135022;0.801586;10.024654;0
0.211007;0.138845;0.801586;10.024654;0
0.189692;0.146548;0.799716;10.024654;0
0.168909;0.146319;0.799716;10.024654;0
0.142150;0.132893;0.799716;10.024654;0
0.122866;0.126441;0.797877;10.024654;0
0.103785;0.126770;0.797877;10.024654;0
0.085587;0.128653;0.796230;10.024654;0
0.068432;0.115941;0.796230;10.024654;0
0.045980;0.100383;0.794933;10.024654;0
0.030021;0.099585;0.794933;10.024654;0
0.014126;0.106846;0.794143;10.024654;0
-0.001728;0.119039;0.794143;10.024654;0
-0.016893;0.120975;0.794004;10.024654;0
-0.036921;0.109115;0.794004;10.024654;0
-0.051013;0.103983;0.794643;10.024654;0
-0.065355;0.103285;0.794643;10.024654;0
-0.080228;0.102102;0.796159;10.024654;0
-0.099816;0.078203;0.796159;10.024654;0
-0.114518;0.062965;0.798622;10.024654;0
-0.130295;0.059262;0.798622;10.024654;0
-0.146235;0.066615;0.802059;10.024654;0
-0.163784;0.076750;0.802059;10.024654;0
-0.189036;0.066180;0.806454;10.024654;0
-0.211301;0.055737;0.806454;10.024654;0
0.759653;0.035941;0.811739;10.024654;0
0.771446;0.034176;0.811739;10.024654;0
0.789001;0.028139;0.817799;10.024654;0
0.803721;0.015814;0.817799;10.024654;0
0.819258;0.008107;0.817799;10.024654;0
0.835864;0.010581;0.824478;10.024654;0
0.852885;0.025775;0.824478;10.024654;0
0.870026;0.046533;0.831589;10.024654;0
0.892430;0.057274;0.831589;10.024654;0
0.908414;0.063167;0.838927;10.024654;0
0.924005;0.071430;0.838927;10.024654;0
0.938727;0.083554;0.838927;10.024654;0
0.952265;0.092970;0.846276;10.024654;0
0.963820;0.089142;0.846276;10.024654;0
0.977675;0.084364;0.846276;10.024654;0
0.986395;0.089394;0.853418;10.024654;0
0.993437;0.096497;0.853418;10.024654;0
0.998555;0.095035;0.853418;10.024654;0
1.000000;0.095198;0.860138;10.024654;0
1.000000;0.099445;0.860138;10.024654;0
1.000000;0.110355;0.860138;10.024654;0
1.000000;0.114178;0.866230;10.024654;0
0.996736;0.112923;0.866230;10.024654;0
0.991100;0.112141;0.866230;10.024654;0
0.981517;0.116800;0.871505;10.024654;0
0.972726;0.127481;0.871505;10.024654;0
0.962233;0.134174;0.871505;10.024654;0
0.950566;0.135955;0.871505;10.024654;0
0.937777;0.139541;0.871505;10.024654;0
0.918708;0.149027;0.875787;10.024654;0
0.902963;0.147759;0.875787;10.024654;0
0.886967;0.143020;0.875787;10.024654;0
0.869749;0.141414;0.878921;10.024654;0
0.852224;0.144386;0.878921;10.024654;0
0.828089;0.150222;0.878921;10.024654;0
0.808438;0.145890;0.878921;10.024654;0
0.788823;0.140404;0.880776;10.024654;0
0.769709;0.140858;0.880776;10.024654;0
0.744337;0.150152;0.880776;10.024654;0
0.723550;0.161852;0.880776;10.024654;0
0.703462;0.169415;0.881241;10.024654;0
0.683079;0.163819;0.881241;10.024654;0
0.662416;0.156087;0.881241;10.024654;0
0.635394;0.154804;0.880229;10.024654;0
0.614720;0.156463;0.880229;10.024654;0
0.594237;0.148827;0.880229;10.024654;0
0.574171;0.142341;0.880229;10.024654;0
0.554526;0.144617;0.877676;10.024654;0
0.529481;0.155443;0.877676;10.024654;0
0.510551;0.155930;0.877676;10.024654;0
0.492044;0.155858;0.873544;10.024654;0
0.474597;0.158270;0.873544;10.024654;0
0.457238;0.164753;0.873544;10.024654;0
0.434864;0.171428;0.873544;10.024654;0
0.418460;0.162616;0.867819;10.024654;0
0.402425;0.151806;0.867819;10.024654;0
0.387061;0.144961;0.867819;10.024654;0
0.372578;0.144569;0.860512;10.024654;0
0.354515;0.152279;0.860512;10.024654;0
0.341280;0.149422;0.860512;10.024654;0
0.328502;0.137792;0.851658;10.024654;0
0.316430;0.128608;0.851658;10.024654;0
0.304990;0.127554;0.851658;10.024654;0
0.291129;0.136686;0.851658;10.024654;0
0.280887;0.141476;0.841318;10.024654;0
0.271262;0.131503;0.841318;10.024654;0
0.262597;0.120390;0.841318;10.024654;0
0.252212;0.114130;0.829579;10.024654;0
0.244581;0.116775;0.829579;10.024654;0
0.237308;0.120393;0.816553;10.024654;0
0.230746;0.112887;0.816553;10.024654;0
0.224656;0.106286;0.816553;10.024654;0
0.217530;0.106427;0.802380;10.024654;0
0.212622;0.114146;0.802380;10.024654;0
0.208458;0.120652;0.802380;10.024654;0
0.205032;0.117371;0.787226;10.024654;0
0.201778;0.116382;0.787226;10.024654;0
0.200681;0.121496;0.787226;10.024654;0
0.201188;0.126833;0.771286;10.024654;0
0.203803;0.119131;0.771286;10.024654;0
0.209413;0.107272;0.771286;10.024654;0
0.222782;0.097069;0.754785;10.024654;0
0.227885;0.081204;0.754785;10.024654;0
0.222489;0.080966;0.754785;10.024654;0
0.218433;0.074273;0.737967;10.024654;0
0.215385;0.066062;0.737967;10.024654;0
0.213215;0.065638;0.721078;10.024654;0
0.212914;0.075974;0.721078;10.024654;0
0.213595;0.089289;0.721078;10.024654;0
0.215075;0.090980;0.704354;10.024654;0
0.217945;0.088894;0.704354;10.024654;0
0.220780;0.088928;0.704354;10.024654;0
0.223649;0.095133;0.688019;10.024654;0
0.226578;0.102487;0.688019;10.024654;0
0.229339;0.098710;0.672288;10.024654;0
0.231685;0.090404;0.672288;10.024654;0
0.233894;0.088211;0.672288;10.024654;0
0.234676;0.094806;0.657361;10.024654;0
0.234589;0.099845;0.657361;10.024654;0
0.233634;0.091448;0.643428;10.024654;0
0.230902;0.082413;0.643428;10.024654;0
0.227685;0.084544;0.643428;10.024654;0
0.223487;0.086615;0.630660;10.024654;0
0.218630;0.078690;0.630660;10.024654;0
0.212792;0.074926;0.619213;10.024654;0
0.203949;0.086380;0.619213;10.024654;0
0.196115;0.098405;0.609224;10.024654;0
0.187972;0.099483;0.609224;10.024654;0
0.179485;0.097733;0.609224;10.024654;0
0.170505;0.081920;0.600805;10.024654;0
0.158360;0.056063;0.600805;10.024654;0
0.149037;0.042659;0.594048;10.024654;0
0.139701;0.030512;0.594048;10.024654;0
0.130333;0.030383;0.589016;10.024654;0
0.120768;0.044970;0.585746;10.024654;0
0.108230;0.079207;0.585746;10.024654;0
0.099026;0.095588;0.584248;10.024654;0
0.089782;0.109544;0.584248;10.024654;0
0.080673;0.122864;0.584502;10.024654;0
0.071867;0.136616;0.584502;10.024654;0
0.060548;0.147360;0.586465;10.024654;0
0.052377;0.135651;0.586465;10.024654;0
0.044396;0.119357;0.590066;10.024654;0
0.036718;0.106330;0.590066;10.024654;0
0.029325;0.101305;0.595216;10.024654;0
0.022362;0.100390;0.601803;10.024654;0
0.013516;0.085192;0.601803;10.024654;0
0.007371;0.076709;0.609704;10.024654;0
0.001487;0.076493;0.609704;10.024654;0
-0.004064;0.083330;0.618781;10.024654;0
-0.009575;0.091497;0.618781;10.024654;0
-0.016347;0.083875;0.628884;10.024654;0
-0.021237;0.072705;0.628884;10.024654;0
-0.026145;0.067284;0.639861;10.024654;0
-0.031310;0.069040;0.639861;10.024654;0
-0.036863;0.077999;0.651550;10.024654;0
0.682671;0.070176;0.651550;10.024654;0
0.689377;0.062637;0.663787;10.024654;0
0.696299;0.057590;0.663787;10.024654;0
0.703437;0.060435;0.676411;10.024654;0
0.712781;0.078733;0.676411;10.024654;0
0.719345;0.094218;0.689273;10.024654;0
0.725225;0.100111;0.689273;10.024654;0
0.730151;0.105674;0.689273;10.024654;0
0.733972;0.113650;0.702250;10.024654;0
0.737159;0.131534;0.702250;10.024654;0
0.737583;0.136911;0.715236;10.024654;0
0.736247;0.137884;0.715236;10.024654;0
0.733102;0.140202;0.728140;10.024654;0
0.727945;0.148946;0.728140;10.024654;0
0.717901;0.169628;0.728140;10.024654;0
0.707686;0.181857;0.740891;10.024654;0
0.695097;0.180843;0.740891;10.024654;0
0.680852;0.179608;0.753432;10.024654;0
0.664261;0.183676;0.753432;10.024654;0
0.639944;0.188564;0.753432;10.024654;0
0.618948;0.179216;0.765717;10.024654;0
0.597238;0.171982;0.765717;10.024654;0
0.574600;0.172475;0.777713;10.024654;0
0.551121;0.181723;0.777713;10.024654;0
0.527290;0.196537;0.777713;10.024654;0
0.493864;0.201590;0.789400;10.024654;0
0.468525;0.194612;0.789400;10.024654;0
0.443730;0.189496;0.800763;10.024654;0
0.418733;0.189316;0.800763;10.024654;0
0.394056;0.196162;0.800763;10.024654;0
0.362242;0.188927;0.811799;10.024654;0
0.339772;0.178008;0.811799;10.024654;0
0.317342;0.172054;0.822510;10.024654;0
0.296129;0.175863;0.822510;10.024654;0
0.275313;0.187442;0.822510;10.024654;0
0.249796;0.195624;0.832901;10.024654;0
0.230665;0.182735;0.832901;10.024654;0
0.213239;0.170174;0.842986;10.024654;0
0.196459;0.165026;0.842986;10.024654;0
0.180805;0.167060;0.842986;10.024654;0
0.161363;0.166404;0.852775;10.024654;0
0.146784;0.149357;0.852775;10.024654;0
0.134031;0.136410;0.862283;10.024654;0
0.121949;0.132945;0.862283;10.024654;0
0.110211;0.141091;0.871522;10.024654;0
0.099441;0.145055;0.871522;10.024654;0
0.085635;0.136245;0.871522;10.024654;0
0.075649;0.131368;0.880501;10.024654;0
0.066142;0.135746;0.880501;10.024654;0
0.056897;0.143788;0.889225;10.024654;0
0.045379;0.132539;0.889225;10.024654;0
0.036669;0.121772;0.897693;10.024654;0
0.028555;0.115705;0.897693;10.024654;0
0.020520;0.118373;0.897693;10.024654;0
0.012130;0.124052;0.905898;10.024654;0
0.001654;0.109981;0.905898;10.024654;0
-0.006312;0.099133;0.913821;10.024654;0
-0.014453;0.097656;0.913821;10.024654;0
-0.022377;0.104580;0.913821;10.024654;0
-0.033140;0.113256;0.921436;10.024654;0
-0.041377;0.101911;0.921436;10.024654;0
-0.049904;0.087541;0.928704;10.024654;0
-0.058930;0.076439;0.928704;10.024654;0
-0.070378;0.074659;0.935575;10.024654;0
-0.083716;0.083025;0.935575;10.024654;0
0.074265;0.093702;0.935575;10.024654;0
0.074781;0.069683;0.941990;10.024654;0
0.075979;0.031856;0.941990;10.024654;0
0.078782;-0.003353;0.947877;10.024654;0
0.081824;-0.012927;0.947877;10.024654;0
0.085623;-0.021609;0.947877;10.024654;0
0.090023;-0.018316;0.953162;10.024654;0
0.094848;-0.001264;0.953162;10.024654;0
0.101777;0.041330;0.953162;10.024654;0
0.107345;0.063601;0.957767;10.024654;0
0.112941;0.072926;0.957767;10.024654;0
0.118572;0.081036;0.961618;10.024654;0
0.124251;0.093422;0.961618;10.024654;0
0.131531;0.106202;0.961618;10.024654;0
0.136701;0.099196;0.964643;10.024654;0
0.141683;0.094487;0.964643;10.024654;0
0.146309;0.098249;0.964643;10.024654;0
0.150474;0.104981;0.966781;10.024654;0
0.155435;0.098898;0.966781;10.024654;0
0.158629;0.089201;0.966781;10.024654;0
0.161477;0.086021;0.967978;10.024654;0
0.163804;0.092375;0.967978;10.024654;0
0.165709;0.106235;0.967978;10.024654;0
0.167537;0.112899;0.968195;10.024654;0
0.168465;0.108421;0.968195;10.024654;0
0.169028;0.108574;0.968195;10.024654;0
0.169256;0.116525;0.967403;10.024654;0
0.169181;0.130324;0.967403;10.024654;0
0.168838;0.131266;0.967403;10.024654;0
0.168044;0.125942;0.965591;10.024654;0
0.167241;0.125390;0.965591;10.024654;0
0.166319;0.130428;0.962762;10.024654;0
0.165331;0.127008;0.962762;10.024654;0
0.164355;0.118266;0.962762;10.024654;0
0.163023;0.114176;0.958939;10.024654;0
0.162011;0.122191;0.958939;10.024654;0
0.160998;0.131907;0.958939;10.024654;0
0.160026;0.130438;0.954158;10.024654;0
0.159072;0.127864;0.954158;10.024654;0
0.157888;0.130520;0.954158;10.024654;0
0.157056;0.138284;0.948476;10.024654;0
0.156305;0.134065;0.948476;10.024654;0
0.155692;0.120901;0.941966;10.024654;0
0.155238;0.113928;0.941966;10.024654;0
0.154904;0.119112;0.941966;10.024654;0
0.154610;0.138442;0.934717;10.024654;0
0.154489;0.150055;0.934717;10.024654;0
0.154451;0.144125;0.934717;10.024654;0
0.154556;0.133088;0.926836;10.024654;0
0.154816;0.125221;0.926836;10.024654;0
0.155412;0.124509;0.918442;10.024654;0
0.156022;0.133314;0.918442;10.024654;0
0.156803;0.140534;0.918442;10.024654;0
0.157761;0.130189;0.909667;10.024654;0
0.159417;0.111426;0.909667;10.024654;0
0.161058;0.106083;0.900652;10.024654;0
0.162924;0.111888;0.900652;10.024654;0
0.165078;0.117747;0.891546;10.024654;0
0.167520;0.107871;0.891546;10.024654;0
0.171468;0.096439;0.891546;10.024654;0
0.174966;0.097667;0.882497;10.024654;0
0.178941;0.106289;0.882497;10.024654;0
0.183581;0.115524;0.873651;10.024654;0
0.188882;0.107293;0.873651;10.024654;0
0.197914;0.088317;0.865144;10.024654;0
0.206206;0.081908;0.865144;10.024654;0
0.216772;0.084223;0.865144;10.024654;0
0.229913;0.085576;0.857099;10.024654;0
-0.660424;-0.004479;0.857099;10.024654;0
-0.681917;-0.022448;0.849613;10.024654;0
-0.703158;-0.031306;0.849613;10.024654;0
-0.725998;-0.028376;0.849613;10.024654;0
-0.749423;-0.025033;0.842758;10.024654;0
-0.773495;-0.020893;0.842758;10.024654;0
-0.806502;-0.008732;0.836575;10.024654;0
-0.829743;-0.009290;0.836575;10.024654;0
-0.853306;-0.007631;0.836575;10.024654;0
-0.875555;-0.005390;0.831076;10.024654;0
-0.904068;-0.000627;0.831076;10.024654;0
-0.923315;0.014035;0.831076;10.024654;0
-0.941641;0.038532;0.826248;10.024654;0
-0.958211;0.064829;0.826248;10.024654;0
-0.972365;0.081626;0.822053;10.024654;0
-0.987711;0.094615;0.822053;10.024654;0
-0.996822;0.105146;0.822053;10.024654;0
-1.000000;0.117094;0.818430;10.024654;0
-1.000000;0.129677;0.818430;10.024654;0
-1.000000;0.134582;0.818430;10.024654;0
-1.000000;0.129758;0.815302;10.024654;0
-1.000000;0.126636;0.815302;10.024654;0
-0.999885;0.127983;0.815302;10.024654;0
-0.992328;0.131606;0.815302;10.024654;0
-0.979074;0.126516;0.815302;10.024654;0
-0.966935;0.124443;0.812579;10.024654;0
-0.953375;0.126435;0.812579;10.024654;0
-0.938526;0.134536;0.812579;10.024654;0
-0.921427;0.144671;0.810160;10.024654;0
-0.902503;0.143763;0.810160;10.024654;0
-0.875183;0.138920;0.810160;10.024654;0
-0.853416;0.140718;0.810160;10.024654;0
-0.831019;0.149916;0.807938;10.024654;0
-0.807469;0.154854;0.807938;10.024654;0
-0.782533;0.150855;0.807938;10.024654;0
-0.748837;0.146558;0.805802;10.024654;0
-0.723186;0.147831;0.805802;10.024654;0
-0.698110;0.152581;0.805802;10.024654;0
-0.671759;0.156604;0.803644;10.024654;0
-0.636161;0.145187;0.803644;10.024654;0
-0.610726;0.135835;0.803644;10.024654;0
-0.584656;0.131190;0.803644;10.024654;0
-0.558464;0.134501;0.801357;10.024654;0
-0.532592;0.145873;0.801357;10.024654;0
-0.499382;0.160226;0.801357;10.024654;0
-0.473785;0.154768;0.798843;10.024654;0
-0.449718;0.146313;0.798843;10.024654;0
-0.425955;0.143214;0.798843;10.024654;0
-0.402914;0.146404;0.796008;10.024654;0
-0.380581;0.152397;0.796008;10.024654;0
-0.352649;0.147331;0.796008;10.024654;0
-0.332181;0.131856;0.792772;10.024654;0
-0.313735;0.118004;0.792772;10.024654;0
-0.295222;0.110824;0.792772;10.024654;0
-0.272532;0.107245;0.789062;10.024654;0
-0.256711;0.095867;0.789062;10.024654;0
-0.241281;0.084942;0.789062;10.024654;0
-0.226519;0.080161;0.784823;10.024654;0
-0.212844;0.083245;0.784823;10.024654;0
-0.196377;0.089861;0.784823;10.024654;0
-0.184336;0.085621;0.780008;10.024654;0
-0.173189;0.082146;0.780008;10.024654;0
-0.162472;0.082503;0.774588;10.024654;0
-0.152483;0.088234;0.774588;10.024654;0
-0.140018;0.084698;0.768549;10.024654;0
-0.131013;0.073535;0.768549;10.024654;0
-0.122231;0.064758;0.768549;10.024654;0
-0.114225;0.061083;0.761891;10.024654;0
-0.106887;0.065120;0.761891;10.024654;0
-0.099634;0.077302;0.761891;10.024654;0
-0.090736;0.082582;0.754634;10.024654;0
-0.084381;0.074805;0.754634;10.024654;0
-0.078545;0.067615;0.754634;10.024654;0
-0.073407;0.066125;0.746813;10.024654;0
-0.068941;0.070159;0.746813;10.024654;0
-0.064602;0.064347;0.746813;10.024654;0
-0.219484;0.078245;0.738487;10.024654;0
-0.215561;0.069858;0.738487;10.024654;0
-0.212335;0.071886;0.729730;10.024654;0
-0.209931;0.081788;0.729730;10.024654;0
-0.208027;0.087063;0.729730;10.024654;0
-0.206350;0.090529;0.720634;10.024654;0
-0.205648;0.101226;0.720634;10.024654;0
-0.205216;0.117771;0.720634;10.024654;0
-0.204873;0.136838;0.711300;10.024654;0
-0.204214;0.150356;0.711300;10.024654;0
-0.203458;0.142385;0.701835;10.024654;0
-0.202456;0.133511;0.701835;10.024654;0
-0.201100;0.131134;0.701835;10.024654;0
-0.199321;0.139170;0.692359;10.024654;0
-0.195859;0.152605;0.692359;10.024654;0
-0.192337;0.149451;0.682996;10.024654;0
-0.188281;0.147884;0.682996;10.024654;0
-0.183514;0.150973;0.673883;10.024654;0
-0.176227;0.162239;0.673883;10.024654;0
-0.169812;0.165681;0.665158;10.024654;0
-0.163033;0.152741;0.665158;10.024654;0
-0.156125;0.140982;0.665158;10.024654;0
-0.146168;0.135427;0.656970;10.024654;0
-0.137957;0.140335;0.656970;10.024654;0
-0.129800;0.147090;0.649469;10.024654;0
-0.121331;0.140308;0.649469;10.024654;0
-0.112996;0.133815;0.642807;10.024654;0
-0.102101;0.136236;0.637133;10.024654;0
-0.093694;0.146945;0.637133;10.024654;0
-0.085692;0.145466;0.632590;10.024654;0
-0.077791;0.137545;0.632590;10.024654;0
-0.070323;0.132165;0.629307;10.024654;0
-0.061053;0.138005;0.629307;10.024654;0
-0.054020;0.144419;0.627399;10.024654;0
-0.047537;0.136237;0.626958;10.024654;0
-0.041304;0.126349;0.626958;10.024654;0
-0.035534;0.124068;0.628045;10.024654;0
-0.029538;0.130773;0.630691;10.024654;0
-0.023342;0.139234;0.630691;10.024654;0
-0.018415;0.136808;0.634891;10.024654;0
-0.013761;0.129685;0.640598;10.024654;0
-0.009388;0.124517;0.640598;10.024654;0
-0.003899;0.127591;0.647728;10.024654;0
0.000165;0.122600;0.656157;10.024654;0
0.003940;0.112759;0.656157;10.024654;0
0.007609;0.107043;0.665720;10.024654;0
0.011068;0.102594;0.665720;10.024654;0
0.015515;0.081524;0.676221;10.024654;0
0.018830;0.062873;0.687426;10.024654;0
0.021676;0.056085;0.687426;10.024654;0
-0.875591;0.015454;0.699076;10.024654;0
-0.888957;0.003457;0.699076;10.024654;0
-0.908092;-0.022468;0.710886;10.024654;0
-0.925032;-0.039176;0.710886;10.024654;0
-0.943329;-0.039701;0.722568;10.024654;0
-0.962306;-0.023017;0.722568;10.024654;0
-0.981587;0.004505;0.733852;10.024654;0
-1.000000;0.035726;0.733852;10.024654;0
-1.000000;0.057530;0.733852;10.024654;0
-1.000000;0.081437;0.744488;10.024654;0
-1.000000;0.106888;0.744488;10.024654;0
-1.000000;0.127824;0.754251;10.024654;0
-1.000000;0.133401;0.754251;10.024654;0
-1.000000;0.132123;0.754251;10.024654;0
-1.000000;0.134066;0.762938;10.024654;0
-1.000000;0.137514;0.762938;10.024654;0
-1.000000;0.134753;0.762938;10.024654;0
-1.000000;0.129420;0.770373;10.024654;0
-1.000000;0.129853;0.770373;10.024654;0
-1.000000;0.137612;0.770373;10.024654;0
-1.000000;0.146927;0.770373;10.024654;0
-1.000000;0.148262;0.770373;10.024654;0
-1.000000;0.148127;0.776406;10.024654;0
-1.000000;0.150819;0.776406;10.024654;0
-0.979203;0.157145;0.776406;10.024654;0
-0.949826;0.164527;0.780913;10.024654;0
-0.918526;0.163179;0.780913;10.024654;0
-0.884698;0.160818;0.780913;10.024654;0
-0.837660;0.164229;0.780913;10.024654;0
-0.800198;0.174187;0.783795;10.024654;0
-0.761361;0.178429;0.783795;10.024654;0
-0.721607;0.174105;0.783795;10.024654;0
-0.682093;0.171141;0.784978;10.024654;0
-0.633126;0.173036;0.784978;10.024654;0
-0.589124;0.174526;0.784978;10.024654;0
-0.549035;0.167630;0.784413;10.024654;0
-0.510331;0.163445;0.784413;10.024654;0
-0.471790;0.162793;0.784413;10.024654;0
-0.433568;0.164794;0.782077;10.024654;0
-0.386658;0.153134;0.782077;10.024654;0
-0.353426;0.143703;0.782077;10.024654;0
-0.320503;0.139638;0.777971;10.024654;0
-0.290193;0.141667;0.777971;10.024654;0
-0.251733;0.137596;0.777971;10.024654;0
-0.224510;0.129402;0.772121;10.024654;0
-0.198437;0.124810;0.772121;10.024654;0
-0.174346;0.125464;0.772121;10.024654;0
-0.151674;0.126334;0.772121;10.024654;0
-0.124177;0.088641;0.764576;10.024654;0
-0.105550;0.053036;0.755412;10.024654;0
-0.087965;0.031066;0.755412;10.024654;0
