0.116223;-0.428976;0.257664;9.742878
0.070900;-0.000663;0.279188;9.756762
0.108152;-0.387833;0.259414;9.729043
0.081253;-0.053112;0.265611;9.735562
0.067590;0.105235;0.267181;9.743362
0.055339;0.267611;0.267812;9.753596
0.043526;0.397752;0.269364;9.765231
0.079836;0.037930;0.238391;9.745623
0.072546;0.109401;0.232403;9.754080
0.066241;0.188423;0.225780;9.761611
0.059642;0.258261;0.219855;9.770170
0.052952;0.323933;0.215272;9.778827
0.093352;-0.257901;0.181844;9.745231
0.071085;0.089829;0.181381;9.759754
0.069623;0.099805;0.171616;9.759679
0.070138;0.108399;0.161159;9.762885
0.069684;0.129499;0.152131;9.766263
0.100263;-0.385171;0.121806;9.734301
0.086552;-0.067512;0.116575;9.746498
0.084579;0.008677;0.107433;9.748338
0.082054;0.097930;0.099501;9.755462
0.079060;0.194235;0.094117;9.764181
0.097909;-0.228037;0.070955;9.736410
0.087755;0.058129;0.068445;9.747423
0.081531;0.272587;0.066263;9.758640
0.082774;0.260566;0.060642;9.767694
0.100654;-0.370105;0.043126;9.752244
0.094493;-0.095860;0.040596;9.759308
0.092057;0.055898;0.037460;9.767761
0.090280;0.176525;0.033672;9.776557
0.091536;0.185171;0.029084;9.784360
0.099017;-0.409563;0.017460;9.768483
0.096815;-0.138933;0.013642;9.774425
0.096099;0.019776;0.009102;9.782404
0.097172;0.205248;0.004364;9.791707
0.097556;0.220506;-0.001297;9.799839
0.095218;-0.355803;-0.009755;9.787524
0.092568;-0.076310;-0.015619;9.793498
0.080719;0.006439;-0.021199;9.798886
0.062438;0.200355;-0.025459;9.808643
0.041586;0.246787;-0.027357;9.815635
0.019754;-0.203702;-0.027043;9.794887
-0.002778;-0.042067;-0.022592;9.801506
-0.026668;0.043349;-0.013736;9.805592
-0.054107;0.134896;0.001080;9.811478
-0.080466;0.211712;0.022845;9.818388
-0.068271;-0.284740;0.044363;9.799571
-0.121863;-0.086304;0.081559;9.802291
-0.113977;-0.002240;0.121634;9.810257
-0.089995;0.018346;0.164326;9.815759
0.011309;-0.363693;0.194502;9.804284
0.002683;-0.070344;0.246909;9.812926
-0.008695;0.128160;0.301738;9.820609
-0.018417;0.239374;0.353661;9.830690
0.089287;-0.290821;0.368969;9.824173
0.059119;-0.105889;0.415039;9.825333
0.019514;0.060983;0.464627;9.835435
-0.011148;0.174373;0.510748;9.843236
-0.017176;0.165727;0.545625;9.850527
0.088794;-0.311303;0.533518;9.828778
0.040417;-0.078090;0.570153;9.831281
0.008411;0.054517;0.601731;9.840180
-0.020154;0.188642;0.632050;9.849839
0.094565;-0.267111;0.597820;9.835327
0.112607;-0.344080;0.602568;9.829233
0.070318;-0.119035;0.621164;9.836241
0.041293;0.007808;0.633923;9.843382
0.027366;0.094252;0.638777;9.848628
0.011545;0.174362;0.645507;9.856519
0.009203;0.176432;0.645764;9.860719
0.080422;-0.062624;0.590392;9.838275
0.044974;0.077291;0.597048;9.844794
0.012401;0.218669;0.603307;9.853167
0.010038;0.217222;0.597232;9.857656
0.132786;-0.347370;0.521080;9.823539
0.084259;-0.094262;0.526111;9.830747
0.063828;-0.003249;0.519731;9.836347
0.023914;0.204536;0.526962;9.846555
0.111992;-0.239937;0.463163;9.817275
0.069806;0.008552;0.464812;9.824315
0.061702;0.042783;0.453189;9.827786
0.052072;0.109014;0.443288;9.832995
0.028904;0.239182;0.444967;9.844663
0.035398;0.187877;0.432398;9.844847
0.122634;-0.342416;0.368396;9.802043
0.083602;-0.077672;0.369204;9.817517
0.068196;0.021108;0.362593;9.819686
0.054174;0.122534;0.356992;9.824118
0.121199;-0.452264;0.297309;9.789363
0.092766;-0.080649;0.298132;9.797208
0.065690;0.117611;0.298726;9.807556
0.060087;0.174755;0.290665;9.809469
0.051496;0.259095;0.288480;9.817046
0.115127;-0.282979;0.243875;9.787894
0.102391;-0.153218;0.238800;9.789521
0.088806;-0.029391;0.236608;9.798643
0.084461;0.015584;0.228746;9.798844
0.074299;0.121360;0.225874;9.805191
0.119802;-0.357942;0.190142;9.779291
0.095361;-0.067840;0.192668;9.785819
0.084644;0.041749;0.190056;9.791717
0.073670;0.185025;0.189364;9.798192
0.071706;0.205708;0.185303;9.802378
0.114433;-0.359826;0.153835;9.775386
0.102783;-0.196132;0.152825;9.768210
0.089131;0.006660;0.151716;9.776970
0.083386;0.083491;0.147048;9.781596
0.078342;0.177940;0.143840;9.789171
0.076698;0.212084;0.140204;9.794657
0.104914;-0.297907;0.115332;9.768514
0.092792;-0.040785;0.113627;9.775879
0.088440;0.056581;0.109049;9.779742
0.084532;0.149708;0.104452;9.785940
0.084171;0.173292;0.098552;9.790175
0.100751;-0.276610;0.078365;9.765002
0.092942;-0.022338;0.074425;9.770312
0.090315;0.076933;0.068412;9.775381
0.089569;0.143389;0.061592;9.780733
0.088278;0.229646;0.055581;9.787250
0.096896;-0.259686;0.039060;9.767851
0.094616;-0.024526;0.033044;9.771937
0.093760;0.070301;0.025680;9.776078
0.093709;0.189712;0.018457;9.781528
0.094753;-0.246471;0.004469;9.763462
0.094938;0.055002;-0.003268;9.768587
0.096389;0.137715;-0.011747;9.771597
0.095978;0.216525;-0.020177;9.778442
0.084918;-0.268810;-0.029873;9.766344
0.079052;-0.117485;-0.037813;9.766640
0.072364;-0.017730;-0.044619;9.771011
0.066745;0.122368;-0.050425;9.776639
0.062705;0.258576;-0.055089;9.784539
0.058343;0.255691;-0.057772;9.791280
0.050162;-0.180016;-0.057050;9.772148
0.048517;-0.008883;-0.057035;9.780645
0.046877;0.072398;-0.055161;9.785885
0.045334;0.056907;-0.051332;9.789256
0.045010;-0.507656;-0.043557;9.769978
0.053195;-0.095716;-0.038285;9.778375
0.061270;0.116160;-0.032460;9.781590
0.067044;0.310938;-0.026623;9.789386
0.071637;-0.223466;-0.018291;9.778780
0.071783;-0.009203;-0.012972;9.780097
0.070462;0.144459;-0.007996;9.788786
0.067932;0.289194;-0.003182;9.798570
0.065463;0.331470;0.001261;9.807625
0.065169;-0.272749;0.006502;9.781421
0.062575;-0.034609;0.009103;9.786528
0.060860;0.121481;0.011317;9.796912
0.059596;0.300182;0.013058;9.806821
0.059668;0.301326;0.014490;9.812069
0.063923;-0.290248;0.015373;9.770780
0.063565;-0.008183;0.015215;9.788054
0.063632;0.136858;0.014883;9.797570
0.064331;0.196252;0.014357;9.801985
0.069012;-0.381280;0.013140;9.762126
0.068625;-0.132307;0.011667;9.772172
0.068515;0.030815;0.010324;9.784843
0.072590;-0.494573;0.007788;9.744548
0.070299;-0.061745;0.005841;9.769113
0.069409;0.213015;0.004086;9.775618
0.069816;0.240507;0.001264;9.770505
0.068901;0.484388;0.000058;9.783282
0.067827;0.587866;-0.000717;9.802748
0.070245;-0.020816;-0.001513;9.788964
0.068656;0.171068;-0.002033;9.794809
0.068100;0.185019;-0.002101;9.808679
0.067054;0.328317;-0.001772;9.826680
0.067278;0.271706;-0.001156;9.829995
0.067070;0.276245;-0.000235;9.838487
0.071724;-0.354390;-0.000117;9.766314
0.071300;-0.159432;0.000309;9.789686
0.071090;0.102503;0.000987;9.804693
0.071102;0.250837;0.001884;9.811557
0.077699;-0.455451;0.002224;9.744381
0.076987;-0.160348;0.002633;9.761536
0.076457;-0.003214;0.003274;9.778556
0.076125;0.187630;0.004136;9.789708
0.082483;-0.521071;0.004112;9.734662
0.080045;-0.120674;0.004522;9.757630
0.078929;0.073982;0.005223;9.773467
0.077637;0.183021;0.005997;9.780175
0.076201;0.305672;0.007280;9.793330
0.082110;-0.354204;0.007619;9.754972
0.077674;0.031792;0.008882;9.773651
0.076768;0.073219;0.010013;9.780676
0.073836;0.215554;0.011675;9.792849
0.071040;0.300631;0.013840;9.805327
0.079314;-0.405735;0.013159;9.736088
0.074623;-0.094583;0.014516;9.758161
0.069041;0.170807;0.016954;9.776881
0.066612;0.235614;0.019442;9.783542
0.079280;-0.501147;0.018177;9.727922
0.072643;-0.194532;0.020324;9.742350
0.065612;0.073834;0.024112;9.762826
0.057098;0.308560;0.029218;9.777590
0.051802;0.324858;0.034431;9.789265
0.055047;-0.526561;0.033938;9.756582
0.056862;-0.073601;0.042129;9.770383
0.049958;0.103855;0.050266;9.782828
0.048162;0.187788;0.058240;9.789517
0.079634;-0.502406;0.057159;9.757195
0.072640;-0.257316;0.064931;9.768358
0.062210;-0.049978;0.074246;9.780640
0.043219;0.185432;0.085959;9.789523
0.026037;0.213689;0.096969;9.798057
0.182045;-0.439020;0.091565;9.772106
0.270382;-0.277387;0.088809;9.762503
0.330980;0.080914;0.077094;9.774346
0.355579;0.244353;0.054746;9.783027
0.300815;-0.343707;0.026321;9.772425
0.285118;-0.018049;-0.010264;9.778760
0.257166;0.157588;-0.051700;9.788824
0.229704;0.279725;-0.097529;9.798284
0.209261;0.334953;-0.144935;9.809609
0.099214;-0.439125;-0.169132;9.779516
0.124833;-0.107040;-0.220999;9.786348
0.132204;-0.038380;-0.265146;9.792174
0.164019;0.181666;-0.316237;9.803629
0.169589;0.173622;-0.357181;9.807878
0.069182;-0.457007;-0.359823;9.771300
0.109716;-0.144679;-0.403313;9.779905
0.160085;0.136267;-0.449511;9.797101
0.188247;0.283116;-0.488760;9.808221
0.064949;-0.373079;-0.467304;9.786854
0.102407;-0.097100;-0.497907;9.794657
0.135137;0.075428;-0.525213;9.809427
0.166051;0.240466;-0.551361;9.822440
0.187589;0.332841;-0.574247;9.837181
0.054832;-0.344525;-0.526586;9.803975
0.083771;-0.127212;-0.541337;9.810487
0.105224;-0.016871;-0.549914;9.822037
0.128178;0.126339;-0.557960;9.831586
0.159294;0.286825;-0.570982;9.845242
0.031247;-0.369790;-0.504134;9.802760
0.064096;-0.112174;-0.509241;9.810713
0.082207;-0.012285;-0.505776;9.821331
0.121793;0.216368;-0.513804;9.836157
0.141698;0.310659;-0.515284;9.846650
0.146800;0.310666;-0.511011;9.854359
0.016099;-0.453868;-0.431188;9.782581
0.048060;-0.173647;-0.432777;9.793431
0.066983;-0.051521;-0.426358;9.809255
0.099603;0.169136;-0.428082;9.824402
0.115114;0.253487;-0.424700;9.832307
0.027444;-0.276667;-0.355357;9.780345
0.053436;-0.076677;-0.350808;9.799245
0.083074;0.147173;-0.351639;9.812906
0.117573;0.388446;-0.361250;9.831070
0.115273;0.329166;-0.352876;9.835228
0.011326;-0.532798;-0.283618;9.768333
0.048694;-0.160796;-0.291920;9.791516
0.072841;0.029117;-0.295223;9.806197
0.077659;0.086600;-0.288296;9.806419
0.086123;0.160816;-0.285001;9.815036
0.011410;-0.552781;-0.230541;9.764722
0.040305;-0.219381;-0.234154;9.780728
0.064103;0.007530;-0.237709;9.796225
0.078387;0.152939;-0.237262;9.802075
0.023858;-0.443110;-0.196279;9.771133
0.040046;-0.256313;-0.199107;9.765611
0.064030;0.062854;-0.209609;9.783546
0.059579;0.128863;-0.209213;9.792184
0.051234;0.212179;-0.209965;9.803427
0.032836;0.190724;-0.205657;9.809670
-0.030099;-0.457608;-0.168378;9.771734
-0.045187;-0.225277;-0.162257;9.779835
-0.065376;-0.096765;-0.151189;9.782519
-0.093309;-0.002164;-0.134713;9.785503
-0.135828;0.007865;-0.111332;9.785420
0.053826;-0.372586;-0.073919;9.759768
0.197316;-0.006188;-0.065538;9.768270
0.292681;0.208938;-0.065559;9.780420
0.340320;0.361421;-0.074365;9.795016
0.347159;0.458434;-0.092234;9.811790
0.256403;-0.013548;-0.092869;9.795465
0.219178;0.078742;-0.118969;9.804497
0.190398;0.232174;-0.151740;9.814970
0.176534;0.412847;-0.192665;9.827715
0.065690;-0.269140;-0.196568;9.800408
0.075536;-0.051197;-0.234685;9.800682
0.084740;0.039078;-0.269381;9.809601
0.111883;0.218231;-0.308933;9.819902
0.131705;0.283428;-0.343922;9.827937
0.043697;-0.435564;-0.330848;9.782254
0.081021;-0.156631;-0.362403;9.791014
0.113254;0.027771;-0.391151;9.804768
0.145373;0.234350;-0.420208;9.815485
0.174961;0.393878;-0.448581;9.831501
0.095017;-0.053083;-0.419744;9.789595
0.106633;0.021965;-0.430307;9.801331
0.129781;0.193027;-0.444798;9.815115
0.144998;0.283302;-0.455344;9.827062
0.032587;-0.474205;-0.399332;9.769997
0.059276;-0.184619;-0.405061;9.779715
0.085077;0.012241;-0.409199;9.797305
0.113696;0.233018;-0.414811;9.810413
0.038498;-0.298469;-0.362335;9.775502
0.068316;-0.007658;-0.362773;9.790710
0.085496;0.122045;-0.358324;9.801570
0.099472;0.232145;-0.353766;9.813090
0.030230;-0.327814;-0.300660;9.777952
0.069974;0.063986;-0.306390;9.796109
0.082932;0.172951;-0.302074;9.804087
0.097544;0.295885;-0.300836;9.817272
0.097703;0.271696;-0.293156;9.824613
0.035054;-0.276726;-0.243642;9.767126
0.062423;0.029167;-0.247643;9.786230
0.076507;0.171131;-0.247262;9.794476
0.085317;0.254876;-0.245096;9.804555
0.094015;0.308928;-0.244046;9.818121
0.038161;-0.371734;-0.202302;9.769621
0.053366;-0.150543;-0.201275;9.781130
0.064888;-0.019839;-0.199641;9.789403
0.081200;0.177135;-0.202270;9.802338
0.091720;0.294555;-0.203961;9.814213
0.046093;-0.316121;-0.170010;9.758349
0.058066;-0.085473;-0.170934;9.773131
0.066251;0.081193;-0.172790;9.786631
0.073482;0.231147;-0.175279;9.798967
0.076936;0.306214;-0.176323;9.811167
0.041105;-0.198279;-0.146764;9.773499
0.044797;-0.130639;-0.143459;9.781725
0.051303;-0.040441;-0.140065;9.787773
0.065110;0.107704;-0.141521;9.796564
0.024636;-0.714327;-0.095503;9.760967
0.126570;-0.146668;-0.105134;9.771897
0.193885;0.301122;-0.121243;9.774091
0.232668;0.560044;-0.141039;9.792293
0.249118;0.695847;-0.166448;9.817854
0.166879;-0.025410;-0.165393;9.819759
0.171573;0.166866;-0.198008;9.817707
0.166949;0.214231;-0.227978;9.829166
0.171092;0.315620;-0.261719;9.840245
0.163461;0.261391;-0.288980;9.842662
0.058449;-0.515621;-0.274291;9.777817
0.088766;-0.221781;-0.306574;9.794399
0.109041;-0.076902;-0.333071;9.801680
0.133415;0.094486;-0.359945;9.808046
0.147591;0.162415;-0.382112;9.813235
0.152370;0.152860;-0.399813;9.816320
0.060038;-0.385763;-0.369476;9.758533
0.099078;-0.089700;-0.393007;9.779182
0.122471;0.077168;-0.410584;9.789850
0.142752;0.210206;-0.427485;9.802380
0.157364;0.277833;-0.442394;9.815574
0.052646;-0.360973;-0.398750;9.778433
0.096701;-0.019479;-0.418408;9.796868
0.123712;0.154232;-0.431902;9.808084
0.138055;0.240233;-0.440864;9.817860
0.158830;0.352777;-0.454568;9.833059
0.079702;-0.172478;-0.416442;9.801654
0.116203;0.088751;-0.431886;9.816165
0.131113;0.167216;-0.437873;9.825655
0.137668;0.190911;-0.439131;9.833332
0.128896;0.108455;-0.431801;9.831389
0.021985;-0.568501;-0.367105;9.769145
0.060079;-0.226688;-0.371554;9.794107
0.087517;-0.023360;-0.372030;9.800495
0.120862;0.224930;-0.380038;9.813159
0.037996;-0.358531;-0.326554;9.778696
0.059870;-0.141835;-0.326954;9.784488
0.079190;-0.008146;-0.328391;9.797714
0.104634;0.185593;-0.334558;9.810750
0.122892;0.295112;-0.340365;9.822220
0.128450;0.289599;-0.342213;9.830979
0.050157;-0.299765;-0.293852;9.785088
0.074449;-0.114958;-0.299756;9.799754
0.090924;0.010583;-0.302507;9.807387
0.115825;0.182449;-0.312022;9.819081
0.145126;0.355564;-0.327012;9.834436
0.071236;-0.246883;-0.288146;9.781946
0.098289;-0.043409;-0.298322;9.795052
0.116827;0.030690;-0.305682;9.807700
0.142241;0.130231;-0.317364;9.821371
0.165305;0.212891;-0.332494;9.835437
0.060299;-0.479521;-0.293798;9.794367
0.077629;-0.145573;-0.315061;9.808869
0.073522;0.021912;-0.330912;9.818292
0.052105;0.088238;-0.336697;9.820458
0.032993;0.143934;-0.342068;9.825437
0.013927;0.162253;-0.344308;9.828164
-0.075054;-0.547254;-0.293246;9.778980
-0.072496;-0.363579;-0.287341;9.782941
0.027082;-0.178959;-0.278965;9.796309
0.111837;0.019532;-0.276012;9.805074
0.101410;-0.470944;-0.234917;9.796289
0.149307;-0.168264;-0.239212;9.804240
0.169594;0.000936;-0.245124;9.813906
0.186338;0.239739;-0.260377;9.825775
0.196275;0.437793;-0.282790;9.839811
0.087848;-0.212198;-0.256429;9.836177
0.066261;-0.230586;-0.268329;9.817187
0.067394;-0.108701;-0.287094;9.815143
0.084100;0.041803;-0.311247;9.826673
0.104027;0.185564;-0.336420;9.835189
0.111399;0.201063;-0.355174;9.841749
0.009040;-0.496801;-0.321356;9.813896
0.058540;-0.153563;-0.351080;9.822109
0.077892;-0.052326;-0.368800;9.825103
0.110875;0.150163;-0.393918;9.833751
0.128471;0.234920;-0.414742;9.841602
0.024782;-0.390493;-0.378678;9.820604
0.053800;-0.156587;-0.397773;9.823462
0.079823;0.002575;-0.415857;9.830534
0.092568;0.101237;-0.428402;9.835013
0.122934;0.273849;-0.451425;9.844708
0.034054;-0.234506;-0.415130;9.826105
0.059430;-0.036081;-0.428669;9.829081
0.073503;0.047661;-0.436974;9.834392
0.086004;0.123502;-0.444626;9.840678
0.105358;0.224764;-0.456793;9.848773
0.026633;-0.237487;-0.417200;9.826540
0.061504;0.011366;-0.430918;9.829973
0.071175;0.068938;-0.433361;9.831641
0.090778;0.185959;-0.441431;9.839043
0.111241;0.287497;-0.452636;9.847483
0.019238;-0.285293;-0.400741;9.810213
0.059344;0.012176;-0.414368;9.819353
0.067862;0.064888;-0.413355;9.820133
0.081552;0.156276;-0.415294;9.826718
-0.005429;-0.419505;-0.358836;9.794609
0.019881;-0.183765;-0.360059;9.799434
0.051173;0.033990;-0.365901;9.807366
0.073492;0.208287;-0.368865;9.812249
0.076249;0.222669;-0.363329;9.816181
0.012328;-0.272913;-0.318188;9.789530
0.029739;-0.079283;-0.317353;9.788024
0.038637;-0.004251;-0.311706;9.794768
0.058723;0.175277;-0.313087;9.802869
0.071845;0.278978;-0.312774;9.809730
0.012982;-0.283822;-0.267624;9.782394
0.026485;-0.110514;-0.264340;9.781718
0.038768;0.003955;-0.260564;9.788635
0.048883;0.122046;-0.256362;9.792849
0.056220;0.201091;-0.251339;9.798272
0.056740;0.191771;-0.243262;9.799951
0.023435;-0.125251;-0.205847;9.770747
0.031458;-0.023781;-0.198884;9.773857
0.041977;0.141081;-0.193725;9.778949
0.050178;0.268841;-0.189016;9.784993
0.048407;0.238512;-0.178929;9.787043
0.022203;-0.175262;-0.146922;9.759440
0.031659;0.028639;-0.142409;9.765436
0.037436;0.176963;-0.136172;9.769344
0.038319;0.204819;-0.127033;9.770809
0.016959;-0.385012;-0.096896;9.745580
0.023905;-0.124858;-0.090706;9.746970
0.028292;0.008294;-0.082610;9.750882
0.032108;0.153067;-0.074185;9.756090
0.035396;0.335157;-0.067373;9.765857
0.027869;-0.325458;-0.043192;9.746107
0.030525;-0.133398;-0.035037;9.747745
0.031284;-0.090663;-0.025115;9.753405
0.031324;0.079201;-0.016448;9.762666
0.030563;0.201427;-0.007332;9.772192
0.028392;0.214168;0.002557;9.781301
0.035468;-0.413028;0.017231;9.763950
0.166434;-0.174923;0.019920;9.767081
0.252688;-0.063755;0.011109;9.771755
0.306187;0.096202;-0.009274;9.778476
0.315593;0.147625;-0.037558;9.787286
0.223146;-0.394022;-0.058937;9.782293
0.206780;-0.129084;-0.102669;9.787319
0.187677;0.078603;-0.152451;9.795536
0.163882;0.201554;-0.203171;9.803323
0.143755;0.260440;-0.254155;9.813907
0.036998;-0.290685;-0.276676;9.804888
0.054763;-0.086146;-0.327048;9.807311
0.075843;0.046589;-0.375281;9.815175
0.099798;0.176778;-0.419719;9.822639
0.116008;0.229082;-0.458438;9.830819
0.038459;-0.258807;-0.457295;9.815302
0.065594;-0.077593;-0.487347;9.816161
0.079424;-0.011116;-0.507763;9.821896
0.093067;0.076755;-0.524169;9.827814
0.111899;0.180760;-0.540491;9.835536
0.029411;-0.263950;-0.504988;9.810295
0.062139;0.004067;-0.515932;9.816815
0.080014;0.120104;-0.518170;9.824423
0.084292;0.159844;-0.511015;9.830498
0.090344;0.199346;-0.502807;9.836798
-0.002118;-0.370138;-0.433793;9.799795
0.028734;-0.066503;-0.426525;9.810969
0.056401;0.160079;-0.418100;9.819272
0.063979;0.233046;-0.399950;9.823185
0.068991;0.298468;-0.383006;9.830682
0.006211;-0.178787;-0.315371;9.786552
0.022663;0.039784;-0.300444;9.798884
0.028104;0.135063;-0.280797;9.806546
0.028896;0.184886;-0.258128;9.812794
-0.008760;-0.297858;-0.200406;9.783744
-0.043115;-0.678657;-0.146673;9.760442
-0.020028;-0.302597;-0.128750;9.779131
-0.000911;0.073468;-0.113222;9.781944
0.007548;0.426802;-0.099449;9.790679
-0.005397;-0.027571;-0.058640;9.794045
-0.008110;0.242577;-0.043815;9.792032
-0.017002;0.357018;-0.027349;9.805641
-0.029931;0.429651;-0.007829;9.818958
-0.044148;0.393845;0.014454;9.829245
-0.029333;-0.374906;0.045610;9.784943
-0.045627;-0.200700;0.068770;9.789297
-0.042459;-0.135742;0.093550;9.795129
-0.028956;-0.006566;0.119187;9.798037
-0.007716;0.122885;0.144667;9.803855
0.072722;-0.413132;0.159421;9.770696
0.090682;-0.130301;0.179437;9.779405
0.106742;0.036546;0.194989;9.785804
0.121458;0.134843;0.204587;9.789985
0.133208;0.168164;0.209014;9.795370
0.141813;0.193705;0.208235;9.799459
0.167011;-0.498018;0.187073;9.765363
0.170172;-0.311591;0.173177;9.768637
0.251051;-0.154856;0.149313;9.776542
0.295890;0.021670;0.112804;9.782599
0.324401;0.273399;0.064600;9.792386
0.252032;-0.255087;0.009203;9.785038
0.253974;0.061605;-0.056010;9.789517
0.238452;0.203014;-0.125300;9.800400
0.212771;0.238652;-0.194201;9.810497
0.192015;0.238956;-0.263545;9.819943
0.174874;0.197825;-0.330783;9.828088
0.077432;-0.295415;-0.374030;9.802205
0.115680;-0.032645;-0.442600;9.815649
0.126736;0.031207;-0.497633;9.821112
0.139743;0.092856;-0.547307;9.828791
0.151597;0.132490;-0.591353;9.837265
0.054361;-0.305389;-0.589437;9.806909
0.091358;-0.073907;-0.624291;9.819641
0.120755;0.064924;-0.652139;9.830900
0.139494;0.148152;-0.671787;9.840050
0.179426;0.305627;-0.699042;9.857663
0.074486;-0.175901;-0.655744;9.824170
0.098147;-0.017475;-0.661002;9.833790
0.109839;0.039859;-0.657097;9.843741
0.126860;0.122311;-0.653091;9.853308
0.158796;0.270527;-0.656014;9.870493
0.047303;-0.256337;-0.578690;9.811583
0.083155;0.000514;-0.573745;9.832021
0.102956;0.108411;-0.561332;9.843881
0.124953;0.225318;-0.550527;9.857903
0.138261;0.282034;-0.536658;9.870103
0.042213;-0.174275;-0.446378;9.810154
0.062604;-0.051214;-0.428466;9.825722
0.077503;0.058287;-0.408674;9.831479
0.078893;0.069296;-0.383150;9.832884
0.102608;0.234862;-0.375738;9.849199
0.013485;-0.434458;-0.299980;9.787341
0.044624;-0.132467;-0.295476;9.803637
0.068594;0.058912;-0.291691;9.820857
0.085365;0.215477;-0.286610;9.829891
0.090848;0.253587;-0.279204;9.834752
0.020508;-0.417356;-0.223687;9.772910
0.047456;-0.110582;-0.227028;9.790052
0.058044;-0.012044;-0.223226;9.799759
0.069017;0.107888;-0.221150;9.804801
0.080817;0.228678;-0.221942;9.815905
0.037235;-0.231927;-0.183387;9.764173
0.060184;0.055785;-0.190041;9.785278
0.072641;0.212856;-0.193131;9.792789
0.078322;0.272347;-0.193701;9.799830
0.027834;-0.442093;-0.157561;9.744034
0.048255;-0.091110;-0.164632;9.758510
0.061054;0.099538;-0.168611;9.772728
0.066432;0.197737;-0.168652;9.776621
0.071699;0.280187;-0.169415;9.785058
0.034131;-0.392811;-0.139505;9.734458
0.046769;-0.081232;-0.142076;9.748340
0.050993;0.029804;-0.139618;9.753189
0.053238;0.106546;-0.135184;9.756983
0.032085;-0.396111;-0.111971;9.730892
0.042824;-0.036894;-0.111844;9.737813
0.043819;0.017753;-0.105625;9.741364
0.046825;0.206588;-0.102018;9.751194
0.045087;0.245391;-0.095093;9.757870
0.026814;-0.565665;-0.069080;9.722118
0.021903;-0.342369;-0.061752;9.724066
0.050311;-0.103702;-0.054295;9.738765
0.069917;0.076298;-0.047120;9.745572
0.077926;-0.400157;-0.030638;9.745386
0.089167;0.036713;-0.028337;9.751345
0.092377;0.302998;-0.026629;9.758365
0.089904;0.363588;-0.023655;9.770821
0.084270;0.402309;-0.021659;9.782726
0.071959;-0.265064;-0.012846;9.765412
0.068048;-0.062324;-0.013099;9.761907
0.065200;0.005977;-0.012693;9.769470
0.063714;0.149824;-0.012855;9.777861
0.063856;0.309466;-0.013347;9.787347
0.064294;-0.243907;-0.009167;9.765602
0.066007;0.038205;-0.010372;9.772787
0.068049;0.128115;-0.010533;9.779343
0.069636;0.250646;-0.010529;9.790227
0.070731;0.288640;-0.009963;9.798913
0.073210;-0.410482;-0.006681;9.759783
0.074260;-0.128972;-0.006938;9.771707
0.073836;0.008317;-0.006536;9.778305
0.073918;0.192315;-0.005880;9.788498
0.077228;-0.283545;-0.003749;9.768617
0.076186;-0.012049;-0.003357;9.777105
0.076423;0.155799;-0.002404;9.787867
0.075867;0.285059;-0.001108;9.799042
0.075467;0.378250;0.000536;9.810890
0.079629;-0.311669;0.002681;9.782138
0.079680;-0.108654;0.003693;9.785346
0.079191;-0.081762;0.004787;9.791221
0.078673;0.056528;0.005850;9.799510
0.078796;0.187684;0.007030;9.807129
0.084099;-0.412318;0.007742;9.776156
0.083336;-0.095710;0.008059;9.785270
0.082598;0.155892;0.008586;9.798567
0.081887;0.289171;0.008975;9.807002
0.083031;0.319325;0.009370;9.815521
0.083699;0.344272;0.009765;9.824785
0.083517;0.273442;0.009963;9.828649
0.087086;-0.054460;0.008302;9.792990
0.088437;-0.020299;0.007257;9.794970
0.088430;0.163296;0.006130;9.806004
0.092143;-0.532911;0.004162;9.758489
0.092466;-0.156947;0.001830;9.776176
0.091798;0.145209;-0.000367;9.791835
0.093768;0.327973;-0.002789;9.801419
0.096045;0.432466;-0.005272;9.816191
0.098246;-0.277119;-0.007340;9.777626
0.099560;-0.084435;-0.010761;9.783664
0.102546;0.002203;-0.014136;9.796300
0.105156;0.079245;-0.017853;9.801770
0.109440;0.210437;-0.022158;9.813174
0.114542;0.271376;-0.026751;9.821827
0.108550;-0.492369;-0.027962;9.754945
0.114920;-0.200900;-0.034683;9.768618
0.122007;-0.103087;-0.041213;9.778521
0.130723;0.045633;-0.048999;9.785765
0.143501;0.260408;-0.059374;9.799424
0.153288;0.256450;-0.069142;9.803077
0.136501;-0.191606;-0.072883;9.766455
0.138708;-0.047830;-0.085384;9.776902
0.141911;0.162216;-0.100031;9.788002
0.146627;0.345515;-0.116714;9.801981
0.148541;0.433454;-0.133306;9.817082
0.112468;-0.087874;-0.133167;9.780968
0.121081;0.002045;-0.147304;9.792686
0.142876;0.188906;-0.165308;9.806356
0.162877;0.201344;-0.181029;9.814719
-0.021951;-0.559433;-0.167736;9.755823
-0.118138;-0.222335;-0.170519;9.764864
-0.176298;-0.042455;-0.160913;9.769104
-0.200762;0.224031;-0.141905;9.777003
-0.148063;-0.414413;-0.104857;9.755059
-0.118084;-0.146634;-0.070989;9.760624
-0.075577;-0.047356;-0.032306;9.767770
-0.051469;0.198375;0.013366;9.777105
-0.034661;0.337622;0.063314;9.788273
0.048686;-0.265429;0.103063;9.775255
0.037253;-0.079687;0.152079;9.778336
0.022939;0.027501;0.200516;9.785681
-0.003918;0.174738;0.252710;9.793519
-0.023595;0.229426;0.303266;9.800866
0.141226;-0.702076;0.278949;9.777837
0.068280;-0.210523;0.327745;9.784398
0.005888;0.189271;0.375628;9.782423
0.066634;-0.075848;0.388943;9.808059
-0.002935;0.315651;0.439543;9.803067
-0.040812;0.446537;0.483324;9.812774
-0.057875;0.460859;0.519646;9.828583
-0.070961;0.433607;0.555451;9.839461
-0.070891;0.339246;0.585380;9.845718
0.043178;-0.228762;0.566988;9.815602
0.025595;-0.129411;0.586802;9.813203
0.016572;-0.070027;0.602500;9.814718
-0.005944;0.063530;0.623379;9.820137
-0.026651;0.175782;0.644456;9.826076
0.082984;-0.176795;0.589117;9.795731
0.060830;-0.047943;0.596261;9.802248
0.024443;0.146636;0.610479;9.811299
-0.001986;0.260342;0.622096;9.819138
0.131544;-0.323969;0.553552;9.798865
0.080946;-0.069946;0.564377;9.802147
0.068369;-0.016107;0.559054;9.806952
0.048311;0.098515;0.557452;9.813321
0.031637;0.188267;0.557839;9.820832
0.145150;-0.342001;0.486931;9.801961
0.111529;-0.126254;0.483817;9.803887
0.094887;-0.018593;0.474189;9.809240
0.057228;0.211043;0.477776;9.816770
0.054528;0.230996;0.465987;9.820119
0.154294;-0.345112;0.394400;9.799220
0.131542;-0.214815;0.385745;9.786607
0.099294;-0.009616;0.380461;9.794818
0.070296;0.184906;0.378270;9.804499
0.064957;0.225087;0.366741;9.809647
0.143072;-0.335977;0.304291;9.790139
0.116146;-0.092400;0.298383;9.794012
0.096917;0.061295;0.291809;9.801219
0.081620;0.205578;0.284979;9.808240
0.070765;0.305612;0.279673;9.817394
0.127965;-0.249596;0.228458;9.790702
0.105989;-0.003419;0.223350;9.798683
0.101476;0.043901;0.211166;9.802420
0.102176;0.052561;0.195898;9.806790
0.138340;-0.415273;0.155506;9.790130
0.120363;-0.121972;0.147904;9.797076
0.110152;0.038665;0.138908;9.802649
0.103868;0.183311;0.130578;9.809830
0.102710;0.222114;0.119587;9.816772
0.098628;0.302571;0.111952;9.826330
0.112744;-0.045855;0.082411;9.805983
0.108265;0.001940;0.072401;9.809521
0.102722;0.107469;0.063957;9.815204
0.097875;0.229340;0.056989;9.821681
0.106334;-0.257569;0.036467;9.800314
0.101209;-0.078161;0.028823;9.797288
0.098202;0.001722;0.021243;9.802101
0.096098;0.078916;0.013986;9.805534
0.094344;0.114093;0.007190;9.808984
0.015976;-0.304565;-0.001823;9.792008
-0.051133;-0.028911;0.005493;9.793486
-0.087313;0.097263;0.019727;9.800858
-0.099855;0.219268;0.041056;9.809349
-0.103145;0.416034;0.072353;9.824744
-0.021821;-0.106903;0.088513;9.795605
-0.007331;0.038123;0.121611;9.806599
0.010128;0.113953;0.154732;9.815085
0.011675;0.259256;0.192737;9.829163
0.011453;0.334055;0.229690;9.841384
0.066031;-0.095007;0.242027;9.804347
0.051438;0.037569;0.270685;9.815400
0.039149;0.134278;0.296074;9.823619
0.017707;0.282363;0.323642;9.839136
0.076292;-0.232103;0.315213;9.790853
0.054948;-0.011805;0.330983;9.805529
0.040374;0.120551;0.343006;9.818299
0.033356;0.198606;0.350098;9.827098
0.098508;-0.342728;0.321656;9.785083
0.060738;0.061923;0.332534;9.807908
0.056482;0.105312;0.328433;9.814342
0.054752;0.158073;0.321325;9.819217
0.054441;0.177717;0.312183;9.825279
0.107198;-0.323941;0.271784;9.779103
0.078929;0.043813;0.268678;9.805936
0.077029;0.086818;0.254482;9.806333
0.069552;0.210409;0.244584;9.816286
0.120399;-0.386957;0.200640;9.767272
0.100464;-0.061724;0.192067;9.785798
0.095933;0.035012;0.179255;9.794423
0.093329;0.128836;0.165892;9.799095
0.093054;0.183068;0.153254;9.805163
0.091984;0.265281;0.143398;9.815149
0.127349;-0.340069;0.109171;9.762476
0.119774;-0.093759;0.100352;9.776541
0.120165;-0.003791;0.089222;9.780900
0.118288;0.195198;0.081684;9.793378
0.119467;0.345890;0.074289;9.804523
0.138609;-0.059476;0.047514;9.760356
0.143570;0.013799;0.036688;9.766292
0.149953;0.109099;0.025391;9.771036
0.159243;0.241895;0.014277;9.777426
0.157593;-0.384062;-0.006171;9.736924
0.158148;-0.114426;-0.020082;9.741363
0.160734;0.055669;-0.034742;9.754092
0.164533;0.223669;-0.051165;9.764011
0.175495;0.369550;-0.069178;9.777325
0.151094;-0.364483;-0.082673;9.738770
0.172303;-0.131793;-0.102903;9.743454
0.201791;-0.093197;-0.123634;9.753306
0.252364;0.049415;-0.151406;9.764121
-0.042585;-0.621299;-0.153813;9.723540
-0.232494;-0.385118;-0.154729;9.732423
-0.345874;-0.224933;-0.138450;9.744122
-0.390849;-0.004223;-0.105498;9.758556
-0.361852;0.084332;-0.059906;9.775766
-0.189136;-0.420222;-0.013165;9.794272
-0.142865;-0.096228;0.053036;9.803815
-0.081256;0.014646;0.122460;9.818392
-0.053364;0.188585;0.203412;9.835759
0.102912;-0.305329;0.255123;9.851137
0.097872;-0.196940;0.332048;9.846058
0.041963;0.045666;0.419971;9.857052
-0.004994;0.171473;0.504123;9.869752
-0.025257;0.183517;0.578238;9.883367
-0.053351;0.211270;0.654129;9.895456
0.081796;-0.265784;0.677673;9.887793
0.011050;-0.043805;0.751622;9.893981
-0.007064;0.009944;0.806926;9.898838
-0.023612;0.078513;0.860040;9.908230
-0.031695;0.116700;0.906635;9.916533
0.153553;-0.361640;0.868451;9.896859
0.109620;-0.175342;0.904138;9.900250
0.078126;-0.054120;0.930801;9.907106
0.053231;0.059531;0.949381;9.912103
0.013591;0.192154;0.972998;9.919771
0.167859;-0.244400;0.893846;9.892367
0.098880;-0.010116;0.908325;9.891395
0.057151;0.108939;0.913340;9.899288
0.014013;0.246862;0.918885;9.906796
0.171548;-0.268258;0.810013;9.871599
0.114274;-0.046832;0.804469;9.873420
0.096301;0.016420;0.781024;9.877112
0.063814;0.153486;0.765062;9.882808
0.036678;0.264229;0.748524;9.889513
0.135571;-0.080026;0.632917;9.848232
0.109421;0.025770;0.605310;9.853800
0.092763;0.119201;0.573279;9.856359
0.082534;0.174443;0.540738;9.858169
0.058782;0.295693;0.521932;9.866781
0.167221;-0.344495;0.413124;9.812341
0.136856;-0.136202;0.389726;9.817017
0.119536;-0.037919;0.363319;9.822826
0.108054;0.064356;0.335033;9.823486
0.096299;0.180557;0.312584;9.827773
0.141404;-0.136167;0.234521;9.790317
0.127536;0.019859;0.214563;9.796560
0.123130;0.112479;0.191428;9.797601
0.118595;0.230015;0.173752;9.803780
0.119743;0.303548;0.157788;9.809989
0.164755;-0.394939;0.099597;9.763111
0.157438;-0.184961;0.083702;9.765860
0.156162;-0.072316;0.066220;9.770221
0.156956;0.037613;0.047581;9.771088
0.159654;0.145233;0.029454;9.774056
0.162203;-0.332010;-0.004815;9.753858
0.165729;-0.213086;-0.023832;9.742964
0.175380;0.034547;-0.044050;9.748784
0.182751;0.191891;-0.065891;9.754017
0.174019;0.216688;-0.089477;9.759207
0.158814;0.267346;-0.112203;9.752057
0.097456;-0.371712;-0.131426;9.730631
0.085306;-0.106332;-0.151413;9.737028
0.071469;0.017587;-0.167957;9.745894
0.063176;0.172231;-0.182482;9.756186
0.059490;0.294499;-0.193657;9.768754
0.023772;-0.352257;-0.187105;9.752083
0.026994;-0.134217;-0.189324;9.757846
0.030427;-0.035555;-0.187152;9.766770
-0.050485;0.183247;-0.178228;9.774330
-0.101183;0.336373;-0.157253;9.783010
-0.100726;-0.348020;-0.117653;9.757409
-0.111935;-0.050401;-0.080183;9.761837
-0.098536;0.043782;-0.035557;9.770752
-0.080678;0.150166;0.014497;9.780034
-0.055930;0.175260;0.066681;9.788513
0.029666;-0.358812;0.113059;9.772571
0.020820;-0.082373;0.168254;9.781338
0.026101;-0.044401;0.216287;9.786422
0.014506;0.095596;0.265947;9.796892
