478.643922;455.246204;440.707312;448.791932
457.815908;452.726111;464.428100;450.468733
472.743356;455.505963;444.471488;449.753213
455.486002;454.126909;462.660385;451.229588
453.402082;454.364862;464.626690;451.806066
451.200138;454.576972;466.983439;452.334128
452.162822;454.992436;466.435694;452.618502
459.097705;457.038252;455.040176;453.103962
454.342717;457.228753;459.590860;454.129563
453.442529;457.570835;460.378496;454.594709
452.451784;457.860859;461.379907;455.078243
452.831955;458.163428;461.217700;455.372137
466.885969;460.246613;441.623544;455.352998
450.933113;459.257201;459.211864;456.392373
452.449538;459.465214;457.496023;456.398373
453.198157;459.883079;456.412902;456.619039
452.239480;460.083258;457.241703;456.854549
468.508326;461.664341;435.762737;456.466495
448.787096;460.646289;457.536686;457.548530
449.116935;460.804565;457.215904;457.557956
448.748641;460.921838;457.981873;457.699869
448.657696;460.978430;458.742292;457.783850
461.785941;461.891547;442.192230;457.581619
446.694624;460.994308;458.898187;457.968293
444.389494;460.852732;462.336087;457.941363
449.081377;461.136218;458.418117;457.861911
473.583069;461.984622;431.276659;457.248072
451.548071;461.280499;455.174317;457.827620
448.969123;461.232647;458.460849;457.838353
447.960125;461.221612;460.217925;457.895236
450.747224;461.366864;458.059632;457.905540
473.701462;461.484539;433.144392;457.509044
459.675582;461.359471;447.992116;457.637817
449.011222;461.333174;459.481259;458.038342
446.713096;461.593042;462.250006;458.104964
449.855101;461.769858;459.574639;458.301756
450.773458;462.008879;459.190040;458.484270
453.150726;461.627757;455.710301;458.466241
452.065578;461.526897;457.040687;458.816342
448.426516;461.384705;461.234047;459.241972
450.201435;461.168688;460.258464;459.351161
461.179322;460.243121;448.748173;458.849107
454.398859;459.814791;456.850934;458.663264
453.709086;459.338048;459.216814;457.840762
453.678436;458.405394;461.381022;457.178514
454.717674;457.309844;463.009319;456.241462
471.539881;458.123378;445.690982;453.983878
462.895301;453.690059;459.647924;453.516030
460.892280;453.406526;465.177798;450.943997
462.472422;452.639487;467.141521;448.581543
476.729409;455.565007;451.059327;445.846150
462.752878;450.733396;472.058300;444.778730
462.074741;448.387334;475.942796;444.452735
464.246395;446.678613;477.244751;443.481519
485.475300;451.368100;453.681671;440.093048
471.423753;446.710797;470.975100;442.120427
467.897278;444.220224;477.284926;442.526538
468.008255;443.565109;478.393441;442.622015
470.775045;443.890538;476.588872;442.011242
485.025865;449.906880;455.999279;440.136307
470.249848;445.693336;472.992813;442.759212
467.646194;445.165755;475.830933;443.863357
466.374902;444.691539;478.245752;444.010141
469.036038;445.721008;475.432147;443.847316
483.893310;454.202093;450.597491;442.572172
468.158004;450.372600;467.930580;446.085775
463.600334;449.538270;472.193001;447.875554
462.958452;450.053831;472.171954;448.543556
462.986425;450.585109;471.954572;448.961096
464.216611;451.560754;469.816705;449.352044
460.963880;454.818003;465.215888;452.061586
458.840536;453.974759;468.080187;452.727860
457.609716;453.607305;470.107666;453.030733
460.079215;454.788868;466.923092;453.061384
475.831936;462.873424;440.255031;452.271764
457.381807;458.240496;461.349130;455.624558
455.899921;458.113249;462.574732;456.377112
453.625766;457.079427;466.670789;456.464773
454.735065;457.235410;466.195810;456.220637
459.683850;461.516745;452.847308;456.955152
454.558434;460.226322;459.485836;457.906139
453.752379;460.273172;460.532240;458.092972
452.573673;459.461090;463.670470;457.996078
456.361155;460.312157;459.593481;457.509405
468.145919;464.837257;439.033876;457.229783
453.215025;461.862987;456.871980;459.245812
451.729833;461.312536;459.093999;459.248097
452.341427;460.940415;459.780864;458.744338
451.776238;461.139343;459.964745;459.040524
449.135946;462.296890;457.931997;459.872289
446.059252;461.074988;462.995579;459.984220
448.971501;461.319299;460.598532;459.489705
449.582247;461.101094;461.377155;459.034244
452.864167;461.082748;459.621968;458.239834
458.152058;462.868132;448.642719;458.513829
451.907188;461.955500;456.481676;459.074862
452.212042;461.803899;456.564353;458.863668
450.318522;461.275359;459.571723;458.845883
469.369980;463.930270;436.183693;457.662340
451.726901;461.705141;456.030215;458.760077
449.681031;461.081061;459.180602;458.804077
448.366180;460.728526;461.700505;458.518667
452.179821;460.787025;458.892497;457.923176
472.998847;462.681452;433.391900;457.548922
463.375828;462.202721;443.195095;457.573135
450.413264;460.844077;458.046447;458.084685
450.839136;460.634288;458.515470;457.838683
450.582495;460.563736;459.605508;457.775793
451.573478;460.618963;459.235925;457.626298
464.276253;461.857431;442.791236;457.434847
453.100843;461.131751;455.215762;457.864661
451.406985;460.806564;457.723064;457.725791
450.607667;460.775631;459.079966;457.763679
451.346644;460.869216;458.631861;457.785703
468.176801;461.783126;438.137822;457.410357
451.794119;461.000837;456.129788;457.859037
450.337773;460.971953;457.962527;457.966026
450.672460;461.136054;457.923030;458.010076
449.712805;461.251321;459.239364;458.126818
462.669561;461.563705;444.124107;458.004787
452.476219;461.432940;454.907732;458.117425
450.273677;461.476595;457.318189;458.229629
448.102184;461.592548;459.679455;458.386619
460.873769;461.688295;445.023091;458.407853
447.262052;461.814924;458.944534;458.588160
449.148576;461.795837;457.367640;458.545164
448.874019;461.968061;457.907240;458.739361
450.420990;462.056788;456.494162;459.013111
457.303805;461.484013;448.618658;458.800526
450.740559;461.595849;455.536272;458.952668
448.431849;461.640229;458.230175;459.011443
447.491693;461.730756;459.793812;459.009111
450.980379;461.709663;457.080370;458.953043
463.021077;460.926389;444.728057;458.286514
453.175741;460.893189;455.698595;457.994871
452.700806;460.718481;457.081288;457.750970
454.924216;460.423557;455.843001;457.392499
475.310404;459.533190;434.839281;456.325599
459.401009;459.589536;452.090786;456.035572
448.589920;459.458373;464.065005;455.632246
448.716570;459.334936;464.886614;455.525045
472.593915;458.643478;440.974585;454.856706
457.422266;458.400008;457.012898;454.904482
452.570389;458.334032;462.548069;455.044835
451.438721;458.359017;464.335087;455.241707
453.888101;458.429762;462.602073;455.348560
476.209406;457.768882;438.727960;454.570862
464.247024;457.756871;450.920155;454.653451
453.120672;458.198705;462.814238;455.125271
450.686906;458.465597;465.588973;455.372542
454.316236;458.665271;462.212721;455.496500
468.984648;458.128733;445.263364;454.663070
455.446936;458.525760;459.348045;455.154529
451.642090;458.816631;463.368904;455.469654
453.072017;459.031309;462.011694;455.625797
474.933245;458.435286;437.471949;454.706750
456.065349;458.755606;456.955663;455.221876
452.505412;459.140663;460.902411;455.595738
461.809987;458.520593;449.236878;454.758670
448.981670;459.112751;462.928070;455.582196
444.673472;459.252256;467.261073;455.853055
441.670635;459.340587;469.469952;455.934933
440.997552;459.667953;470.652416;456.233883
447.857978;460.067149;465.140426;456.623090
451.384063;460.468488;462.809893;457.090106
457.972751;459.938476;454.713347;456.480217
456.134794;460.215148;457.324375;456.730474
452.423354;460.527824;462.020764;457.062903
456.564056;460.590315;458.270356;456.967877
456.508290;460.684226;458.922667;457.067755
464.194962;459.177514;447.601303;455.323722
454.924508;459.728150;458.338933;455.964469
449.333173;459.998268;464.382565;456.196251
448.322465;460.081317;465.860298;456.242695
477.400628;458.726837;432.774722;454.399587
454.760768;459.085339;457.116694;455.035311
451.333964;459.394086;461.359867;455.450071
449.312453;459.597943;463.956172;455.651151
475.386340;458.705608;434.851487;454.245850
453.598296;459.028128;458.135132;454.862523
448.304766;459.349314;464.090271;455.235818
450.545620;459.453388;462.325720;455.343137
450.573430;459.666164;463.048270;455.600141
451.226378;459.933421;463.328309;455.829805
455.140435;458.821561;457.837051;455.701208
453.327836;459.390132;459.789639;455.260397
451.990432;459.548529;461.854854;455.481502
451.415699;459.698225;463.201746;455.702284
472.823917;458.733337;437.182531;454.027741
454.180525;458.941269;457.831321;454.724958
447.015485;459.092729;465.947101;455.185901
451.338969;459.225382;462.303156;455.125977
448.704985;459.306132;464.889515;455.246859
453.562716;458.567538;457.913048;454.297695
448.042978;458.695655;464.480761;454.756121
446.254386;458.721340;467.390637;454.893564
451.089481;458.765415;463.725399;454.927222
454.717714;458.748621;461.167412;454.827442
453.534810;458.342906;460.674153;454.249152
450.703551;458.090973;464.797943;454.290181
453.761900;458.185177;462.607731;454.014904
455.989574;458.141555;461.188095;453.704731
462.957110;458.233393;451.832330;453.090058
452.942762;457.650458;463.648148;453.475731
451.056486;457.104786;466.669727;453.643139
455.207694;456.815498;463.722911;453.613047
455.659235;460.150126;463.566351;450.131604
465.267389;462.070166;449.483925;449.047583
449.864263;462.917288;463.747156;450.490505
447.572576;462.458649;463.754674;454.045336
448.650734;463.093454;460.333080;456.801419
455.474830;462.033611;450.643301;459.059979
442.981253;464.330784;458.504781;462.436660
442.838012;466.114140;456.175991;463.953816
442.521432;467.956388;453.705299;465.862450
471.049108;464.382758;422.411456;468.319619
446.944211;468.989016;444.052409;467.766977
442.055225;471.261477;446.751357;468.090663
435.583643;473.775347;450.728074;468.851851
439.873564;473.849181;446.469516;469.233422
436.600491;474.953053;448.190273;469.757164
439.484830;472.736490;445.698126;469.014484
432.177698;475.359491;451.424781;469.135425
434.221450;475.528402;449.808890;469.640953
438.338355;475.311403;446.283386;470.375496
446.919299;470.504142;442.007890;468.490566
437.281260;473.439036;450.700124;468.165745
435.135768;474.442655;452.891683;468.220624
438.439599;474.103342;451.184404;468.474709
443.281355;473.060567;447.959018;468.782644
453.416556;467.113897;442.990395;466.180736
445.915315;469.092497;451.214686;465.040912
442.534499;469.755396;455.361668;464.435390
441.894011;470.261309;456.821029;464.355519
445.781227;469.481502;454.425076;464.516750
453.306024;463.468485;452.348323;461.378966
449.681311;464.544670;457.016849;460.224089
444.020450;466.341804;462.366108;459.935256
445.471617;466.457173;461.484131;460.274785
449.948163;465.672345;458.171338;460.739613
448.819660;465.573851;459.696844;460.616664
459.101278;458.725164;454.035447;457.112891
453.760271;460.358144;460.038751;456.279299
448.739341;462.172466;464.386282;456.424022
451.042442;462.230199;462.317461;456.934929
464.350025;455.725364;453.322613;454.288203
454.023005;458.542927;463.391126;453.735023
449.487526;459.830492;467.442519;453.850896
447.398937;461.699196;467.819362;455.335528
453.571410;461.055004;462.248101;455.960919
457.437783;460.551256;458.690243;456.339070
458.709967;457.154990;459.430008;453.744215
452.756562;459.122518;464.164844;454.050999
454.474751;459.046417;462.321518;454.312900
453.768443;459.601857;462.877295;454.701108
483.842760;452.634821;434.888645;453.587199
457.276003;456.899161;460.790569;452.804865
450.973545;458.715382;466.076275;453.340659
451.065727;459.256450;465.400242;453.946175
452.477823;459.785272;463.652057;454.600090
469.317497;455.339649;448.009094;453.529928
451.598659;458.539141;463.953102;453.880015
453.409839;458.965753;461.665240;454.787695
453.032175;459.354322;461.899916;455.588336
455.676209;459.187249;459.545520;456.085567
473.675271;455.215816;442.733322;454.805320
461.572194;455.910630;455.505043;454.702009
457.173079;456.364469;460.181153;454.234449
457.158771;455.822589;461.295092;453.943431
459.743521;454.508612;460.324343;453.628013
465.329133;458.633644;455.922521;445.962592
454.475138;460.228833;466.058940;445.629226
450.951466;460.815584;468.630427;447.067569
450.139878;460.952535;467.926023;449.867365
450.364005;461.303543;465.758819;453.112534
458.965351;458.440393;455.604222;456.163234
453.063782;459.779218;458.604455;458.548114
447.252755;461.841713;461.313360;460.434238
443.949348;464.296008;461.253302;462.400761
446.146595;466.094057;456.578968;464.107313
450.898886;464.575206;450.796193;463.211863
446.843701;466.885439;452.625049;463.856988
441.927568;469.257188;455.089761;464.709276
442.004042;470.719569;453.340659;465.604542
470.771561;464.586838;425.166170;466.222149
455.149392;466.736631;440.976845;464.722246
441.559580;470.162259;453.189057;464.611200
438.517285;471.290643;455.301783;465.268147
437.895754;472.327817;455.544472;466.033427
452.642561;466.477187;444.302975;464.254901
445.395209;468.249233;451.777821;463.940016
442.732257;468.889574;455.274159;463.692777
443.976377;468.972845;454.841665;463.943539
444.898238;468.558711;455.040833;463.740990
453.893287;462.867403;450.067579;460.766429
446.544745;464.566898;458.102185;459.947584
443.252914;465.530750;461.675893;459.800689
468.671804;458.295659;440.879460;458.639147
451.400658;461.423356;458.606445;457.249232
449.583421;461.980617;461.166433;456.916205
450.311151;462.170402;461.090531;457.160636
472.731270;455.831833;442.196967;455.989645
451.459216;459.777369;462.890263;455.031710
451.270667;460.163521;463.257636;455.203010
450.670632;460.845131;463.959589;455.629549
454.826136;460.634668;460.286907;456.125809
472.180452;454.785116;444.588704;454.272121
451.702634;458.543352;464.197318;453.775050
451.464047;459.232370;464.024750;454.267835
451.634819;459.717756;463.846260;454.736563
452.983790;460.318064;462.407398;455.526030
471.779985;455.736001;444.804697;454.034218
458.966015;457.516468;457.596850;453.747453
454.995576;458.389718;461.268289;453.925856
450.293854;459.617303;465.391544;454.380795
451.067779;460.302364;464.177351;455.276679
473.013942;455.583181;442.365099;453.985699
456.468819;457.898820;458.754628;453.958938
451.648580;458.941569;463.242159;454.439696
450.414097;459.701316;464.193941;455.084332
452.432269;460.275985;462.099180;455.777554
461.405807;457.652919;453.606426;454.185312
457.942387;458.161675;457.475256;454.308933
455.415760;458.713690;460.035286;454.275018
453.604830;459.526378;461.483656;454.622616
455.227940;457.884416;460.326914;453.204438
442.518770;460.849012;472.336577;450.706598
438.069029;461.991594;474.291022;452.060773
439.645465;463.056241;471.172739;454.415079
442.684588;464.382520;466.741348;457.078231
449.066753;465.139372;459.164703;459.923612
454.756711;463.455576;452.151933;460.803803
450.887879;465.183276;453.896485;462.209201
447.333922;466.973158;455.283535;463.515027
449.682401;467.684324;451.406140;464.539364
450.439243;468.283198;449.247313;465.033684
451.482423;466.081514;447.680311;463.814345
445.266872;467.616343;453.070058;463.473291
441.260787;469.068349;455.732869;463.813033
442.432317;469.600268;454.035244;464.301143
445.845534;469.226081;451.124606;464.535249
462.324034;462.402942;437.164920;463.130272
446.570711;466.167244;451.889586;462.158977
441.560011;467.974375;456.113168;462.582843
440.876444;468.705746;456.756735;463.015660
443.655230;468.693143;454.857800;463.460049
468.025545;460.773439;435.175805;462.593606
446.826572;465.738387;455.090614;461.435779
442.785676;467.055118;458.788588;461.376077
444.932005;467.136831;457.071456;461.837300
445.662851;467.618349;456.706645;462.410976
472.849195;459.077974;433.924072;461.633683
449.506160;465.129636;455.488528;460.839821
448.352528;465.724545;456.893700;460.851138
450.055132;465.617975;455.951077;460.944049
453.431648;464.553173;453.827880;460.624479
475.753876;455.915159;435.179265;458.391522
452.256489;460.774636;459.664712;457.042790
447.855685;462.029810;463.385201;456.217355
445.853638;463.268383;464.473087;457.000571
448.240614;463.365855;462.259445;457.664268
457.502254;458.546621;456.616581;455.486025
452.695436;460.155282;461.054257;455.435932
449.446976;461.619145;463.288674;456.125986
449.052625;462.550837;463.126083;456.808825
452.746653;462.597767;459.442268;457.652849
466.775116;457.265189;447.915582;456.061287
457.196513;459.693379;456.879181;455.804625
452.166975;460.934125;461.267585;455.863891
449.328760;462.371314;462.892789;456.662066
447.085147;463.932364;463.848432;457.745640
471.000788;457.123386;442.159516;457.018678
455.037736;460.868604;456.430315;456.786315
452.340155;462.229916;458.616959;457.082104
450.895617;463.533978;459.207063;457.872689
449.812894;464.800266;459.303793;458.867430
450.265772;465.332398;457.993073;460.210065
452.515764;461.776689;456.992032;459.289199
448.343303;463.051612;459.973050;459.806945
449.548028;462.877293;458.543218;460.435087
450.975557;462.981019;457.136009;460.795618
451.798523;462.991197;456.508222;460.854236
472.146530;457.384277;439.098262;458.409312
462.420796;458.608850;449.776327;457.114425
453.584656;462.106342;459.793152;453.715660
449.287810;463.661146;464.131330;452.811607
449.875901;463.478048;463.170425;454.248913
459.083213;459.950119;456.789304;453.747615
451.154503;461.425404;463.568545;454.644980
445.632760;462.738904;467.185017;456.166045
444.148492;464.027588;466.590734;458.221920
448.440144;464.538531;461.303586;460.183769
472.663525;458.144187;438.594616;461.150368
454.406936;461.924391;454.670000;460.055824
449.884137;464.053341;457.433473;460.603155
446.434519;465.934097;458.915022;461.375894
448.873382;466.511813;455.801755;462.118409
450.945203;466.901595;453.072277;462.750584
451.644780;464.898622;453.686985;461.309543
448.589914;466.097765;455.463859;461.606358
443.105804;468.007729;459.170136;462.098601
443.466510;468.783292;457.868334;462.982725
472.777871;461.058659;432.870093;463.845966
452.748688;464.869953;451.820279;462.212756
447.237683;466.650406;456.208686;462.126625
445.576977;467.224239;457.422195;462.365246
443.128648;468.603329;458.603337;463.047377
461.651834;462.800682;444.469548;462.853428
451.288487;465.062934;453.973264;461.855924
449.471240;465.753553;455.691308;461.731139
448.666588;466.205364;456.511343;461.829031
446.848522;467.049282;457.896349;462.116168
469.065449;460.037669;440.434051;461.786936
450.675076;464.318639;456.823143;460.474177
450.723996;464.405108;456.884910;460.432436
448.726699;465.209694;458.536002;460.616078
447.643486;466.029090;459.042498;461.119415
470.386764;458.574029;440.903240;460.264790
451.390855;462.809411;458.150612;458.986401
451.758926;462.812432;457.920317;458.923577
450.385190;463.322794;459.291552;459.001225
453.404115;462.754527;456.958646;459.104526
462.230889;458.054666;451.800286;456.743128
450.195168;461.038976;462.505905;456.452386
447.953717;461.821092;464.089078;456.716771
451.458202;461.404003;461.106323;457.076242
473.429108;455.786467;442.061555;456.809799
457.649374;458.052237;457.244669;455.537011
454.838728;458.798709;460.164327;455.292933
450.505338;459.931804;463.847735;455.480019
451.349889;460.415907;462.540627;456.126803
476.573519;454.960476;440.223766;455.469395
458.318622;457.283335;457.933812;454.483975
455.846647;457.901386;460.396923;454.377024
453.487071;458.390710;462.527150;454.477237
452.890052;458.699059;463.101568;454.685872
456.134143;458.523431;459.888661;455.038727
458.863719;456.028645;458.756129;453.200650
455.507822;456.635423;461.929011;453.045228
451.903780;457.226355;465.267085;453.122580
451.970502;457.701819;464.775594;453.649594
455.594802;457.372622;461.597294;453.794353
467.520076;454.829768;450.551393;452.664665
455.512535;455.905390;462.439718;452.460674
452.330387;456.475345;465.070947;452.750284
455.592499;456.324850;462.036809;452.875832
479.646571;453.652775;438.478007;451.765802
458.104429;454.836797;460.162254;451.587432
455.101545;455.090918;463.188244;451.554264
452.528096;455.341479;465.844555;451.647867
451.636157;455.862514;466.528795;452.231706
457.064995;455.641274;461.726211;452.304741
461.896056;454.519957;456.997293;451.241608
459.212730;454.716411;459.977259;451.290138
454.555686;454.982428;464.888592;451.580284
453.587100;455.165576;466.310215;451.804527
457.416167;455.472914;462.788943;452.115736
479.798062;455.039060;439.447136;451.130951
461.994384;459.091096;457.321206;448.003204
455.313304;460.902178;462.254709;448.365650
452.114301;461.011957;462.503440;451.859816
451.636994;461.673570;460.056279;454.981570
471.817882;458.752921;437.000993;459.770209
452.009473;461.762569;452.966129;461.590377
442.644911;464.500657;457.807243;463.896628
442.088566;466.553392;455.180851;465.665063
442.141613;468.643593;451.972982;467.606780
465.369405;465.194974;427.806476;470.412750
444.455550;470.308917;445.391094;469.587980
440.160575;472.399358;448.357967;469.289479
437.570050;474.073956;449.178081;469.917838
437.957885;474.991000;447.911733;470.581986
460.274195;469.818732;427.951932;471.641863
448.529599;471.489567;440.231858;469.852262
442.422418;472.917709;446.123963;469.381092
441.993190;472.485519;448.381430;468.607322
440.933981;472.649987;450.357709;468.247652
456.233406;466.975919;439.696899;467.284530
444.887227;468.743982;451.669945;465.582816
444.920152;468.362860;453.953757;464.282225
447.127251;467.379177;454.064006;463.603602
448.560452;466.614574;454.788458;462.858855
471.190958;458.682065;438.160868;460.806210
451.985167;461.576044;458.837097;458.177128
446.895869;462.223808;464.731935;457.348102
450.747533;461.235938;462.771982;456.918153
452.460322;460.578021;462.705242;456.656990
469.593682;454.679123;449.379920;454.575126
456.973602;456.072640;463.362901;453.030407
456.358294;456.401588;464.576810;452.798208
457.182083;455.987997;465.080291;452.456012
477.674069;451.731436;446.882341;450.899944
473.581701;449.763853;453.810164;448.302632
459.338601;451.572598;468.530668;447.941211
451.984877;452.609530;475.136198;447.685312
448.791785;453.039844;477.929894;448.321305
474.220016;451.040397;455.456773;447.875733
459.395537;451.695900;468.827401;448.677132
458.323223;452.008370;470.273794;449.240097
459.554533;452.041269;469.901152;449.604612
462.991607;451.866782;467.446066;449.789805
488.999310;451.584956;438.851868;447.144377
469.454781;450.768982;460.196700;447.871321
465.246017;450.829626;465.418057;447.362288
462.803823;451.034402;468.609854;446.633999
461.053930;451.128815;471.215440;446.163019
462.303968;451.438379;470.426918;445.649537
468.906665;452.331359;460.460917;444.993475
459.933162;452.135522;469.722968;446.147059
459.399694;452.414946;469.635144;446.905315
460.703901;452.990887;467.397872;447.838304
460.631574;453.718708;466.077246;448.940822
483.306482;455.306751;436.481902;450.000572
463.131567;455.768406;456.217609;451.568538
455.657750;459.792113;460.234288;451.677541
449.179697;462.075568;462.691284;453.892889
442.006248;464.437192;465.038256;457.036005
469.325366;462.051828;432.810712;463.343843
441.892619;467.232769;454.456680;464.663126
438.655047;469.764633;452.598951;467.926693
438.599479;471.988419;448.185456;470.900975
439.799499;473.865190;444.383774;472.354112
439.908656;475.913991;440.913225;474.177709
456.788199;471.485175;424.345561;475.014774
436.131760;478.087614;439.303015;475.851483
434.208810;479.182799;440.513100;475.879944
434.358495;479.627007;440.641167;475.866317
434.048853;480.213065;440.852112;476.122617
447.638632;475.052385;430.050683;476.079429
438.505216;476.556029;440.712178;473.969897
435.767560;477.420118;444.932123;472.985091
436.876986;477.020291;445.590512;472.571028
435.273056;477.819751;448.212662;472.355013
453.447850;470.118312;436.376053;471.039162
446.479525;471.242309;445.488303;468.909908
445.980426;470.686341;449.506857;467.010495
445.344612;470.357377;452.462387;465.968103
443.825773;470.799169;455.607424;465.480942
466.128340;460.774537;439.960099;463.302324
451.594287;463.899052;456.155407;460.848163
450.287661;464.161947;459.345415;459.791070
450.653283;464.251416;460.505099;459.484505
451.349200;464.047010;461.496808;459.146491
461.321947;456.688172;457.620786;454.898273
457.368608;457.846774;462.832911;453.912627
456.038533;458.241302;464.604878;453.583914
458.814638;457.351062;463.191086;453.260888
455.069843;458.677495;466.715264;453.617390
457.521178;458.488495;464.679019;453.967115
460.693379;454.405520;463.940080;451.065591
455.974892;456.101545;468.019194;451.288757
453.284112;457.211545;469.817696;451.861821
456.760860;457.612226;465.320936;453.065961
455.567025;458.649066;465.677099;453.953710
466.094965;453.791555;456.041649;451.265067
457.628434;456.095711;463.926282;451.850488
455.814994;457.202178;464.317403;452.639250
453.400171;458.340880;465.815113;453.420928
469.724580;453.706083;449.977040;451.611501
452.694276;457.244906;465.733303;452.431730
450.484869;458.283893;466.826309;453.167508
453.311356;458.877041;463.167466;454.165393
452.074261;459.491162;463.684651;454.795726
454.951929;457.051693;460.769644;452.918292
450.220773;458.408963;464.746306;453.551129
450.868182;458.767463;463.681142;454.001974
450.891673;459.298868;463.383889;454.538037
474.551405;455.423997;439.362044;453.314234
455.766371;457.408363;458.191872;453.395488
453.246214;457.845021;460.576188;453.521936
452.041458;458.055159;461.839938;453.584187
448.904112;458.678078;464.932027;453.982518
451.957742;457.124697;461.890895;452.749112
454.073412;457.159580;460.049812;452.806319
451.164670;457.544529;463.119497;453.122658
453.241242;457.528042;461.585747;453.261029
484.738734;454.904907;429.192042;451.771541
464.239512;455.280790;451.064946;451.913980
454.319260;456.719039;461.443527;451.338723
451.700176;457.106236;464.340358;451.248479
450.009902;457.408589;466.440162;451.582101
449.579462;456.976363;466.886437;451.435709
447.806885;457.250827;468.053604;452.355233
451.694228;457.458877;464.615343;452.999679
453.100521;457.748229;463.410728;453.658431
478.311621;456.749346;436.892252;453.468488
458.224342;457.309423;456.840549;453.658977
456.181845;457.735650;458.853934;453.967258
451.494773;458.195067;463.470079;454.289391
449.782140;458.658605;465.210807;454.632658
473.077961;458.072281;440.336745;453.951145
454.027692;458.697880;459.841469;454.468078
452.843248;458.959870;461.127917;454.697757
450.836396;459.283004;463.465274;455.011196
453.168022;459.500053;461.480246;455.308380
470.636542;458.634986;441.646343;454.459578
456.605778;459.070864;456.532323;454.743225
452.491770;459.168912;460.861445;455.009209
449.265499;459.390758;464.468044;455.271344
472.248888;458.985939;439.805308;454.581659
453.516966;459.223181;459.619100;455.077731
450.371151;459.479061;463.263903;455.257567
448.886002;459.677118;465.285375;455.510838
450.120903;459.868011;464.757000;455.749502
454.522162;460.045743;461.117211;456.019387
461.931064;459.338463;451.534509;455.004701
457.519628;459.450107;456.526651;455.279283
452.396589;459.566520;462.047601;455.488971
451.418343;459.771909;463.394998;455.597661
451.011082;459.943438;464.357805;455.823492
458.201917;459.375690;455.103756;455.026049
448.721689;459.847871;465.273030;455.468483
448.326830;459.934706;466.069383;455.746110
453.146375;460.140052;461.774528;455.942240
453.405619;460.435920;461.939198;456.086499
456.145175;460.577767;459.409382;456.128640
453.743767;459.893964;459.675267;455.607635
454.786560;460.057087;458.600876;455.671498
450.164062;460.332847;463.573007;455.985597
478.689108;459.383308;431.544752;454.875959
460.008025;459.571630;451.282812;455.203204
446.262422;460.313257;465.891693;456.150649
445.503774;460.664311;466.900644;456.403163
447.345486;461.128481;465.720666;456.720397
476.155384;460.390272;434.495642;455.806653
458.321761;460.580632;452.955342;456.187695
454.713951;461.033772;456.979285;456.509822
452.221444;461.304473;459.537122;456.656214
449.525043;461.678219;462.488860;457.026941
451.144446;461.953668;461.189010;457.274833
478.880187;460.044443;429.076577;456.007520
456.173869;460.970085;453.039936;456.454909
452.461431;461.557820;456.814299;456.720557
448.857104;461.923770;460.351507;457.032531
445.567096;462.799416;463.454618;457.505645
449.553589;463.128284;459.188823;457.915148
455.030207;461.940500;451.868357;457.573016
449.494103;462.557447;457.156825;458.143011
444.943853;463.246802;461.139804;458.930343
444.023848;464.167034;461.655729;459.672761
445.492684;464.945224;460.009804;460.517110
455.839835;463.112651;448.721730;460.026585
450.772114;464.287924;453.589888;460.148879
446.310996;465.537656;457.831241;460.302750
448.982291;466.197086;454.892514;460.726614
476.201986;458.683313;426.409505;462.960074
450.852153;458.551150;454.076831;462.753845
447.943986;457.867896;458.775550;462.010771
445.115650;458.719109;464.673007;458.724505
451.693833;458.428336;461.859175;455.681424
458.308652;457.831148;458.537939;451.207699
456.286085;456.961786;464.375238;448.838982
454.539174;454.843825;469.718903;448.089715
456.575478;452.939297;471.996202;446.617435
476.129934;453.311505;453.719174;443.507505
467.267502;450.054579;466.133012;443.673472
464.517371;447.701003;472.039944;443.404003
463.810717;445.559940;475.980729;442.841968
466.206177;444.895843;475.274017;442.461520
479.261304;450.309880;454.398827;442.248174
460.898140;445.760998;476.893237;443.818334
455.512856;443.161366;484.253953;443.821270
459.355807;443.287117;482.164841;443.055465
465.817618;446.663071;473.319737;443.635235
462.958469;443.081045;480.732601;442.944455
467.394398;443.358823;478.074317;442.408523
470.885068;444.344353;474.892820;442.194578
473.320089;444.590196;472.971175;442.011450
482.669122;449.113419;456.900932;441.322608
472.737090;447.212631;467.350510;442.990512
469.673586;447.420402;469.482127;443.767028
465.404081;447.061806;473.442191;444.939310
464.071905;446.356253;475.943003;444.940958
464.573648;451.515324;465.882941;446.942883
461.349169;451.000015;469.073156;448.087496
457.584832;449.911491;473.740611;448.992916
458.045081;449.799600;473.893094;449.220145
477.464628;459.318963;444.042558;448.075596
461.068505;455.186866;462.081422;451.385603
458.560717;454.970775;464.138048;452.501148
457.524138;455.094502;465.220240;452.915529
457.132039;455.151903;466.031491;453.127782
473.875284;463.209709;439.450521;452.541530
458.390873;459.933540;456.324047;455.305771
453.678400;459.153320;461.123360;456.478393
448.888570;457.662709;467.439003;456.991136
453.632584;458.661655;462.686449;456.454165
472.008948;465.529916;435.337791;455.953446
464.159093;463.910122;442.822360;457.412352
450.485839;461.082983;458.570121;459.004245
448.315278;460.246268;462.377543;458.957625
450.577461;460.764977;460.427516;458.661107
470.116069;466.389310;433.076530;458.190684
451.629856;463.366914;454.137688;459.913703
448.009717;462.590384;458.633350;460.348900
447.582505;462.000033;460.709455;459.935312
449.131705;461.968990;460.466928;459.548718
466.320003;465.623133;436.555112;459.453266
450.806537;463.602904;454.487180;460.476825
450.866963;463.217422;455.442367;460.208288
451.147021;463.460136;455.239456;460.295628
450.873362;463.420535;456.266004;460.268713
449.641188;464.479688;453.856057;461.205495
445.554045;463.921705;458.768012;461.389731
446.887668;463.627762;458.984004;460.844846
448.218404;463.793292;458.266701;460.742927
448.800235;463.732425;458.718253;460.674182
452.539233;464.438613;451.969094;461.090001
451.272389;463.998761;454.266763;460.844032
448.623560;464.005625;457.148189;461.100478
448.819759;463.705631;458.283667;460.683779
467.569212;464.286102;436.715792;460.421260
455.123989;463.590588;450.192826;460.240334
451.491058;463.402585;454.545095;460.267528
450.410778;463.331290;456.142556;460.135719
451.431410;463.272440;455.600817;460.051674
447.504594;460.777425;460.803615;462.077520
450.787833;459.591968;457.535517;461.014873
450.964707;459.014051;460.039734;459.606137
451.239475;458.583990;463.046637;457.530305
450.713696;457.664274;467.769019;455.598339
465.510880;458.553979;453.079671;451.924258
460.659190;456.932219;461.694192;450.857121
460.056890;455.574522;465.520910;449.713359
458.882404;453.778462;469.916758;449.493918
460.562765;452.569044;471.269535;448.738543
473.275125;454.014717;454.133143;447.385198
463.495845;451.510513;467.684763;448.062491
462.545369;450.885549;470.016119;448.017786
461.328461;450.297292;473.066015;448.132874
477.568033;453.424893;449.789377;446.872162
463.954069;451.598631;466.214065;448.091529
460.552228;451.896920;469.525518;449.058339
459.999056;452.381655;469.887626;449.594818
459.472146;452.894262;470.608414;450.166041
457.048250;454.340732;467.700703;451.084074
457.529825;455.095803;466.291099;451.902344
457.945425;456.096956;464.592705;452.681312
457.419001;456.918429;464.037303;453.525720
468.246747;459.647812;445.876065;453.589098
451.837794;458.878504;463.734436;455.625464
453.891770;459.591045;460.653392;456.028167
452.718446;460.078140;461.664053;456.612880
452.198335;460.591001;462.285590;457.113310
458.383543;461.983815;449.170004;457.103079
449.585387;462.189845;458.745048;458.469597
448.722078;462.493498;459.390992;458.797349
448.583152;462.782326;459.510999;459.086444
449.504243;462.844764;459.514888;459.047389
463.877473;464.029143;439.344002;458.400755
452.459814;463.599462;452.070994;459.182228
449.425109;463.553593;455.367213;459.357141
445.773736;463.239482;460.435976;459.339036
445.151483;463.397682;461.915311;459.333582
449.041725;463.616513;454.097481;459.015747
448.461237;463.748329;454.962631;459.145634
449.029915;463.662487;454.989276;459.091258
445.756323;463.864056;458.464610;459.214671
468.927380;463.356511;431.540725;459.241146
450.335766;463.592459;450.549945;459.501188
445.173813;464.123804;455.903348;459.897151
441.603568;464.673960;459.399225;460.225593
440.943363;465.478928;460.029161;460.650994
474.429894;463.069180;423.960500;460.842840
452.639233;464.822195;446.126432;460.504809
449.084521;466.208839;449.281261;460.429649
445.484732;467.937831;451.799714;460.711199
446.164921;461.310352;451.646388;466.600029
452.273013;455.832485;447.194633;467.735295
447.287020;455.356672;456.022619;465.532486
445.894989;455.695074;462.695575;461.256437
450.207829;456.752012;464.815030;455.447193
476.038990;461.403256;443.888086;447.031614
460.905780;457.254217;466.092664;445.457051
462.175918;454.376237;471.256857;443.043314
462.688232;450.262364;477.856742;441.309553
468.439319;447.528800;477.090539;440.457767
480.387839;450.709121;462.751049;439.267312
470.045356;441.122932;483.539218;438.620641
473.067986;438.151589;485.666250;437.239915
477.266754;436.902881;485.317224;435.640598
480.094581;435.373697;486.221850;434.238147
493.730743;445.583115;463.224173;432.625764
480.749619;436.189741;484.557370;434.410006
480.536306;435.707803;486.035863;433.955116
479.752020;436.423264;486.419112;434.598092
480.037079;436.529434;486.800304;434.565662
480.787972;437.324391;485.769442;434.718328
479.859054;443.134871;477.528397;436.758849
474.856958;442.380351;481.138385;439.689356
472.702033;442.658321;482.210887;441.039854
471.672723;442.560299;483.099532;442.008964
482.750527;454.059850;458.636078;441.798918
469.347058;449.448066;472.634721;446.088509
465.971129;448.936535;475.060583;448.315892
463.898473;448.707978;477.198377;449.138007
478.454947;461.832897;446.438921;448.844950
462.979330;457.404599;462.627202;453.366312
459.691815;457.778696;464.008739;455.265881
456.119075;457.664424;466.767415;456.686232
455.970402;458.211322;466.629860;457.053604
457.917629;464.125015;452.348247;459.372411
451.570944;464.001182;457.107085;461.841985
450.347221;464.217488;457.910377;462.260141
448.363964;465.114029;457.918372;463.444606
448.472665;464.605304;459.485630;463.091760
467.734331;472.494474;426.265956;462.805453
449.258021;469.086275;447.347530;465.302898
446.975802;468.117107;450.812807;465.467703
444.582168;467.825492;453.270976;465.726444
444.133751;467.671462;454.490207;465.513760
449.015166;470.040937;442.493133;466.022493
441.224461;469.262572;451.434830;466.787557
442.570173;468.547018;451.967446;465.811136
441.697819;468.213246;454.170377;465.398353
443.090208;467.985898;454.235877;464.808736
465.528993;470.261226;424.780548;464.344169
447.676096;468.220306;445.538018;464.543308
444.647326;467.756994;449.542068;464.462305
442.758639;467.573173;451.939883;464.204364
441.943822;467.486182;453.348727;463.967585
444.155261;467.087105;452.464894;463.404273
455.473256;466.928392;438.107360;463.512434
440.151369;467.402920;453.285244;463.567413
440.292653;467.551038;453.191352;463.781651
443.573710;467.081210;450.743775;463.991554
438.415527;467.115973;454.772277;464.270126
443.803211;466.799210;449.581080;464.582818
447.202587;465.688267;445.547312;464.885539
443.302497;465.946960;450.175711;464.717040
440.769118;466.212141;453.640544;464.437028
442.940286;466.193848;453.563769;463.619509
469.915925;463.557491;427.573956;462.867479
455.042670;463.783165;444.556475;461.581274
449.468085;463.841372;452.212563;460.825228
445.774492;461.105210;458.653542;461.493298
446.726514;459.621316;461.242574;460.274125
474.585193;458.240760;436.146274;455.837535
456.905479;456.318312;458.835511;453.967131
456.918338;455.216632;463.289272;451.367936
457.711713;453.623476;467.282487;448.923124
461.503733;452.076128;467.891167;446.769026
463.406323;450.177708;470.316632;445.072145
467.259532;448.920919;468.376301;442.755773
467.100086;447.463476;470.422980;442.719801
465.704535;445.765911;474.792084;442.247943
