-0.289570;0.097048;0.627847;10.024654;0
-0.279236;0.093498;0.633690;10.024654;0
-0.270358;0.087356;0.633690;10.024654;0
-0.261049;0.082009;0.639025;10.024654;0
-0.251189;0.071667;0.639025;10.024654;0
-0.237618;0.058744;0.643847;10.024654;0
-0.227020;0.060488;0.643847;10.024654;0
-0.215987;0.071740;0.643847;10.024654;0
-0.205134;0.085990;0.648174;10.024654;0
-0.190342;0.090361;0.648174;10.024654;0
-0.179144;0.093331;0.652043;10.024654;0
-0.167817;0.099124;0.652043;10.024654;0
-0.156985;0.109021;0.655516;10.024654;0
-0.145856;0.112618;0.655516;10.024654;0
-0.131917;0.104169;0.658678;10.024654;0
-0.121391;0.098624;0.658678;10.024654;0
-0.111372;0.099802;0.661636;10.024654;0
-0.101673;0.107770;0.661636;10.024654;0
-0.092112;0.113585;0.664519;10.024654;0
-0.080095;0.097597;0.664519;10.024654;0
-0.071294;0.085438;0.664519;10.024654;0
-0.063197;0.082327;0.667474;10.024654;0
-0.055342;0.086684;0.667474;10.024654;0
-0.047964;0.086007;0.670663;10.024654;0
-0.040695;0.079461;0.670663;10.024654;0
-0.031884;0.076379;0.674261;10.024654;0
-0.025815;0.080238;0.674261;10.024654;0
-0.020029;0.086580;0.678445;10.024654;0
-0.014321;0.085473;0.678445;10.024654;0
-0.007168;0.073423;0.683392;10.024654;0
-0.001983;0.066511;0.683392;10.024654;0
0.002858;0.067953;0.689269;10.024654;0
0.007573;0.073344;0.689269;10.024654;0
0.012028;0.067980;0.696223;10.024654;0
0.016355;0.063252;0.696223;10.024654;0
0.021719;0.066616;0.704372;10.024654;0
0.025564;0.079592;0.704372;10.024654;0
0.029128;0.093985;0.713801;10.024654;0
0.032700;0.096101;0.713801;10.024654;0
0.036681;0.094016;0.724547;10.024654;0
0.040559;0.097761;0.724547;10.024654;0
0.043878;0.099325;0.736599;10.024654;0
0.047410;0.088631;0.736599;10.024654;0
0.051175;0.078865;0.749890;10.024654;0
0.055390;0.076898;0.749890;10.024654;0
0.062653;0.083860;0.749890;10.024654;0
0.070154;0.088495;0.764294;10.024654;0
-1.000000;0.080554;0.764294;10.024654;0
-1.000000;0.085826;0.779629;10.024654;0
-1.000000;0.092155;0.779629;10.024654;0
-1.000000;0.104603;0.779629;10.024654;0
-1.000000;0.106445;0.795675;10.024654;0
-1.000000;0.103868;0.795675;10.024654;0
-1.000000;0.103616;0.812197;10.024654;0
-1.000000;0.109017;0.812197;10.024654;0
-1.000000;0.118566;0.812197;10.024654;0
-1.000000;0.117266;0.828962;10.024654;0
-1.000000;0.116355;0.828962;10.024654;0
-1.000000;0.119977;0.828962;10.024654;0
-1.000000;0.127733;0.845741;10.024654;0
-1.000000;0.137767;0.845741;10.024654;0
-1.000000;0.136635;0.845741;10.024654;0
-1.000000;0.134789;0.862316;10.024654;0
-1.000000;0.135528;0.862316;10.024654;0
-0.978835;0.142531;0.862316;10.024654;0
-0.960443;0.149725;0.862316;10.024654;0
-0.940161;0.147402;0.878487;10.024654;0
-0.919152;0.141905;0.878487;10.024654;0
-0.897363;0.138159;0.878487;10.024654;0
-0.866798;0.142339;0.894071;10.024654;0
-0.843041;0.148065;0.894071;10.024654;0
-0.819415;0.145161;0.894071;10.024654;0
-0.794595;0.140993;0.894071;10.024654;0
-0.769618;0.140861;0.908905;10.024654;0
-0.744962;0.145872;0.908905;10.024654;0
-0.711634;0.148039;0.908905;10.024654;0
-0.686731;0.143538;0.922852;10.024654;0
-0.661613;0.140341;0.922852;10.024654;0
-0.636795;0.140774;0.922852;10.024654;0
-0.612721;0.146947;0.922852;10.024654;0
-0.580387;0.156741;0.935794;10.024654;0
-0.556808;0.151921;0.935794;10.024654;0
-0.533291;0.145580;0.935794;10.024654;0
-0.510331;0.143429;0.947638;10.024654;0
-0.488298;0.146571;0.947638;10.024654;0
-0.466323;0.151104;0.947638;10.024654;0
-0.437753;0.142770;0.947638;10.024654;0
-0.417782;0.136796;0.958313;10.024654;0
-0.398407;0.134690;0.958313;10.024654;0
-0.379589;0.138612;0.958313;10.024654;0
-0.354663;0.144412;0.958313;10.024654;0
-0.336640;0.133986;0.967770;10.024654;0
-0.318965;0.120484;0.967770;10.024654;0
-0.302261;0.112158;0.967770;10.024654;0
-0.286425;0.112182;0.975981;10.024654;0
-0.265633;0.109068;0.975981;10.024654;0
-0.250776;0.099373;0.975981;10.024654;0
-0.236497;0.093317;0.975981;10.024654;0
-0.222498;0.093134;0.982938;10.024654;0
-0.207114;0.101428;0.982938;10.024654;0
-0.191782;0.110623;0.982938;10.024654;0
-0.179187;0.104638;0.988652;10.024654;0
-0.167045;0.095792;0.988652;10.024654;0
-0.155327;0.091251;0.988652;10.024654;0
-0.144173;0.089664;0.988652;10.024654;0
-0.129904;0.078006;0.993149;10.024654;0
-0.119554;0.068203;0.993149;10.024654;0
-0.109931;0.065359;0.993149;10.024654;0
-0.100114;0.069175;0.996471;10.024654;0
-0.087812;0.083313;0.996471;10.024654;0
-0.078813;0.084402;0.996471;10.024654;0
-0.070117;0.081019;0.996471;10.024654;0
-0.061555;0.080767;0.998675;10.024654;0
-0.053402;0.086199;0.998675;10.024654;0
-0.045338;0.092783;0.998675;10.024654;0
-0.035139;0.085823;0.998675;10.024654;0
-0.027987;0.074182;0.998675;10.024654;0
-0.020728;0.066687;0.998675;10.024654;0
-0.013888;0.066881;0.998675;10.024654;0
-0.005124;0.066742;0.999826;10.024654;0
0.000992;0.060926;0.999826;10.024654;0
0.006931;0.058311;0.999826;10.024654;0
0.012676;0.063350;1.000000;10.024654;0
0.018047;0.071497;1.000000;10.024654;0
0.024860;0.064042;1.000000;10.024654;0
0.029626;0.058586;1.000000;10.024654;0
0.034092;0.059252;0.999278;10.024654;0
0.038250;0.066824;0.999278;10.024654;0
0.042135;0.076570;0.999278;10.024654;0
0.047016;0.070472;0.997747;10.024654;0
0.050417;0.063471;0.997747;10.024654;0
0.053693;0.063123;0.997747;10.024654;0
0.056728;0.071314;0.997747;10.024654;0
0.060793;0.073248;0.992609;10.024654;0
0.064168;0.064375;0.992609;10.024654;0
0.067825;0.057475;0.992609;10.024654;0
0.072164;0.055752;0.989178;10.024654;0
-0.026430;0.076720;0.989178;10.024654;0
-0.028605;0.064955;0.989178;10.024654;0
-0.030952;0.050145;0.989178;10.024654;0
-0.033010;0.046953;0.985271;10.024654;0
-0.035046;0.056105;0.985271;10.024654;0
-0.037022;0.069861;0.985271;10.024654;0
-0.038888;0.073195;0.985271;10.024654;0
-0.041137;0.077963;0.980931;10.024654;0
-0.042677;0.087912;0.980931;10.024654;0
-0.044076;0.103347;0.980931;10.024654;0
-0.045268;0.113528;0.976177;10.024654;0
-0.046219;0.113830;0.976177;10.024654;0
-0.047216;0.116082;0.976177;10.024654;0
-0.047809;0.125037;0.976177;10.024654;0
-0.048268;0.139064;0.971009;10.024654;0
-0.048526;0.141463;0.971009;10.024654;0
-0.048626;0.134845;0.971009;10.024654;0
-0.048619;0.129489;0.965413;10.024654;0
-0.048559;0.134094;0.965413;10.024654;0
-0.048454;0.144954;0.965413;10.024654;0
-0.048220;0.148736;0.959372;10.024654;0
-0.047908;0.143822;0.959372;10.024654;0
-0.047514;0.142688;0.959372;10.024654;0
-0.047266;0.148905;0.952867;10.024654;0
-0.047021;0.154306;0.952867;10.024654;0
-0.046723;0.146300;0.952867;10.024654;0
-0.046460;0.138350;0.952867;10.024654;0
-0.046249;0.139341;0.945888;10.024654;0
-0.046201;0.148909;0.945888;10.024654;0
-0.046184;0.159202;0.945888;10.024654;0
-0.046128;0.154691;0.938431;10.024654;0
-0.046110;0.145977;0.938431;10.024654;0
-0.046072;0.109470;0.938431;10.024654;0
-0.046098;0.080733;0.930512;10.024654;0
-0.046226;0.067499;0.930512;10.024654;0
-0.046424;0.069722;0.930512;10.024654;0
-0.046655;0.074402;0.922162;10.024654;0
-0.046969;0.088438;0.922162;10.024654;0
-0.047551;0.127911;0.922162;10.024654;0
-0.048029;0.162124;0.913438;10.024654;0
-0.048389;0.181808;0.913438;10.024654;0
-0.048749;0.189321;0.954158;10.024654;0
-0.049332;0.194896;0.954158;10.024654;0
-0.049884;0.199730;0.954158;10.024654;0
-0.050484;0.204618;0.948476;10.024654;0
-0.051012;0.193886;0.948476;10.024654;0
-0.051573;0.178029;0.948476;10.024654;0
-0.052432;0.162974;0.948476;10.024654;0
-0.053188;0.159376;0.948476;10.024654;0
-0.054021;0.156523;0.885928;10.024654;0
-0.054842;0.141222;0.876744;10.024654;0
-0.055742;0.126486;0.876744;10.024654;0
-0.057060;0.117613;0.876744;10.024654;0
-0.058210;0.118700;0.867827;10.024654;0
-0.059356;0.113611;0.867827;10.024654;0
-0.060568;0.099294;0.859369;10.024654;0
-0.062268;0.093689;0.859369;10.024654;0
-0.063749;0.102548;0.851575;10.024654;0
-0.065309;0.109569;0.851575;10.024654;0
-0.066940;0.101388;0.844652;10.024654;0
-0.068744;0.094438;0.844652;10.024654;0
-0.071358;0.095476;0.844652;10.024654;0
-0.073959;0.107518;0.838798;10.024654;0
-0.076569;0.110659;0.838798;10.024654;0
-0.079526;0.106193;0.834197;10.024654;0
-0.083006;0.102320;0.830997;10.024654;0
-0.087010;0.105299;0.830997;10.024654;0
-0.093842;0.112413;0.829305;10.024654;0
-0.100573;0.105166;0.829305;10.024654;0
0.542544;0.051625;0.829168;10.024654;0
0.555108;0.034265;0.829168;10.024654;0
0.567783;0.021306;0.830567;10.024654;0
0.586213;0.023553;0.830567;10.024654;0
0.600283;0.033202;0.833414;10.024654;0
0.614467;0.033584;0.833414;10.024654;0
0.628878;0.036517;0.837576;10.024654;0
0.642746;0.047997;0.837576;10.024654;0
0.660429;0.076842;0.842878;10.024654;0
0.672653;0.096128;0.842878;10.024654;0
0.683717;0.101252;0.849114;10.024654;0
0.693641;0.102853;0.849114;10.024654;0
0.702189;0.106685;0.849114;10.024654;0
0.711693;0.118034;0.856056;10.024654;0
0.716975;0.124659;0.856056;10.024654;0
0.720222;0.117024;0.863464;10.024654;0
0.722058;0.108464;0.863464;10.024654;0
0.722110;0.110674;0.871093;10.024654;0
0.720232;0.124387;0.871093;10.024654;0
0.716462;0.138815;0.878701;10.024654;0
0.711059;0.139806;0.878701;10.024654;0
0.703884;0.137303;0.886055;10.024654;0
0.691857;0.137087;0.886055;10.024654;0
0.681641;0.144136;0.886055;10.024654;0
0.669714;0.154659;0.892937;10.024654;0
0.656914;0.154477;0.892937;10.024654;0
0.638243;0.154672;0.899145;10.024654;0
0.622879;0.163374;0.899145;10.024654;0
0.606928;0.173766;0.899145;10.024654;0
0.590197;0.174039;0.904501;10.024654;0
0.568005;0.170202;0.904501;10.024654;0
0.550080;0.172972;0.908849;10.024654;0
0.530911;0.182256;0.908849;10.024654;0
0.512376;0.188187;0.908849;10.024654;0
0.494022;0.175856;0.912057;10.024654;0
0.475955;0.160752;0.912057;10.024654;0
0.457947;0.151827;0.912057;10.024654;0
0.434777;0.156227;0.914019;10.024654;0
0.417790;0.168628;0.914019;10.024654;0
0.401031;0.179977;0.914657;10.024654;0
0.384309;0.175922;0.914657;10.024654;0
0.368137;0.169536;0.914657;10.024654;0
0.347714;0.169063;0.913918;10.024654;0
0.333109;0.162990;0.913918;10.024654;0
0.319196;0.152000;0.911777;10.024654;0
0.305725;0.146730;0.911777;10.024654;0
0.292869;0.150506;0.911777;10.024654;0
0.280788;0.157347;0.908235;10.024654;0
0.265436;0.143522;0.908235;10.024654;0
0.255145;0.133600;0.903322;10.024654;0
0.245275;0.134039;0.903322;10.024654;0
0.235812;0.138922;0.903322;10.024654;0
0.224636;0.129121;0.897094;10.024654;0
0.216867;0.117679;0.897094;10.024654;0
0.209738;0.113490;0.889636;10.024654;0
0.203183;0.118204;0.889636;10.024654;0
0.197296;0.126569;0.889636;10.024654;0
0.190663;0.113886;0.881061;10.024654;0
0.186543;0.098069;0.881061;10.024654;0
0.183514;0.088482;0.871511;10.024654;0
0.181587;0.083308;0.871511;10.024654;0
0.181160;0.067775;0.871511;10.024654;0
0.182619;0.053746;0.861155;10.024654;0
0.188629;0.049527;0.861155;10.024654;0
0.482453;0.100560;0.850192;10.024654;0
0.477384;0.082913;0.850192;10.024654;0
0.473038;0.062636;0.838841;10.024654;0
0.469234;0.051871;0.838841;10.024654;0
0.465242;0.061011;0.838841;10.024654;0
0.462975;0.072863;0.827310;10.024654;0
0.461154;0.075753;0.827310;10.024654;0
0.459659;0.073578;0.815799;10.024654;0
0.458010;0.079704;0.815799;10.024654;0
0.456756;0.092726;0.815799;10.024654;0
0.455329;0.113126;0.804494;10.024654;0
0.453497;0.131325;0.804494;10.024654;0
0.451130;0.132238;0.793568;10.024654;0
0.447295;0.130290;0.793568;10.024654;0
0.443636;0.135755;0.783182;10.024654;0
0.439196;0.139685;0.783182;10.024654;0
0.434039;0.130300;0.783182;10.024654;0
0.428213;0.119578;0.773478;10.024654;0
0.421600;0.115895;0.773478;10.024654;0
0.411607;0.129088;0.764587;10.024654;0
0.403307;0.138981;0.764587;10.024654;0
0.394121;0.133103;0.756619;10.024654;0
0.384390;0.126850;0.756619;10.024654;0
0.374330;0.129047;0.756619;10.024654;0
0.360257;0.145401;0.749669;10.024654;0
0.349027;0.156595;0.749669;10.024654;0
0.337442;0.152852;0.743810;10.024654;0
0.325463;0.147926;0.743810;10.024654;0
0.313555;0.147067;0.739098;10.024654;0
0.297455;0.158956;0.739098;10.024654;0
0.285125;0.166859;0.735564;10.024654;0
0.273512;0.157416;0.735564;10.024654;0
0.261514;0.147406;0.733223;10.024654;0
0.249964;0.146837;0.733223;10.024654;0
0.234661;0.147449;0.732066;10.024654;0
0.224034;0.133211;0.732066;10.024654;0
0.213481;0.119129;0.732062;10.024654;0
0.203535;0.114124;0.732062;10.024654;0
0.193774;0.122171;0.733161;10.024654;0
0.181763;0.121488;0.733161;10.024654;0
0.173347;0.117255;0.735294;10.024654;0
0.165144;0.120692;0.735294;10.024654;0
0.157417;0.128186;0.738372;10.024654;0
0.147710;0.117961;0.738372;10.024654;0
0.140986;0.108431;0.742290;10.024654;0
0.134508;0.105425;0.742290;10.024654;0
0.128242;0.111767;0.746928;10.024654;0
0.122303;0.121999;0.746928;10.024654;0
0.115291;0.113202;0.752149;10.024654;0
0.110482;0.106385;0.752149;10.024654;0
0.106125;0.107492;0.757806;10.024654;0
0.101995;0.116902;0.757806;10.024654;0
0.097350;0.126366;0.763741;10.024654;0
0.094746;0.115557;0.763741;10.024654;0
0.093034;0.101486;0.769787;10.024654;0
0.092560;0.089841;0.769787;10.024654;0
0.647750;0.104258;0.775768;10.024654;0
0.649084;0.091647;0.775768;10.024654;0
0.650400;0.066778;0.781513;10.024654;0
0.652214;0.047414;0.781513;10.024654;0
0.654439;0.041444;0.781513;10.024654;0
0.656640;0.054069;0.786872;10.024654;0
0.658511;0.077264;0.786872;10.024654;0
0.660066;0.090673;0.791724;10.024654;0
0.660440;0.098067;0.791724;10.024654;0
0.659922;0.104850;0.795970;10.024654;0
0.658447;0.090717;0.795970;10.024654;0
0.655345;0.063521;0.795970;10.024654;0
0.651866;0.048730;0.799541;10.024654;0
0.647002;0.052796;0.799541;10.024654;0
0.640500;0.075753;0.802392;10.024654;0
0.632619;0.107955;0.802392;10.024654;0
0.619369;0.141753;0.802392;10.024654;0
0.606929;0.159280;0.804500;10.024654;0
0.592826;0.176541;0.804500;10.024654;0
0.576546;0.193751;0.805870;10.024654;0
0.558657;0.203740;0.805870;10.024654;0
0.532250;0.191006;0.806527;10.024654;0
0.510981;0.182072;0.806527;10.024654;0
0.488772;0.180991;0.806527;10.024654;0
0.466886;0.185809;0.806521;10.024654;0
0.436200;0.178347;0.806521;10.024654;0
0.412314;0.163783;0.805923;10.024654;0
0.387890;0.153191;0.805923;10.024654;0
0.363389;0.151466;0.805923;10.024654;0
0.338851;0.154912;0.804825;10.024654;0
0.314542;0.147131;0.804825;10.024654;0
0.283575;0.136516;0.803337;10.024654;0
0.260180;0.136591;0.803337;10.024654;0
0.238004;0.141043;0.803337;10.024654;0
0.216047;0.134934;0.801586;10.024654;0
0.194735;0.128954;0.801586;10.024654;0
0.167102;0.130275;0.799716;10.024654;0
0.147044;0.142350;0.799716;10.024654;0
0.127476;0.155471;0.797877;10.024654;0
0.108604;0.152394;0.797877;10.024654;0
0.084686;0.138710;0.796230;10.024654;0
0.066939;0.132570;0.796230;10.024654;0
0.050267;0.133970;0.794933;10.024654;0
0.033684;0.141343;0.794933;10.024654;0
0.017620;0.138636;0.794143;10.024654;0
-0.003036;0.117971;0.794143;10.024654;0
-0.018340;0.106242;0.794143;10.024654;0
-0.032642;0.101964;0.794004;10.024654;0
-0.047580;0.103311;0.794004;10.024654;0
-0.066643;0.093587;0.794643;10.024654;0
-0.080928;0.075635;0.794643;10.024654;0
-0.095580;0.061153;0.796159;10.024654;0
-0.109958;0.059935;0.796159;10.024654;0
-0.124906;0.066015;0.798622;10.024654;0
-0.145684;0.057994;0.798622;10.024654;0
-0.162313;0.055392;0.802059;10.024654;0
-0.180109;0.060929;0.802059;10.024654;0
-0.200731;0.063848;0.806454;10.024654;0
-0.224353;0.059149;0.806454;10.024654;0
0.771333;0.034219;0.811739;10.024654;0
0.783840;0.029407;0.811739;10.024654;0
0.798279;0.022266;0.817799;10.024654;0
0.813633;0.007201;0.817799;10.024654;0
0.835580;-0.004983;0.824478;10.024654;0
0.852928;-0.002310;0.824478;10.024654;0
0.870371;0.013397;0.831589;10.024654;0
0.887248;0.035494;0.831589;10.024654;0
0.908781;0.053519;0.831589;10.024654;0
0.924319;0.065137;0.838927;10.024654;0
0.939051;0.079698;0.838927;10.024654;0
0.952228;0.096572;0.846276;10.024654;0
0.963851;0.104305;0.846276;10.024654;0
0.974835;0.101105;0.846276;10.024654;0
0.983144;0.098718;0.853418;10.024654;0
0.988116;0.100479;0.853418;10.024654;0
0.991149;0.106721;0.853418;10.024654;0
0.991867;0.114312;0.860138;10.024654;0
0.989136;0.111794;0.860138;10.024654;0
0.984624;0.110839;0.860138;10.024654;0
0.978338;0.115344;0.866230;10.024654;0
0.969754;0.123163;0.866230;10.024654;0
0.958837;0.126090;0.866230;10.024654;0
0.941185;0.123688;0.866230;10.024654;0
0.926172;0.126298;0.871505;10.024654;0
0.909482;0.133200;0.871505;10.024654;0
0.891153;0.143685;0.871505;10.024654;0
0.864373;0.149244;0.871505;10.024654;0
0.842938;0.145265;0.871505;10.024654;0
0.819668;0.142240;0.875787;10.024654;0
0.795874;0.143465;0.875787;10.024654;0
0.770772;0.149405;0.875787;10.024654;0
0.736441;0.153358;0.878921;10.024654;0
0.709684;0.151115;0.878921;10.024654;0
0.682541;0.150818;0.878921;10.024654;0
0.655100;0.154313;0.878921;10.024654;0
0.628379;0.153550;0.880776;10.024654;0
0.592524;0.143907;0.880776;10.024654;0
0.564683;0.141127;0.880776;10.024654;0
0.537552;0.145497;0.881241;10.024654;0
0.511613;0.146822;0.881241;10.024654;0
0.485627;0.143996;0.881241;10.024654;0
0.459687;0.142407;0.881241;10.024654;0
0.425946;0.146067;0.880229;10.024654;0
0.401826;0.139830;0.880229;10.024654;0
0.378468;0.132315;0.880229;10.024654;0
0.355449;0.129802;0.877676;10.024654;0
0.333524;0.134290;0.877676;10.024654;0
0.305581;0.139591;0.877676;10.024654;0
0.284672;0.131130;0.873544;10.024654;0
0.265669;0.123973;0.873544;10.024654;0
0.247064;0.122209;0.873544;10.024654;0
0.229152;0.125594;0.867819;10.024654;0
0.206529;0.129636;0.867819;10.024654;0
0.189774;0.119495;0.860512;10.024654;0
0.174394;0.107515;0.860512;10.024654;0
0.159732;0.098964;0.860512;10.024654;0
0.145467;0.098350;0.860512;10.024654;0
0.127845;0.106580;0.851658;10.024654;0
0.114963;0.109732;0.851658;10.024654;0
0.102998;0.098616;0.851658;10.024654;0
0.091457;0.083972;0.841318;10.024654;0
0.080656;0.076551;0.841318;10.024654;0
0.067063;0.082907;0.841318;10.024654;0
0.057308;0.089005;0.829579;10.024654;0
0.048240;0.083574;0.829579;10.024654;0
0.039295;0.077677;0.829579;10.024654;0
0.028247;0.078649;0.816553;10.024654;0
0.020147;0.085225;0.816553;10.024654;0
0.012534;0.094238;0.816553;10.024654;0
0.005221;0.092601;0.802380;10.024654;0
-0.001660;0.085227;0.802380;10.024654;0
-0.008198;0.083557;0.802380;10.024654;0
-0.016248;0.079663;0.787226;10.024654;0
-0.022007;0.065846;0.787226;10.024654;0
-0.027176;0.056537;0.787226;10.024654;0
-0.032189;0.053936;0.771286;10.024654;0
-0.036964;0.057797;0.771286;10.024654;0
-0.043065;0.056764;0.771286;10.024654;0
0.304211;0.064436;0.754785;10.024654;0
0.309022;0.057858;0.754785;10.024654;0
0.314451;0.057307;0.754785;10.024654;0
0.320816;0.065960;0.737967;10.024654;0
0.327599;0.076203;0.737967;10.024654;0
0.337273;0.074933;0.721078;10.024654;0
0.344558;0.075028;0.721078;10.024654;0
0.351832;0.080098;0.721078;10.024654;0
0.358683;0.092206;0.704354;10.024654;0
0.364880;0.095835;0.704354;10.024654;0
0.370263;0.093596;0.704354;10.024654;0
0.375785;0.091257;0.688019;10.024654;0
0.378526;0.095617;0.688019;10.024654;0
0.379928;0.098949;0.672288;10.024654;0
0.379888;0.090888;0.672288;10.024654;0
0.378389;0.085285;0.672288;10.024654;0
0.374040;0.089548;0.657361;10.024654;0
0.368920;0.096021;0.657361;10.024654;0
0.362363;0.094788;0.643428;10.024654;0
0.354727;0.090820;0.643428;10.024654;0
0.345670;0.091280;0.643428;10.024654;0
0.331792;0.100716;0.630660;10.024654;0
0.319758;0.109328;0.630660;10.024654;0
0.306785;0.108132;0.619213;10.024654;0
0.293264;0.105334;0.619213;10.024654;0
0.278828;0.104537;0.609224;10.024654;0
0.259224;0.112614;0.609224;10.024654;0
0.243891;0.117496;0.600805;10.024654;0
0.228691;0.109446;0.600805;10.024654;0
0.213199;0.100487;0.594048;10.024654;0
0.197723;0.096567;0.594048;10.024654;0
0.177381;0.101147;0.589016;10.024654;0
0.162178;0.106073;0.589016;10.024654;0
0.147068;0.100322;0.585746;10.024654;0
0.132617;0.094530;0.585746;10.024654;0
0.114084;0.096214;0.584248;10.024654;0
0.100228;0.106125;0.584248;10.024654;0
0.087270;0.114665;0.584502;10.024654;0
0.074445;0.106372;0.584502;10.024654;0
0.062536;0.077172;0.586465;10.024654;0
0.047593;0.036497;0.586465;10.024654;0
0.037078;0.018476;0.590066;10.024654;0
0.027293;0.005499;0.590066;10.024654;0
0.017791;0.007033;0.595216;10.024654;0
0.005981;0.037064;0.595216;10.024654;0
-0.002614;0.067910;0.601803;10.024654;0
-0.010883;0.088579;0.609704;10.024654;0
-0.018830;0.100821;0.609704;10.024654;0
-0.026572;0.112645;0.618781;10.024654;0
-0.034057;0.124817;0.618781;10.024654;0
-0.043949;0.130886;0.628884;10.024654;0
-0.051452;0.118273;0.628884;10.024654;0
-0.059038;0.102820;0.639861;10.024654;0
-0.067229;0.093378;0.639861;10.024654;0
-0.076060;0.092710;0.651550;10.024654;0
0.650515;0.079150;0.651550;10.024654;0
0.657037;0.065386;0.663787;10.024654;0
0.664097;0.054509;0.663787;10.024654;0
0.671428;0.053309;0.676411;10.024654;0
0.678741;0.062867;0.676411;10.024654;0
0.688427;0.077690;0.689273;10.024654;0
0.694925;0.086312;0.689273;10.024654;0
0.700615;0.098272;0.689273;10.024654;0
0.705305;0.115150;0.702250;10.024654;0
0.708585;0.132610;0.702250;10.024654;0
0.710319;0.142027;0.715236;10.024654;0
0.709615;0.143090;0.715236;10.024654;0
0.707121;0.149455;0.728140;10.024654;0
0.702527;0.161403;0.728140;10.024654;0
0.695790;0.175060;0.728140;10.024654;0
0.686453;0.177374;0.740891;10.024654;0
0.670582;0.176459;0.740891;10.024654;0
0.656571;0.180867;0.753432;10.024654;0
0.640301;0.187079;0.753432;10.024654;0
0.622776;0.184961;0.753432;10.024654;0
0.596634;0.177651;0.765717;10.024654;0
0.576100;0.178140;0.765717;10.024654;0
0.554123;0.184827;0.777713;10.024654;0
0.531577;0.195625;0.777713;10.024654;0
0.507282;0.203967;0.777713;10.024654;0
0.473972;0.190786;0.789400;10.024654;0
0.449387;0.179405;0.789400;10.024654;0
0.424522;0.172900;0.800763;10.024654;0
0.399930;0.173883;0.800763;10.024654;0
0.375667;0.178614;0.800763;10.024654;0
0.351936;0.169844;0.811799;10.024654;0
0.321939;0.158284;0.811799;10.024654;0
0.300467;0.160054;0.822510;10.024654;0
0.279770;0.166916;0.822510;10.024654;0
0.259974;0.166468;0.822510;10.024654;0
0.240778;0.163879;0.832901;10.024654;0
0.217158;0.171731;0.832901;10.024654;0
0.199857;0.184250;0.842986;10.024654;0
0.183855;0.195212;0.842986;10.024654;0
0.168638;0.189566;0.852775;10.024654;0
0.149649;0.176325;0.852775;10.024654;0
0.135910;0.169940;0.852775;10.024654;0
0.122785;0.171052;0.862283;10.024654;0
0.110029;0.171874;0.862283;10.024654;0
0.098009;0.156698;0.871522;10.024654;0
0.083142;0.137101;0.871522;10.024654;0
0.072582;0.130428;0.871522;10.024654;0
0.062200;0.133486;0.880501;10.024654;0
0.052350;0.140243;0.880501;10.024654;0
0.042980;0.136305;0.889225;10.024654;0
0.030969;0.124006;0.889225;10.024654;0
0.022040;0.126222;0.897693;10.024654;0
0.013198;0.137244;0.897693;10.024654;0
0.004640;0.145326;0.897693;10.024654;0
-0.003555;0.135667;0.905898;10.024654;0
-0.014604;0.120642;0.905898;10.024654;0
-0.022866;0.116926;0.913821;10.024654;0
-0.031336;0.125421;0.913821;10.024654;0
-0.039820;0.135279;0.921436;10.024654;0
-0.048311;0.125074;0.921436;10.024654;0
-0.059850;0.106327;0.921436;10.024654;0
-0.068983;0.099222;0.928704;10.024654;0
-0.078967;0.100694;0.928704;10.024654;0
-0.089956;0.102670;0.935575;10.024654;0
0.086582;0.075448;0.935575;10.024654;0
0.087938;0.050758;0.935575;10.024654;0
0.089932;0.035792;0.941990;10.024654;0
0.092800;0.031506;0.941990;10.024654;0
0.096466;0.025354;0.947877;10.024654;0
0.100757;0.021226;0.947877;10.024654;0
0.107260;0.035229;0.947877;10.024654;0
0.112463;0.057822;0.953162;10.024654;0
0.117740;0.086945;0.953162;10.024654;0
0.123019;0.101048;0.957767;10.024654;0
0.129712;0.104164;0.957767;10.024654;0
0.134717;0.105026;0.957767;10.024654;0
0.139223;0.110286;0.961618;10.024654;0
0.143095;0.106787;0.961618;10.024654;0
0.146547;0.096403;0.961618;10.024654;0
0.149331;0.093026;0.964643;10.024654;0
0.151865;0.096212;0.964643;10.024654;0
0.152977;0.092042;0.966781;10.024654;0
0.153335;0.088194;0.966781;10.024654;0
0.152909;0.092690;0.966781;10.024654;0
0.151114;0.104620;0.967978;10.024654;0
0.148901;0.103766;0.967978;10.024654;0
0.146086;0.104936;0.967978;10.024654;0
0.142558;0.109629;0.968195;10.024654;0
0.138400;0.120709;0.968195;10.024654;0
0.131987;0.135212;0.968195;10.024654;0
0.126676;0.130061;0.967403;10.024654;0
0.121138;0.119085;0.967403;10.024654;0
0.115200;0.112609;0.965591;10.024654;0
0.108658;0.115826;0.965591;10.024654;0
0.102264;0.118912;0.965591;10.024654;0
0.093831;0.113877;0.962762;10.024654;0
0.087231;0.115098;0.962762;10.024654;0
0.080556;0.123563;0.962762;10.024654;0
0.073927;0.123313;0.958939;10.024654;0
0.067421;0.115288;0.958939;10.024654;0
0.061316;0.112442;0.954158;10.024654;0
0.052780;0.123308;0.954158;10.024654;0
0.046482;0.133499;0.954158;10.024654;0
0.040493;0.127252;0.948476;10.024654;0
0.034541;0.117075;0.948476;10.024654;0
0.028802;0.110464;0.948476;10.024654;0
0.021253;0.113881;0.941966;10.024654;0
0.015912;0.111086;0.941966;10.024654;0
0.010544;0.103827;0.934717;10.024654;0
0.005359;0.101611;0.934717;10.024654;0
0.000034;0.109900;0.934717;10.024654;0
-0.005140;0.122777;0.926836;10.024654;0
-0.011678;0.114418;0.926836;10.024654;0
-0.016378;0.105226;0.918442;10.024654;0
-0.021152;0.103397;0.918442;10.024654;0
-0.026011;0.108704;0.918442;10.024654;0
-0.032253;0.116963;0.909667;10.024654;0
-0.036855;0.108328;0.909667;10.024654;0
-0.041443;0.098241;0.900652;10.024654;0
-0.046055;0.093648;0.900652;10.024654;0
-0.050698;0.096852;0.900652;10.024654;0
-0.056884;0.097488;0.891546;10.024654;0
-0.061524;0.081891;0.891546;10.024654;0
-0.066057;0.069445;0.882497;10.024654;0
-0.070851;0.065095;0.882497;10.024654;0
-0.075668;0.069527;0.873651;10.024654;0
-0.082306;0.062020;0.873651;10.024654;0
-0.087559;0.051654;0.873651;10.024654;0
-0.093415;0.048040;0.865144;10.024654;0
-0.100546;0.052718;0.865144;10.024654;0
-0.109482;0.056996;0.857099;10.024654;0
-0.675343;0.042846;0.857099;10.024654;0
-0.682525;0.006835;0.857099;10.024654;0
-0.690456;-0.041952;0.849613;10.024654;0
-0.699789;-0.080315;0.849613;10.024654;0
-0.714564;-0.109321;0.842758;10.024654;0
-0.726886;-0.114146;0.842758;10.024654;0
-0.739606;-0.098301;0.842758;10.024654;0
-0.752470;-0.065646;0.836575;10.024654;0
-0.765030;-0.023803;0.836575;10.024654;0
-0.780913;0.025670;0.836575;10.024654;0
-0.792037;0.043470;0.831076;10.024654;0
-0.802344;0.053907;0.831076;10.024654;0
-0.811817;0.062224;0.831076;10.024654;0
-0.819887;0.071086;0.826248;10.024654;0
-0.828285;0.082770;0.826248;10.024654;0
-0.832410;0.083747;0.826248;10.024654;0
-0.834695;0.085745;0.822053;10.024654;0
-0.834893;0.091229;0.822053;10.024654;0
-0.832875;0.102451;0.822053;10.024654;0
-0.826660;0.112813;0.818430;10.024654;0
-0.819192;0.093278;0.818430;10.024654;0
-0.809700;0.064272;0.818430;10.024654;0
-0.798839;0.044035;0.818430;10.024654;0
-0.786000;0.041927;0.815302;10.024654;0
-0.767014;0.060027;0.815302;10.024654;0
-0.749338;0.075418;0.815302;10.024654;0
-0.730923;0.095351;0.812579;10.024654;0
-0.710966;0.119296;0.812579;10.024654;0
-0.689496;0.144161;0.812579;10.024654;0
-0.658024;0.176746;0.810160;10.024654;0
-0.632608;0.187092;0.810160;10.024654;0
-0.606489;0.184658;0.810160;10.024654;0
-0.579690;0.178954;0.810160;10.024654;0
-0.552506;0.174970;0.807938;10.024654;0
-0.515775;0.171987;0.807938;10.024654;0
-0.487325;0.161079;0.807938;10.024654;0
-0.460160;0.152707;0.805802;10.024654;0
-0.431035;0.150697;0.805802;10.024654;0
-0.405238;0.156259;0.805802;10.024654;0
-0.378987;0.158450;0.803644;10.024654;0
-0.353877;0.151633;0.803644;10.024654;0
-0.321566;0.145572;0.803644;10.024654;0
-0.298448;0.148398;0.801357;10.024654;0
-0.276167;0.152445;0.801357;10.024654;0
-0.254449;0.144696;0.801357;10.024654;0
-0.228556;0.134212;0.798843;10.024654;0
-0.209253;0.132085;0.798843;10.024654;0
-0.191240;0.137467;0.798843;10.024654;0
-0.174109;0.137506;0.798843;10.024654;0
-0.157933;0.128187;0.796008;10.024654;0
-0.138240;0.118637;0.796008;10.024654;0
-0.124108;0.118711;0.796008;10.024654;0
-0.110497;0.118319;0.792772;10.024654;0
-0.097627;0.106923;0.792772;10.024654;0
-0.082277;0.089343;0.789062;10.024654;0
-0.070909;0.082647;0.789062;10.024654;0
-0.060344;0.087172;0.789062;10.024654;0
-0.050450;0.095564;0.784823;10.024654;0
-0.040815;0.095026;0.784823;10.024654;0
-0.031663;0.089994;0.784823;10.024654;0
-0.020268;0.090882;0.780008;10.024654;0
-0.012030;0.098685;0.780008;10.024654;0
-0.004230;0.103282;0.780008;10.024654;0
0.003414;0.094038;0.774588;10.024654;0
0.010672;0.086388;0.774588;10.024654;0
0.017831;0.085113;0.774588;10.024654;0
0.027036;0.073338;0.768549;10.024654;0
0.033556;0.067796;0.768549;10.024654;0
0.039857;0.070175;0.768549;10.024654;0
0.045857;0.078325;0.761891;10.024654;0
0.053653;0.089920;0.761891;10.024654;0
0.059722;0.085417;0.754634;10.024654;0
0.065777;0.080159;0.754634;10.024654;0
0.072198;0.081499;0.754634;10.024654;0
0.078883;0.088713;0.746813;10.024654;0
0.089565;0.093200;0.746813;10.024654;0
0.098987;0.082028;0.738487;10.024654;0
-0.371502;0.083959;0.738487;10.024654;0
-0.376470;0.079351;0.738487;10.024654;0
-0.383074;0.084203;0.729730;10.024654;0
-0.387816;0.089465;0.729730;10.024654;0
-0.392277;0.084683;0.729730;10.024654;0
-0.396141;0.081899;0.720634;10.024654;0
-0.400361;0.091229;0.720634;10.024654;0
-0.402543;0.106730;0.711300;10.024654;0
-0.403508;0.120565;0.711300;10.024654;0
-0.403145;0.121780;0.711300;10.024654;0
-0.401481;0.121773;0.701835;10.024654;0
-0.398510;0.127446;0.701835;10.024654;0
-0.392205;0.141466;0.692359;10.024654;0
-0.385545;0.143654;0.692359;10.024654;0
-0.377558;0.147563;0.682996;10.024654;0
-0.368182;0.155513;0.682996;10.024654;0
-0.354065;0.166294;0.682996;10.024654;0
-0.341119;0.160925;0.673883;10.024654;0
-0.327589;0.155424;0.673883;10.024654;0
-0.313460;0.154049;0.665158;10.024654;0
-0.298302;0.160490;0.665158;10.024654;0
-0.277162;0.161163;0.656970;10.024654;0
-0.260037;0.150487;0.656970;10.024654;0
-0.243254;0.145381;0.649469;10.024654;0
-0.226309;0.149415;0.649469;10.024654;0
-0.209244;0.158716;0.642807;10.024654;0
-0.186080;0.154146;0.642807;10.024654;0
-0.168952;0.146874;0.637133;10.024654;0
-0.152412;0.144036;0.637133;10.024654;0
-0.136464;0.148419;0.632590;10.024654;0
-0.120243;0.154766;0.632590;10.024654;0
-0.100110;0.140796;0.629307;10.024654;0
-0.085258;0.126798;0.629307;10.024654;0
-0.070635;0.120240;0.627399;10.024654;0
-0.056693;0.124543;0.626958;10.024654;0
-0.042871;0.135339;0.626958;10.024654;0
-0.024938;0.146890;0.628045;10.024654;0
-0.011921;0.136773;0.630691;10.024654;0
0.000562;0.123781;0.630691;10.024654;0
0.012845;0.117295;0.634891;10.024654;0
0.025010;0.113581;0.634891;10.024654;0
0.037293;0.095813;0.640598;10.024654;0
0.053743;0.078134;0.647728;10.024654;0
0.066283;0.080715;0.647728;10.024654;0
0.078901;0.093189;0.656157;10.024654;0
0.091997;0.106257;0.665720;10.024654;0
0.105770;0.101506;0.665720;10.024654;0
0.126136;0.086757;0.676221;10.024654;0
0.143304;0.080558;0.676221;10.024654;0
0.162539;0.076180;0.687426;10.024654;0
0.185277;0.063266;0.699076;10.024654;0
-0.782359;0.043542;0.699076;10.024654;0
-0.797687;0.031638;0.710886;10.024654;0
-0.810736;0.031963;0.710886;10.024654;0
-0.825226;0.036085;0.722568;10.024654;0
-0.840589;0.035070;0.722568;10.024654;0
-0.856738;0.039229;0.733852;10.024654;0
-0.873058;0.051070;0.733852;10.024654;0
-0.894857;0.072254;0.744488;10.024654;0
-0.910548;0.079853;0.744488;10.024654;0
-0.925943;0.087824;0.744488;10.024654;0
-0.940437;0.096577;0.754251;10.024654;0
-0.953314;0.095385;0.754251;10.024654;0
-0.968349;0.094863;0.762938;10.024654;0
-0.978163;0.101387;0.762938;10.024654;0
-0.986011;0.113506;0.762938;10.024654;0
-0.991607;0.122287;0.770373;10.024654;0
-0.994848;0.124474;0.770373;10.024654;0
-0.995560;0.126783;0.776406;10.024654;0
-0.993413;0.134254;0.776406;10.024654;0
-0.988860;0.145067;0.776406;10.024654;0
-0.981855;0.152986;0.780913;10.024654;0
-0.972447;0.148479;0.780913;10.024654;0
-0.956533;0.139655;0.780913;10.024654;0
-0.942628;0.137978;0.780913;10.024654;0
-0.927047;0.141695;0.780913;10.024654;0
-0.909390;0.145586;0.783795;10.024654;0
-0.890693;0.140035;0.783795;10.024654;0
-0.864062;0.136011;0.783795;10.024654;0
-0.842373;0.140594;0.784978;10.024654;0
-0.819207;0.152739;0.784978;10.024654;0
-0.795262;0.161260;0.784978;10.024654;0
-0.769876;0.163139;0.784413;10.024654;0
-0.735880;0.166276;0.784413;10.024654;0
-0.709077;0.171740;0.784413;10.024654;0
-0.682271;0.174831;0.782077;10.024654;0
-0.655167;0.164969;0.782077;10.024654;0
-0.628213;0.152001;0.782077;10.024654;0
-0.593121;0.142980;0.777971;10.024654;0
-0.566970;0.142129;0.777971;10.024654;0
-0.541654;0.137510;0.777971;10.024654;0
-0.516461;0.131044;0.772121;10.024654;0
-0.483769;0.133365;0.772121;10.024654;0
-0.460914;0.144596;0.772121;10.024654;0
-0.437757;0.159852;0.764576;10.024654;0
-0.415123;0.171863;0.764576;10.024654;0
-0.386177;0.162402;0.764576;10.024654;0
-0.365272;0.150760;0.755412;10.024654;0
-0.345274;0.143388;0.755412;10.024654;0
-0.326133;0.141528;0.755412;10.024654;0
-0.307799;0.136600;0.744728;10.024654;0
-0.284728;0.119187;0.744728;10.024654;0
-0.268607;0.112776;0.732648;10.024654;0
-0.253325;0.115953;0.732648;10.024654;0
-0.238806;0.121490;0.719322;10.024654;0
-0.220631;0.112504;0.719322;10.024654;0
-0.208032;0.104260;0.719322;10.024654;0
-0.195998;0.100601;0.704924;10.024654;0
-0.184676;0.104494;0.704924;10.024654;0
-0.174352;0.108156;0.704924;10.024654;0
-0.161769;0.071537;0.689654;10.024654;0
-0.152955;0.032953;0.689654;10.024654;0
-0.145063;0.008813;0.689654;10.024654;0
-0.137803;0.009428;0.673737;10.024654;0
-0.131123;0.029219;0.673737;10.024654;0
-0.123451;0.053282;0.657420;10.024654;0
-0.118431;0.077917;0.657420;10.024654;0
-0.114475;0.108329;0.657420;10.024654;0
-0.111945;0.139725;0.640972;10.024654;0
-0.111104;0.160178;0.640972;10.024654;0
-0.333715;0.150218;0.624683;10.024654;0
-0.331228;0.143222;0.624683;10.024654;0
