-0.289244;0.102648;0.627847;10.024654;0
-0.281413;0.093119;0.633690;10.024654;0
-0.272954;0.078500;0.633690;10.024654;0
-0.264122;0.062878;0.639025;10.024654;0
-0.251294;0.040493;0.639025;10.024654;0
-0.241438;0.038118;0.639025;10.024654;0
-0.231245;0.050948;0.643847;10.024654;0
-0.220538;0.070354;0.643847;10.024654;0
-0.209770;0.079649;0.648174;10.024654;0
-0.195145;0.092132;0.648174;10.024654;0
-0.184139;0.106231;0.652043;10.024654;0
-0.173092;0.122652;0.652043;10.024654;0
-0.161995;0.131421;0.655516;10.024654;0
-0.150186;0.120728;0.655516;10.024654;0
-0.136727;0.105032;0.658678;10.024654;0
-0.126267;0.101455;0.658678;10.024654;0
-0.115896;0.101964;0.661636;10.024654;0
-0.106030;0.092440;0.661636;10.024654;0
-0.093589;0.080896;0.661636;10.024654;0
-0.084631;0.081092;0.664519;10.024654;0
-0.075900;0.089711;0.664519;10.024654;0
-0.067805;0.103134;0.667474;10.024654;0
-0.057530;0.103904;0.667474;10.024654;0
-0.049798;0.099606;0.670663;10.024654;0
-0.042696;0.097863;0.670663;10.024654;0
-0.035802;0.100401;0.674261;10.024654;0
-0.029305;0.096609;0.674261;10.024654;0
-0.023099;0.087186;0.678445;10.024654;0
-0.015264;0.079734;0.678445;10.024654;0
-0.009644;0.082637;0.683392;10.024654;0
-0.004341;0.086090;0.683392;10.024654;0
0.000846;0.078632;0.689269;10.024654;0
0.005630;0.071748;0.689269;10.024654;0
0.011739;0.074538;0.696223;10.024654;0
0.016178;0.077592;0.696223;10.024654;0
0.020525;0.069717;0.704372;10.024654;0
0.024678;0.062215;0.704372;10.024654;0
0.028568;0.063644;0.713801;10.024654;0
0.033579;0.074003;0.713801;10.024654;0
0.037134;0.073333;0.724547;10.024654;0
0.040574;0.074415;0.724547;10.024654;0
0.043958;0.080012;0.736599;10.024654;0
0.047432;0.088749;0.736599;10.024654;0
0.052534;0.085189;0.736599;10.024654;0
0.057051;0.081215;0.749890;10.024654;0
0.062459;0.081997;0.749890;10.024654;0
0.069306;0.087290;0.764294;10.024654;0
-1.000000;0.079809;0.764294;10.024654;0
-1.000000;0.082223;0.779629;10.024654;0
-1.000000;0.087688;0.779629;10.024654;0
-1.000000;0.097876;0.779629;10.024654;0
-1.000000;0.107954;0.795675;10.024654;0
-1.000000;0.107288;0.795675;10.024654;0
-1.000000;0.105025;0.812197;10.024654;0
-1.000000;0.106356;0.812197;10.024654;0
-1.000000;0.112011;0.812197;10.024654;0
-1.000000;0.123988;0.828962;10.024654;0
-1.000000;0.127069;0.828962;10.024654;0
-1.000000;0.126549;0.828962;10.024654;0
-1.000000;0.128420;0.845741;10.024654;0
-1.000000;0.134218;0.845741;10.024654;0
-1.000000;0.143758;0.845741;10.024654;0
-1.000000;0.142685;0.862316;10.024654;0
-1.000000;0.140483;0.862316;10.024654;0
-0.979010;0.142184;0.862316;10.024654;0
-0.960339;0.147678;0.862316;10.024654;0
-0.940024;0.155536;0.878487;10.024654;0
-0.919123;0.161543;0.878487;10.024654;0
-0.896464;0.155587;0.878487;10.024654;0
-0.873414;0.146168;0.894071;10.024654;0
-0.842261;0.138213;0.894071;10.024654;0
-0.817861;0.139835;0.894071;10.024654;0
-0.792999;0.139820;0.894071;10.024654;0
-0.767858;0.135755;0.908905;10.024654;0
-0.743108;0.133773;0.908905;10.024654;0
-0.710453;0.138494;0.908905;10.024654;0
-0.685296;0.144863;0.922852;10.024654;0
-0.661426;0.144843;0.922852;10.024654;0
-0.636425;0.143083;0.922852;10.024654;0
-0.611744;0.145397;0.922852;10.024654;0
-0.579758;0.154518;0.935794;10.024654;0
-0.556583;0.161152;0.935794;10.024654;0
-0.532824;0.157437;0.935794;10.024654;0
-0.509557;0.151672;0.947638;10.024654;0
-0.486856;0.150546;0.947638;10.024654;0
-0.458110;0.149379;0.947638;10.024654;0
-0.436223;0.137923;0.947638;10.024654;0
-0.415799;0.129423;0.958313;10.024654;0
-0.396042;0.127792;0.958313;10.024654;0
-0.376551;0.131482;0.958313;10.024654;0
-0.357942;0.134373;0.967770;10.024654;0
-0.334217;0.123492;0.967770;10.024654;0
-0.316718;0.116291;0.967770;10.024654;0
-0.299859;0.114139;0.967770;10.024654;0
-0.283559;0.115409;0.975981;10.024654;0
-0.268088;0.108939;0.975981;10.024654;0
-0.248526;0.103274;0.975981;10.024654;0
-0.234315;0.107273;0.982938;10.024654;0
-0.220289;0.116731;0.982938;10.024654;0
-0.207128;0.116342;0.982938;10.024654;0
-0.190338;0.101675;0.982938;10.024654;0
-0.177798;0.091060;0.988652;10.024654;0
-0.165920;0.086767;0.988652;10.024654;0
-0.154211;0.087780;0.988652;10.024654;0
-0.142903;0.080786;0.988652;10.024654;0
-0.130898;0.072465;0.993149;10.024654;0
-0.118298;0.069873;0.993149;10.024654;0
-0.108428;0.077661;0.993149;10.024654;0
-0.098808;0.086711;0.996471;10.024654;0
-0.089462;0.083282;0.996471;10.024654;0
-0.077395;0.080479;0.996471;10.024654;0
-0.068526;0.078078;0.996471;10.024654;0
-0.060053;0.058076;0.998675;10.024654;0
-0.052177;0.030730;0.998675;10.024654;0
-0.044211;0.004530;0.998675;10.024654;0
-0.034549;-0.005031;0.998675;10.024654;0
-0.027392;0.010527;0.998675;10.024654;0
-0.020494;0.033474;0.998675;10.024654;0
-0.013896;0.049313;0.998675;10.024654;0
-0.007728;0.064006;0.999826;10.024654;0
-0.000020;0.087308;0.999826;10.024654;0
0.005524;0.109080;0.999826;10.024654;0
0.010870;0.124818;0.999826;10.024654;0
0.016014;0.121176;1.000000;10.024654;0
0.021042;0.113067;1.000000;10.024654;0
0.027302;0.108104;1.000000;10.024654;0
0.031777;0.109598;0.999278;10.024654;0
0.036060;0.102720;0.999278;10.024654;0
0.040004;0.089350;0.999278;10.024654;0
0.043874;0.077855;0.999278;10.024654;0
0.048648;0.072648;0.997747;10.024654;0
0.052034;0.068196;0.997747;10.024654;0
0.055464;0.055852;0.997747;10.024654;0
0.058794;0.046816;0.992609;10.024654;0
0.062238;0.048042;0.992609;10.024654;0
0.067128;0.055222;0.992609;10.024654;0
0.071466;0.048673;0.992609;10.024654;0
-0.025633;0.061035;0.989178;10.024654;0
-0.027400;0.058902;0.989178;10.024654;0
-0.029338;0.062325;0.989178;10.024654;0
-0.031935;0.069682;0.985271;10.024654;0
-0.033905;0.064825;0.985271;10.024654;0
-0.035886;0.060350;0.985271;10.024654;0
-0.037817;0.065109;0.985271;10.024654;0
-0.039678;0.080806;0.980931;10.024654;0
-0.041412;0.099335;0.980931;10.024654;0
-0.043261;0.106374;0.980931;10.024654;0
-0.044458;0.104133;0.976177;10.024654;0
-0.045513;0.106917;0.976177;10.024654;0
-0.046444;0.118588;0.976177;10.024654;0
-0.047141;0.125237;0.976177;10.024654;0
-0.047802;0.122204;0.971009;10.024654;0
-0.048165;0.124527;0.971009;10.024654;0
-0.048450;0.133470;0.971009;10.024654;0
-0.048664;0.148557;0.965413;10.024654;0
-0.048708;0.152477;0.965413;10.024654;0
-0.048651;0.148672;0.965413;10.024654;0
-0.048514;0.143983;0.959372;10.024654;0
-0.048403;0.148038;0.959372;10.024654;0
-0.048303;0.159463;0.959372;10.024654;0
-0.048167;0.169346;0.959372;10.024654;0
-0.047924;0.161978;0.952867;10.024654;0
-0.047599;0.145678;0.952867;10.024654;0
-0.047397;0.143564;0.952867;10.024654;0
-0.047211;0.146762;0.945888;10.024654;0
-0.046929;0.141088;0.945888;10.024654;0
-0.046619;0.128782;0.945888;10.024654;0
-0.046502;0.126907;0.938431;10.024654;0
-0.046504;0.133871;0.938431;10.024654;0
-0.046573;0.144679;0.938431;10.024654;0
-0.046664;0.144366;0.930512;10.024654;0
-0.046823;0.144329;0.930512;10.024654;0
-0.047081;0.149121;0.930512;10.024654;0
-0.047427;0.158683;0.922162;10.024654;0
-0.047814;0.166948;0.922162;10.024654;0
-0.048246;0.151495;0.922162;10.024654;0
-0.048616;0.137904;0.913438;10.024654;0
-0.049049;0.134115;0.913438;10.024654;0
-0.049576;0.140558;0.954158;10.024654;0
-0.050167;0.152375;0.954158;10.024654;0
-0.050842;0.151030;0.954158;10.024654;0
-0.051325;0.142969;0.948476;10.024654;0
-0.051891;0.139859;0.948476;10.024654;0
-0.052538;0.142630;0.948476;10.024654;0
-0.053226;0.147206;0.948476;10.024654;0
-0.054126;0.134389;0.885928;10.024654;0
-0.054875;0.125938;0.885928;10.024654;0
-0.055730;0.124028;0.876744;10.024654;0
-0.056657;0.125154;0.876744;10.024654;0
-0.057578;0.112894;0.876744;10.024654;0
-0.058888;0.099107;0.867827;10.024654;0
-0.060035;0.100098;0.867827;10.024654;0
-0.061293;0.109745;0.859369;10.024654;0
-0.062674;0.121423;0.859369;10.024654;0
-0.063960;0.119015;0.851575;10.024654;0
-0.065914;0.107202;0.851575;10.024654;0
-0.067615;0.105416;0.844652;10.024654;0
-0.069500;0.111124;0.844652;10.024654;0
-0.071552;0.121622;0.838798;10.024654;0
-0.074568;0.121847;0.838798;10.024654;0
-0.077225;0.111376;0.834197;10.024654;0
-0.080332;0.102565;0.834197;10.024654;0
-0.084008;0.102811;0.830997;10.024654;0
-0.088299;0.107195;0.830997;10.024654;0
-0.093525;0.098594;0.829305;10.024654;0
-0.102604;0.086343;0.829305;10.024654;0
0.545469;0.045670;0.829168;10.024654;0
0.558267;0.040324;0.829168;10.024654;0
0.571324;0.022497;0.830567;10.024654;0
0.589274;0.008600;0.830567;10.024654;0
0.603561;0.014016;0.833414;10.024654;0
0.618255;0.032588;0.833414;10.024654;0
0.632816;0.048545;0.837576;10.024654;0
0.646999;0.057599;0.837576;10.024654;0
0.660396;0.069553;0.842878;10.024654;0
0.677361;0.092058;0.842878;10.024654;0
0.688596;0.099880;0.849114;10.024654;0
0.698789;0.100286;0.849114;10.024654;0
0.707671;0.101958;0.856056;10.024654;0
0.714863;0.107372;0.856056;10.024654;0
0.722294;0.124784;0.856056;10.024654;0
0.725770;0.137045;0.863464;10.024654;0
0.727215;0.135435;0.871093;10.024654;0
0.726839;0.129455;0.871093;10.024654;0
0.724761;0.127053;0.878701;10.024654;0
0.719444;0.134900;0.878701;10.024654;0
0.713296;0.139086;0.878701;10.024654;0
0.705583;0.132578;0.886055;10.024654;0
0.696718;0.128272;0.886055;10.024654;0
0.686242;0.130747;0.892937;10.024654;0
0.670950;0.144477;0.892937;10.024654;0
0.658021;0.157365;0.892937;10.024654;0
0.643365;0.158290;0.899145;10.024654;0
0.628362;0.157250;0.899145;10.024654;0
0.606780;0.161907;0.899145;10.024654;0
0.589920;0.173491;0.904501;10.024654;0
0.572378;0.184159;0.904501;10.024654;0
0.554246;0.180859;0.908849;10.024654;0
0.535935;0.176345;0.908849;10.024654;0
0.511294;0.176701;0.908849;10.024654;0
0.492496;0.174702;0.912057;10.024654;0
0.474203;0.160546;0.912057;10.024654;0
0.456661;0.147666;0.912057;10.024654;0
0.433740;0.142690;0.914019;10.024654;0
0.417153;0.151231;0.914019;10.024654;0
0.400597;0.163803;0.914657;10.024654;0
0.384430;0.164045;0.914657;10.024654;0
0.368500;0.163988;0.914657;10.024654;0
0.353075;0.167224;0.913918;10.024654;0
0.332744;0.181320;0.913918;10.024654;0
0.318152;0.188219;0.911777;10.024654;0
0.304607;0.179783;0.911777;10.024654;0
0.291494;0.168637;0.911777;10.024654;0
0.279260;0.164651;0.908235;10.024654;0
0.264199;0.163033;0.908235;10.024654;0
0.253267;0.147116;0.903322;10.024654;0
0.243128;0.131706;0.903322;10.024654;0
0.233874;0.122752;0.903322;10.024654;0
0.225263;0.121298;0.897094;10.024654;0
0.214634;0.132280;0.897094;10.024654;0
0.207270;0.137630;0.889636;10.024654;0
0.200723;0.122970;0.889636;10.024654;0
0.195117;0.107480;0.889636;10.024654;0
0.190186;0.100305;0.881061;10.024654;0
0.186083;0.097100;0.881061;10.024654;0
0.182358;0.073399;0.871511;10.024654;0
0.181037;0.058638;0.871511;10.024654;0
0.181171;0.052904;0.871511;10.024654;0
0.183245;0.050990;0.861155;10.024654;0
0.188153;0.037710;0.861155;10.024654;0
0.481047;0.079540;0.850192;10.024654;0
0.474714;0.070445;0.850192;10.024654;0
0.470612;0.073480;0.838841;10.024654;0
0.467126;0.078165;0.838841;10.024654;0
0.464228;0.073154;0.838841;10.024654;0
0.461846;0.072373;0.827310;10.024654;0
0.459387;0.087025;0.827310;10.024654;0
0.457726;0.108457;0.815799;10.024654;0
0.456078;0.119958;0.815799;10.024654;0
0.454325;0.094373;0.815799;10.024654;0
0.453038;0.054814;0.804494;10.024654;0
0.451690;0.025767;0.804494;10.024654;0
0.450314;0.023803;0.793568;10.024654;0
0.448550;0.027124;0.793568;10.024654;0
0.446107;0.040428;0.793568;10.024654;0
0.442944;0.067036;0.783182;10.024654;0
0.438985;0.103741;0.783182;10.024654;0
0.432281;0.150629;0.773478;10.024654;0
0.425910;0.168535;0.773478;10.024654;0
0.418715;0.176958;0.764587;10.024654;0
0.410424;0.185215;0.764587;10.024654;0
0.401018;0.193647;0.764587;10.024654;0
0.387666;0.204427;0.756619;10.024654;0
0.376483;0.199466;0.756619;10.024654;0
0.365235;0.183712;0.749669;10.024654;0
0.349242;0.163335;0.749669;10.024654;0
0.336668;0.155138;0.743810;10.024654;0
0.324409;0.148967;0.743810;10.024654;0
0.311983;0.133074;0.739098;10.024654;0
0.300149;0.122543;0.739098;10.024654;0
0.284851;0.122902;0.735564;10.024654;0
0.272446;0.139224;0.735564;10.024654;0
0.260582;0.154562;0.735564;10.024654;0
0.249144;0.154476;0.733223;10.024654;0
0.237793;0.153131;0.733223;10.024654;0
0.226907;0.157342;0.732066;10.024654;0
0.212944;0.161530;0.732066;10.024654;0
0.202863;0.147696;0.732062;10.024654;0
0.193086;0.131782;0.732062;10.024654;0
0.183768;0.123387;0.733161;10.024654;0
0.174840;0.126306;0.733161;10.024654;0
0.163832;0.131222;0.735294;10.024654;0
0.155943;0.117164;0.735294;10.024654;0
0.148812;0.103800;0.738372;10.024654;0
0.141825;0.100575;0.738372;10.024654;0
0.135292;0.108516;0.742290;10.024654;0
0.127025;0.114149;0.742290;10.024654;0
0.121355;0.108175;0.746928;10.024654;0
0.115972;0.104747;0.746928;10.024654;0
0.111036;0.106385;0.752149;10.024654;0
0.106442;0.114536;0.752149;10.024654;0
0.102383;0.114560;0.757806;10.024654;0
0.097862;0.097716;0.757806;10.024654;0
0.095195;0.091435;0.763741;10.024654;0
0.093212;0.095699;0.763741;10.024654;0
0.092244;0.105650;0.769787;10.024654;0
0.650290;0.117452;0.769787;10.024654;0
0.651398;0.094399;0.775768;10.024654;0
0.652695;0.077574;0.775768;10.024654;0
0.654307;0.069401;0.781513;10.024654;0
0.656167;0.073350;0.781513;10.024654;0
0.657943;0.077659;0.786872;10.024654;0
0.660075;0.080544;0.786872;10.024654;0
0.661200;0.089655;0.791724;10.024654;0
0.661650;0.105592;0.791724;10.024654;0
0.661192;0.124715;0.795970;10.024654;0
0.658748;0.138970;0.795970;10.024654;0
0.655288;0.139086;0.795970;10.024654;0
0.650536;0.139823;0.799541;10.024654;0
0.644563;0.146998;0.799541;10.024654;0
0.636711;0.154343;0.802392;10.024654;0
0.627266;0.148601;0.802392;10.024654;0
0.612503;0.143249;0.804500;10.024654;0
0.599790;0.142202;0.804500;10.024654;0
0.585147;0.130854;0.804500;10.024654;0
0.570129;0.119859;0.805870;10.024654;0
0.547796;0.117425;0.805870;10.024654;0
0.529831;0.128102;0.806527;10.024654;0
0.510322;0.145760;0.806527;10.024654;0
0.488543;0.150865;0.806527;10.024654;0
0.465904;0.147174;0.806521;10.024654;0
0.440655;0.138596;0.806521;10.024654;0
0.413206;0.137442;0.805923;10.024654;0
0.389741;0.146471;0.805923;10.024654;0
0.366303;0.163128;0.805923;10.024654;0
0.342529;0.178865;0.804825;10.024654;0
0.318268;0.176087;0.804825;10.024654;0
0.286694;0.163765;0.803337;10.024654;0
0.263058;0.159285;0.803337;10.024654;0
0.240127;0.162941;0.801586;10.024654;0
0.217923;0.168859;0.801586;10.024654;0
0.195527;0.158599;0.801586;10.024654;0
0.167184;0.139304;0.799716;10.024654;0
0.146051;0.132144;0.799716;10.024654;0
0.125855;0.136463;0.797877;10.024654;0
0.106613;0.140304;0.797877;10.024654;0
0.088160;0.129731;0.796230;10.024654;0
0.070091;0.117690;0.796230;10.024654;0
0.047174;0.114474;0.794933;10.024654;0
0.030670;0.114797;0.794933;10.024654;0
0.015110;0.100460;0.794143;10.024654;0
-0.000501;0.083520;0.794143;10.024654;0
-0.019975;0.073334;0.794004;10.024654;0
-0.034936;0.079699;0.794004;10.024654;0
-0.049701;0.090912;0.794643;10.024654;0
-0.063971;0.088551;0.794643;10.024654;0
-0.078453;0.082149;0.796159;10.024654;0
-0.097456;0.081414;0.796159;10.024654;0
-0.112158;0.090169;0.798622;10.024654;0
-0.127506;0.097273;0.798622;10.024654;0
-0.143392;0.088276;0.802059;10.024654;0
-0.160079;0.073815;0.802059;10.024654;0
-0.180514;0.064897;0.806454;10.024654;0
-0.201982;0.062108;0.806454;10.024654;0
-0.227375;0.067025;0.811739;10.024654;0
0.772904;0.041148;0.811739;10.024654;0
0.785789;0.024111;0.811739;10.024654;0
0.799672;0.005727;0.817799;10.024654;0
0.815360;-0.004149;0.817799;10.024654;0
0.836910;0.003011;0.824478;10.024654;0
0.855051;0.013004;0.824478;10.024654;0
0.872465;0.017510;0.831589;10.024654;0
0.890012;0.024581;0.831589;10.024654;0
0.906419;0.037008;0.831589;10.024654;0
0.927191;0.061594;0.838927;10.024654;0
0.941794;0.076830;0.838927;10.024654;0
0.954394;0.079745;0.846276;10.024654;0
0.965872;0.080918;0.846276;10.024654;0
0.975607;0.086756;0.846276;10.024654;0
0.985162;0.097653;0.853418;10.024654;0
0.990057;0.098527;0.853418;10.024654;0
0.992679;0.099789;0.853418;10.024654;0
0.993205;0.105918;0.860138;10.024654;0
0.991429;0.116032;0.860138;10.024654;0
0.985315;0.120295;0.860138;10.024654;0
0.978356;0.117355;0.866230;10.024654;0
0.969152;0.116554;0.866230;10.024654;0
0.957778;0.120858;0.866230;10.024654;0
0.939966;0.131337;0.871505;10.024654;0
0.924833;0.132603;0.871505;10.024654;0
0.907848;0.136890;0.871505;10.024654;0
0.888954;0.145040;0.871505;10.024654;0
0.861518;0.154306;0.871505;10.024654;0
0.839488;0.150878;0.871505;10.024654;0
0.816463;0.146856;0.875787;10.024654;0
0.791696;0.145642;0.875787;10.024654;0
0.759241;0.153150;0.875787;10.024654;0
0.733072;0.159626;0.878921;10.024654;0
0.706265;0.155086;0.878921;10.024654;0
0.679202;0.148231;0.878921;10.024654;0
0.642781;0.145008;0.878921;10.024654;0
0.615016;0.150777;0.880776;10.024654;0
0.587677;0.152548;0.880776;10.024654;0
0.560523;0.149910;0.880776;10.024654;0
0.533644;0.150423;0.881241;10.024654;0
0.499032;0.159047;0.881241;10.024654;0
0.473793;0.157205;0.881241;10.024654;0
0.447760;0.149308;0.881241;10.024654;0
0.422843;0.144750;0.880229;10.024654;0
0.390874;0.147300;0.880229;10.024654;0
0.367377;0.153989;0.880229;10.024654;0
0.344955;0.151085;0.877676;10.024654;0
0.319917;0.138727;0.877676;10.024654;0
0.298980;0.126627;0.877676;10.024654;0
0.278562;0.120147;0.873544;10.024654;0
0.253253;0.124017;0.873544;10.024654;0
0.234654;0.127773;0.873544;10.024654;0
0.217251;0.120281;0.867819;10.024654;0
0.201269;0.112177;0.867819;10.024654;0
0.180762;0.109262;0.860512;10.024654;0
0.165535;0.114659;0.860512;10.024654;0
0.151193;0.122316;0.860512;10.024654;0
0.137295;0.119724;0.851658;10.024654;0
0.124133;0.109682;0.851658;10.024654;0
0.111827;0.100420;0.851658;10.024654;0
0.096275;0.089469;0.851658;10.024654;0
0.085412;0.060391;0.841318;10.024654;0
0.075308;0.022985;0.841318;10.024654;0
0.065810;-0.001875;0.841318;10.024654;0
0.056930;-0.003222;0.829579;10.024654;0
0.045615;0.029749;0.829579;10.024654;0
0.037357;0.060254;0.829579;10.024654;0
0.029796;0.076451;0.816553;10.024654;0
0.022671;0.088988;0.816553;10.024654;0
0.015662;0.102731;0.816553;10.024654;0
0.008519;0.118155;0.802380;10.024654;0
0.000099;0.125831;0.802380;10.024654;0
-0.005981;0.114525;0.802380;10.024654;0
-0.011702;0.103675;0.787226;10.024654;0
-0.017206;0.099468;0.787226;10.024654;0
-0.024452;0.104755;0.787226;10.024654;0
-0.029557;0.104182;0.771286;10.024654;0
-0.034230;0.089211;0.771286;10.024654;0
-0.038833;0.073357;0.771286;10.024654;0
0.307722;0.078127;0.754785;10.024654;0
0.313643;0.074402;0.754785;10.024654;0
0.318740;0.070022;0.754785;10.024654;0
0.324656;0.058215;0.737967;10.024654;0
0.333003;0.051495;0.737967;10.024654;0
0.339980;0.056065;0.737967;10.024654;0
0.347008;0.068073;0.721078;10.024654;0
0.353841;0.079119;0.721078;10.024654;0
0.360319;0.075451;0.704354;10.024654;0
0.368212;0.069991;0.704354;10.024654;0
0.373110;0.073443;0.704354;10.024654;0
0.377112;0.083759;0.688019;10.024654;0
0.379781;0.094817;0.688019;10.024654;0
0.381391;0.095085;0.672288;10.024654;0
0.380970;0.095592;0.672288;10.024654;0
0.379050;0.101197;0.672288;10.024654;0
0.375751;0.107107;0.657361;10.024654;0
0.369155;0.100528;0.657361;10.024654;0
0.362248;0.097464;0.643428;10.024654;0
0.354193;0.099724;0.643428;10.024654;0
0.344809;0.108567;0.643428;10.024654;0
0.334181;0.116174;0.630660;10.024654;0
0.322537;0.109521;0.630660;10.024654;0
0.305891;0.097582;0.619213;10.024654;0
0.292930;0.096521;0.619213;10.024654;0
0.278581;0.102077;0.609224;10.024654;0
0.264290;0.099428;0.609224;10.024654;0
0.244308;0.096000;0.600805;10.024654;0
0.228804;0.101466;0.600805;10.024654;0
0.213347;0.114487;0.594048;10.024654;0
0.197783;0.125646;0.594048;10.024654;0
0.177453;0.115421;0.589016;10.024654;0
0.162365;0.106487;0.589016;10.024654;0
0.147253;0.104904;0.585746;10.024654;0
0.132706;0.106486;0.585746;10.024654;0
0.118640;0.100373;0.584248;10.024654;0
0.102192;0.089385;0.584248;10.024654;0
0.087520;0.085929;0.584502;10.024654;0
0.074892;0.092804;0.584502;10.024654;0
0.062497;0.100242;0.586465;10.024654;0
0.050887;0.094432;0.586465;10.024654;0
0.036293;0.087499;0.590066;10.024654;0
0.026093;0.090073;0.595216;10.024654;0
0.015758;0.095369;0.595216;10.024654;0
0.006329;0.090795;0.601803;10.024654;0
-0.005683;0.075968;0.601803;10.024654;0
-0.014369;0.070123;0.609704;10.024654;0
-0.022755;0.070884;0.609704;10.024654;0
-0.030878;0.078358;0.618781;10.024654;0
-0.038882;0.085940;0.618781;10.024654;0
-0.049066;0.074517;0.628884;10.024654;0
-0.056524;0.063641;0.628884;10.024654;0
-0.064186;0.056287;0.639861;10.024654;0
-0.072595;0.055534;0.639861;10.024654;0
-0.084688;0.063350;0.651550;10.024654;0
0.650425;0.058469;0.651550;10.024654;0
0.658038;0.048796;0.663787;10.024654;0
0.665529;0.039074;0.663787;10.024654;0
0.673551;0.037062;0.676411;10.024654;0
0.681546;0.048567;0.676411;10.024654;0
0.689302;0.071262;0.689273;10.024654;0
0.698690;0.104765;0.689273;10.024654;0
0.704481;0.119696;0.702250;10.024654;0
0.709134;0.134072;0.702250;10.024654;0
0.712312;0.150058;0.702250;10.024654;0
0.713652;0.159038;0.715236;10.024654;0
0.713017;0.156963;0.715236;10.024654;0
0.709367;0.155131;0.728140;10.024654;0
0.704462;0.160966;0.728140;10.024654;0
0.697470;0.169941;0.728140;10.024654;0
0.687832;0.167607;0.740891;10.024654;0
0.671943;0.162864;0.740891;10.024654;0
0.657844;0.167020;0.753432;10.024654;0
0.641542;0.179214;0.753432;10.024654;0
0.623894;0.188668;0.753432;10.024654;0
0.604137;0.184462;0.765717;10.024654;0
0.575752;0.178630;0.765717;10.024654;0
0.552948;0.182272;0.777713;10.024654;0
0.529606;0.189199;0.777713;10.024654;0
0.505528;0.186980;0.777713;10.024654;0
0.473217;0.179119;0.789400;10.024654;0
0.447772;0.179835;0.789400;10.024654;0
0.423203;0.184109;0.800763;10.024654;0
0.399268;0.181200;0.800763;10.024654;0
0.375330;0.176203;0.800763;10.024654;0
0.344518;0.177777;0.811799;10.024654;0
0.321446;0.190955;0.811799;10.024654;0
0.299313;0.203697;0.822510;10.024654;0
0.278260;0.198694;0.822510;10.024654;0
0.257738;0.188012;0.832901;10.024654;0
0.232047;0.181516;0.832901;10.024654;0
0.213965;0.182700;0.832901;10.024654;0
0.196521;0.174473;0.842986;10.024654;0
0.179841;0.159589;0.842986;10.024654;0
0.164135;0.151743;0.852775;10.024654;0
0.145205;0.158528;0.852775;10.024654;0
0.131497;0.168062;0.852775;10.024654;0
0.118584;0.163544;0.862283;10.024654;0
0.106165;0.156631;0.862283;10.024654;0
0.090781;0.147566;0.871522;10.024654;0
0.079676;0.149134;0.871522;10.024654;0
0.068966;0.157592;0.880501;10.024654;0
0.059025;0.161065;0.880501;10.024654;0
0.049236;0.146853;0.880501;10.024654;0
0.036908;0.130630;0.889225;10.024654;0
0.027953;0.128270;0.889225;10.024654;0
0.019136;0.134578;0.897693;10.024654;0
0.010556;0.134076;0.897693;10.024654;0
0.002199;0.123637;0.905898;10.024654;0
-0.008857;0.114930;0.905898;10.024654;0
-0.017246;0.116295;0.905898;10.024654;0
-0.025511;0.124663;0.913821;10.024654;0
-0.033552;0.123438;0.913821;10.024654;0
-0.041876;0.113346;0.921436;10.024654;0
-0.052335;0.107744;0.921436;10.024654;0
-0.062138;0.112146;0.928704;10.024654;0
-0.071442;0.117728;0.928704;10.024654;0
-0.080875;0.113299;0.928704;10.024654;0
-0.091753;0.108483;0.935575;10.024654;0
0.085390;0.090701;0.935575;10.024654;0
0.086963;0.075024;0.941990;10.024654;0
0.089152;0.040632;0.941990;10.024654;0
0.092264;0.007217;0.941990;10.024654;0
0.096266;-0.005919;0.947877;10.024654;0
0.101845;0.003417;0.947877;10.024654;0
0.108259;0.013155;0.953162;10.024654;0
0.113924;0.022405;0.953162;10.024654;0
0.119857;0.040028;0.953162;10.024654;0
0.125584;0.063451;0.957767;10.024654;0
0.132815;0.101294;0.957767;10.024654;0
0.137854;0.120446;0.957767;10.024654;0
0.142653;0.117756;0.961618;10.024654;0
0.146859;0.109355;0.961618;10.024654;0
0.151424;0.105356;0.961618;10.024654;0
0.154212;0.104616;0.964643;10.024654;0
0.156176;0.093685;0.964643;10.024654;0
0.157386;0.085239;0.966781;10.024654;0
0.157793;0.086219;0.966781;10.024654;0
0.157071;0.098080;0.966781;10.024654;0
0.155605;0.096619;0.967978;10.024654;0
0.153374;0.096079;0.967978;10.024654;0
0.150400;0.104149;0.967978;10.024654;0
0.146766;0.121039;0.968195;10.024654;0
0.142488;0.135620;0.968195;10.024654;0
0.135969;0.129903;0.968195;10.024654;0
0.130700;0.124739;0.967403;10.024654;0
0.124845;0.124544;0.967403;10.024654;0
0.116823;0.135980;0.965591;10.024654;0
0.112267;0.135223;0.965591;10.024654;0
0.103712;0.089144;0.965591;10.024654;0
0.097383;0.043230;0.965591;10.024654;0
0.091334;0.018016;0.962762;10.024654;0
0.085066;0.014161;0.962762;10.024654;0
0.079167;0.019882;0.958939;10.024654;0
0.071062;0.045417;0.958939;10.024654;0
0.064955;0.081487;0.958939;10.024654;0
0.059024;0.122328;0.954158;10.024654;0
0.052853;0.161816;0.954158;10.024654;0
0.046906;0.183003;0.954158;10.024654;0
0.039120;0.187754;0.948476;10.024654;0
0.033367;0.185329;0.948476;10.024654;0
0.027428;0.184027;0.941966;10.024654;0
0.021339;0.182563;0.941966;10.024654;0
0.015772;0.169183;0.941966;10.024654;0
0.008562;0.142108;0.934717;10.024654;0
0.003261;0.129099;0.934717;10.024654;0
-0.002017;0.125812;0.926836;10.024654;0
-0.007239;0.127336;0.926836;10.024654;0
-0.012367;0.119133;0.926836;10.024654;0
-0.018897;0.097760;0.918442;10.024654;0
-0.023913;0.090210;0.918442;10.024654;0
-0.028755;0.091639;0.909667;10.024654;0
-0.033501;0.099392;0.909667;10.024654;0
-0.038244;0.100824;0.909667;10.024654;0
-0.044439;0.085652;0.900652;10.024654;0
-0.048977;0.078964;0.900652;10.024654;0
-0.053544;0.080573;0.891546;10.024654;0
-0.058292;0.089269;0.891546;10.024654;0
-0.064321;0.087376;0.891546;10.024654;0
-0.068816;0.078234;0.882497;10.024654;0
-0.073422;0.071431;0.882497;10.024654;0
-0.078362;0.072113;0.873651;10.024654;0
-0.083513;0.076123;0.873651;10.024654;0
-0.090775;0.063667;0.865144;10.024654;0
-0.097225;0.050445;0.865144;10.024654;0
-0.104967;0.045051;0.865144;10.024654;0
-0.114994;0.043084;0.857099;10.024654;0
-0.678693;0.030841;0.857099;10.024654;0
-0.688668;-0.030495;0.849613;10.024654;0
-0.697148;-0.091283;0.849613;10.024654;0
-0.707753;-0.137698;0.849613;10.024654;0
-0.719859;-0.156080;0.842758;10.024654;0
-0.732984;-0.151331;0.842758;10.024654;0
-0.752593;-0.128398;0.836575;10.024654;0
-0.767058;-0.096670;0.836575;10.024654;0
-0.780997;-0.054696;0.836575;10.024654;0
-0.793865;-0.013957;0.831076;10.024654;0
-0.810527;0.022192;0.831076;10.024654;0
-0.822086;0.043343;0.831076;10.024654;0
-0.832623;0.062911;0.831076;10.024654;0
-0.841329;0.079977;0.826248;10.024654;0
-0.848355;0.092982;0.826248;10.024654;0
-0.854339;0.091815;0.826248;10.024654;0
-0.856132;0.088102;0.822053;10.024654;0
-0.855677;0.087999;0.822053;10.024654;0
-0.852791;0.093642;0.822053;10.024654;0
-0.844748;0.105703;0.818430;10.024654;0
-0.835707;0.106857;0.818430;10.024654;0
-0.823937;0.107943;0.818430;10.024654;0
-0.809926;0.111417;0.818430;10.024654;0
-0.793225;0.119437;0.815302;10.024654;0
-0.768184;0.134920;0.815302;10.024654;0
-0.745975;0.138613;0.815302;10.024654;0
-0.721749;0.135940;0.812579;10.024654;0
-0.695377;0.133799;0.812579;10.024654;0
-0.658455;0.137585;0.812579;10.024654;0
-0.629450;0.142406;0.812579;10.024654;0
-0.598962;0.139136;0.810160;10.024654;0
-0.567898;0.135874;0.810160;10.024654;0
-0.537625;0.137094;0.810160;10.024654;0
-0.496162;0.147195;0.810160;10.024654;0
-0.465255;0.159005;0.807938;10.024654;0
-0.433986;0.166695;0.807938;10.024654;0
-0.403735;0.159838;0.807938;10.024654;0
-0.374802;0.150688;0.805802;10.024654;0
-0.336352;0.145471;0.805802;10.024654;0
-0.309260;0.147177;0.805802;10.024654;0
-0.282798;0.155075;0.803644;10.024654;0
-0.257452;0.160215;0.803644;10.024654;0
-0.234199;0.152166;0.803644;10.024654;0
-0.204570;0.140600;0.801357;10.024654;0
-0.183602;0.141207;0.801357;10.024654;0
-0.163878;0.144242;0.801357;10.024654;0
-0.144826;0.136470;0.801357;10.024654;0
-0.128594;0.128489;0.798843;10.024654;0
-0.112612;0.126037;0.798843;10.024654;0
-0.093203;0.131793;0.798843;10.024654;0
-0.079771;0.137368;0.796008;10.024654;0
-0.067224;0.131965;0.796008;10.024654;0
-0.055301;0.124431;0.796008;10.024654;0
-0.041132;0.119919;0.792772;10.024654;0
-0.030615;0.124218;0.792772;10.024654;0
-0.020990;0.131495;0.789062;10.024654;0
-0.011664;0.127405;0.789062;10.024654;0
-0.002952;0.114124;0.789062;10.024654;0
0.006231;0.100359;0.784823;10.024654;0
0.015968;0.092981;0.784823;10.024654;0
0.023558;0.096364;0.784823;10.024654;0
0.030922;0.101236;0.780008;10.024654;0
0.038066;0.095342;0.780008;10.024654;0
0.047193;0.090016;0.780008;10.024654;0
0.053749;0.092438;0.774588;10.024654;0
0.060133;0.095004;0.774588;10.024654;0
0.066487;0.087415;0.774588;10.024654;0
0.074750;0.079867;0.768549;10.024654;0
0.080708;0.081117;0.768549;10.024654;0
0.086389;0.088482;0.761891;10.024654;0
0.092091;0.089283;0.761891;10.024654;0
0.097893;0.080877;0.761891;10.024654;0
0.105643;0.073023;0.754634;10.024654;0
0.111705;0.074241;0.754634;10.024654;0
0.118058;0.084437;0.754634;10.024654;0
0.125595;0.097201;0.746813;10.024654;0
0.137886;0.092595;0.746813;10.024654;0
0.150215;0.085325;0.738487;10.024654;0
-0.406464;0.084985;0.738487;10.024654;0
-0.414050;0.090009;0.738487;10.024654;0
-0.421156;0.088233;0.729730;10.024654;0
-0.430009;0.083940;0.729730;10.024654;0
-0.436002;0.090144;0.720634;10.024654;0
-0.441176;0.104574;0.720634;10.024654;0
-0.445108;0.121522;0.720634;10.024654;0
-0.447486;0.127261;0.711300;10.024654;0
-0.448518;0.133036;0.711300;10.024654;0
-0.447543;0.143755;0.701835;10.024654;0
-0.444879;0.160817;0.701835;10.024654;0
-0.440285;0.169779;0.701835;10.024654;0
-0.431249;0.162968;0.692359;10.024654;0
-0.422647;0.159336;0.692359;10.024654;0
-0.412560;0.161999;0.682996;10.024654;0
-0.401017;0.168626;0.682996;10.024654;0
-0.388034;0.165931;0.673883;10.024654;0
-0.368927;0.160239;0.673883;10.024654;0
-0.353365;0.160590;0.673883;10.024654;0
-0.337358;0.168600;0.665158;10.024654;0
-0.320703;0.178374;0.665158;10.024654;0
-0.303537;0.173035;0.656970;10.024654;0
-0.280019;0.163408;0.656970;10.024654;0
-0.262748;0.165689;0.649469;10.024654;0
-0.245306;0.175696;0.649469;10.024654;0
-0.228034;0.177008;0.642807;10.024654;0
-0.211175;0.167989;0.642807;10.024654;0
-0.195178;0.162088;0.637133;10.024654;0
-0.174716;0.166028;0.632590;10.024654;0
-0.160148;0.162262;0.632590;10.024654;0
-0.146074;0.150397;0.629307;10.024654;0
-0.132820;0.142335;0.629307;10.024654;0
-0.120574;0.142281;0.627399;10.024654;0
-0.105281;0.142606;0.626958;10.024654;0
-0.094720;0.128205;0.626958;10.024654;0
-0.084890;0.116258;0.628045;10.024654;0
-0.075899;0.112640;0.628045;10.024654;0
-0.064640;0.118077;0.630691;10.024654;0
-0.056242;0.114587;0.634891;10.024654;0
-0.048803;0.108351;0.634891;10.024654;0
-0.041703;0.105912;0.640598;10.024654;0
-0.035118;0.109583;0.647728;10.024654;0
-0.028719;0.112516;0.647728;10.024654;0
-0.020900;0.094706;0.656157;10.024654;0
-0.015142;0.083484;0.656157;10.024654;0
-0.009470;0.082981;0.665720;10.024654;0
-0.004045;0.087981;0.676221;10.024654;0
0.001417;0.084837;0.676221;10.024654;0
0.008244;0.076580;0.687426;10.024654;0
0.012915;0.075510;0.687426;10.024654;0
-0.826982;0.042396;0.699076;10.024654;0
-0.837074;0.021851;0.699076;10.024654;0
-0.848722;-0.013882;0.710886;10.024654;0
-0.866757;-0.045706;0.710886;10.024654;0
-0.882531;-0.048268;0.722568;10.024654;0
-0.899803;-0.031817;0.722568;10.024654;0
-0.917565;-0.003514;0.733852;10.024654;0
-0.934967;0.020225;0.733852;10.024654;0
-0.952234;0.043955;0.744488;10.024654;0
-0.973751;0.078179;0.744488;10.024654;0
-0.988803;0.104826;0.744488;10.024654;0
-1.000000;0.123388;0.754251;10.024654;0
-1.000000;0.125997;0.754251;10.024654;0
-1.000000;0.123332;0.754251;10.024654;0
-1.000000;0.124699;0.762938;10.024654;0
-1.000000;0.128253;0.762938;10.024654;0
-1.000000;0.126275;0.762938;10.024654;0
-1.000000;0.125701;0.770373;10.024654;0
-1.000000;0.128302;0.770373;10.024654;0
-1.000000;0.140088;0.770373;10.024654;0
-0.996104;0.146645;0.776406;10.024654;0
-0.978863;0.144096;0.776406;10.024654;0
-0.959478;0.140694;0.776406;10.024654;0
-0.929924;0.142992;0.776406;10.024654;0
-0.903927;0.153054;0.780913;10.024654;0
-0.875856;0.163272;0.780913;10.024654;0
-0.844897;0.164435;0.780913;10.024654;0
-0.812009;0.164679;0.780913;10.024654;0
-0.768149;0.169176;0.783795;10.024654;0
-0.732508;0.175090;0.783795;10.024654;0
-0.695086;0.172991;0.783795;10.024654;0
-0.658360;0.165029;0.784978;10.024654;0
-0.609306;0.158400;0.784978;10.024654;0
-0.570352;0.159118;0.784978;10.024654;0
-0.532259;0.161276;0.784413;10.024654;0
-0.494670;0.153798;0.784413;10.024654;0
-0.457917;0.146431;0.784413;10.024654;0
-0.422147;0.144648;0.782077;10.024654;0
-0.377260;0.151166;0.782077;10.024654;0
-0.344648;0.146900;0.782077;10.024654;0
-0.313400;0.141285;0.777971;10.024654;0
-0.284091;0.138720;0.777971;10.024654;0
-0.254654;0.140323;0.777971;10.024654;0
-0.219229;0.149206;0.772121;10.024654;0
-0.194423;0.149442;0.772121;10.024654;0
-0.170633;0.137324;0.764576;10.024654;0
-0.148302;0.124591;0.764576;10.024654;0
-0.120502;0.118495;0.764576;10.024654;0
-0.101150;0.119508;0.755412;10.024654;0
-0.082963;0.112965;0.755412;10.024654;0
