476.961054;455.953753;440.486073;448.992893
457.413900;453.201809;463.539692;450.486875
464.872657;455.176559;451.954352;450.737990
449.711885;453.785349;468.320966;451.914049
448.649564;453.762752;469.879473;452.112425
449.389972;453.996755;469.922518;452.304917
474.181179;457.989263;440.563264;451.763660
455.420193;456.324045;460.193148;453.232255
453.957309;456.415015;461.984061;453.695749
453.380663;456.742228;462.752999;454.056170
456.469548;457.485506;458.962348;454.335410
475.133568;460.250454;433.379097;453.766001
455.434567;459.116817;454.001730;455.377569
449.816111;459.015418;459.827095;456.092369
446.689899;458.932135;463.257802;456.414958
451.455444;459.456958;458.430767;456.330306
455.193542;460.402417;451.114630;456.639131
446.820939;460.239525;460.112831;457.476504
447.193486;460.388501;460.109163;457.523493
448.681185;460.602499;459.217366;457.597335
449.649566;460.531422;459.514070;457.466662
455.664520;461.186022;450.538961;457.517213
452.627312;461.101642;454.087703;457.659773
450.874328;461.024773;456.412365;457.724046
449.870726;460.998366;458.094175;457.726258
459.875530;461.450160;446.182158;457.491025
451.401544;461.083690;455.468947;457.695279
449.939223;461.077410;457.566802;457.680578
447.604583;461.095381;460.759654;457.785021
472.012714;461.736459;433.984170;457.508271
451.130143;461.223978;456.473094;457.719963
450.026338;461.216415;458.039443;457.837461
446.472727;461.309384;462.310744;457.951282
469.855867;461.596411;437.142194;457.840792
454.141533;461.601077;453.500915;458.057386
448.172850;461.815799;459.973587;458.243891
446.409430;461.948696;462.432513;458.381252
448.823892;462.078331;460.600917;458.770130
451.778837;461.648825;456.666504;459.063464
451.784271;461.412505;457.118586;459.402767
450.927239;461.291021;459.026449;459.272603
450.928539;461.023949;460.212193;459.242985
456.459411;460.046121;454.419529;458.537321
454.161022;459.367112;458.299426;458.140199
453.140424;458.403160;461.432750;457.503513
455.639779;457.727340;461.368940;456.193998
465.576570;456.867299;452.134648;454.257744
461.285946;454.591817;460.006210;453.728952
457.397627;453.352109;468.140484;451.554246
460.354002;452.678102;468.868620;448.946401
462.947773;451.819520;469.429161;447.260763
465.777226;452.022193;467.222578;445.368448
462.075828;449.198997;474.814126;444.804863
464.635852;447.867297;475.079083;443.878733
465.838753;446.176645;476.977647;443.224137
468.243916;445.555085;476.137736;443.065061
477.705539;447.716091;464.095543;441.906328
470.065366;444.980310;474.106883;442.699658
469.075651;443.883126;476.909385;442.610503
469.641225;443.621745;477.413821;442.382152
469.899940;443.712506;477.890858;442.426030
471.230943;447.085480;470.780860;443.205282
469.157574;446.608263;473.125725;443.986355
466.987035;446.237902;475.840797;444.496342
467.810388;446.918060;474.590921;444.795878
468.510797;448.084326;472.585416;445.512319
469.854075;449.599372;469.359996;446.037407
472.736073;454.368378;457.804823;447.522666
464.131620;452.238195;467.373461;449.542707
460.327558;451.859504;471.133054;450.516526
459.013312;451.675352;472.669415;451.050029
468.950166;458.052785;453.996615;451.544534
459.594148;455.771619;464.548342;453.275965
457.783720;455.586782;466.234104;454.040912
458.393363;456.036841;465.535169;454.196001
457.680039;455.477853;467.769260;454.216207
461.311334;459.338515;455.386426;455.470267
454.667342;457.523320;463.908404;456.439401
456.052383;458.159014;462.364634;456.393292
455.715302;458.252942;463.114375;456.500978
456.574160;458.042281;463.779521;456.163475
456.374724;460.806806;456.799095;457.508768
453.774569;460.084621;460.329682;458.032302
451.650338;459.297725;463.934016;458.169741
468.183968;464.954521;438.829503;457.082322
452.456179;461.787738;456.883131;459.082641
449.160313;460.660859;462.132082;459.387913
451.129034;461.005387;460.288955;459.006483
452.283574;461.195616;459.527350;458.841194
452.681461;461.153751;459.795245;458.713998
451.938641;462.314837;456.122593;459.462114
450.955790;461.603805;458.347505;459.452056
449.801235;461.218313;460.476134;459.322663
466.414711;464.671879;438.727041;458.344467
452.334906;462.378137;455.159319;459.245206
449.163016;461.218748;460.550549;459.124464
449.152314;460.780170;461.945865;458.760632
452.667603;461.071817;458.837181;458.319330
462.778714;462.910791;443.632080;458.010507
453.372593;461.749835;454.576576;458.594265
451.136211;461.237676;457.577897;458.674780
448.807230;460.767825;461.141862;458.537295
448.963073;460.517692;462.207498;458.215530
452.842999;461.522712;455.098941;458.292308
451.872004;461.266309;456.930696;458.227312
449.215000;460.863358;460.609570;458.226011
448.086155;460.426728;463.141982;458.030037
471.003934;462.628057;436.028769;457.165753
455.293389;461.389321;453.055183;457.806729
448.958139;460.459351;461.139447;457.913375
451.976345;460.624994;458.273543;457.651454
457.158845;461.562821;448.926267;457.862656
457.146991;461.964384;447.008935;458.193508
442.822193;461.088971;462.446818;458.678479
438.903523;460.651078;467.220635;458.722644
443.638272;460.798622;464.343530;458.187790
465.536093;462.158343;441.452909;458.065673
452.899547;461.463488;454.648820;458.185747
453.172785;461.429560;455.200962;458.383879
451.640894;461.324901;457.957319;458.337566
451.742603;461.398263;458.627202;458.433333
475.822385;461.299978;430.679375;457.758401
457.488212;461.290556;450.084266;457.954025
449.678665;461.412324;458.419755;458.304282
451.558983;461.283677;456.410796;458.144923
450.918567;461.497946;457.071449;458.259331
462.331219;461.181229;443.447955;458.100414
452.049620;461.473822;453.977291;458.345206
449.541952;461.531348;456.479029;458.600714
448.030336;461.639888;458.485908;458.707543
466.512015;460.927448;438.521770;458.628135
451.312096;461.123093;454.216923;458.646412
446.788724;461.399044;459.348279;458.715946
446.546838;461.493894;460.640724;458.518614
471.893408;460.752144;434.978210;458.061504
455.981231;460.753927;452.114980;457.841110
453.125709;460.702303;456.108170;457.665557
454.286625;460.472970;456.214022;457.341013
450.746403;460.469630;460.794626;456.881641
451.714633;460.312182;461.074199;456.594710
456.164675;459.550460;456.735082;455.768342
452.855420;458.908556;461.085231;456.060062
449.544359;459.188454;464.935049;455.677113
453.028149;458.997805;462.386143;455.684726
455.649580;458.859669;460.506311;455.651099
468.447844;458.045627;445.676667;454.816947
454.910582;457.979147;460.232775;454.943993
452.783887;458.107974;462.775132;455.067572
452.161662;458.434659;463.956295;455.320114
466.566568;457.823245;447.824734;454.543631
453.584593;458.172093;461.533939;454.925168
453.412687;458.372297;461.882054;455.079900
452.916622;458.705807;462.735684;455.394987
453.482445;459.067512;462.686500;455.703826
461.520430;458.432566;452.501900;454.867546
457.328984;458.729561;457.005106;455.243636
452.448943;459.006012;462.106429;455.538551
450.769584;459.346232;464.062294;455.894015
453.606106;459.527765;461.451350;456.043921
478.141628;458.624699;433.370824;454.783917
459.765354;458.976674;452.902872;455.298988
454.133154;459.225952;458.893125;455.646161
447.975273;459.704741;465.603929;456.163886
452.156600;459.767479;461.486547;456.097941
462.046719;458.964775;448.419786;455.071934
448.584170;459.452403;462.909237;455.691775
450.955781;459.599942;461.021753;455.827239
450.755934;459.854332;461.914395;456.108198
450.292394;460.209907;463.260249;456.436704
453.578574;459.621064;458.356153;455.776681
453.986288;459.760422;458.471829;455.932415
451.982447;459.936120;461.134979;456.125677
452.997449;460.075775;460.756641;456.234863
479.160630;459.007352;431.068287;454.794469
457.019536;459.251124;454.887730;455.256407
451.942672;459.450694;460.543755;455.549872
448.462761;459.701630;464.654292;455.794149
451.586608;459.781292;462.063116;455.787629
452.987430;459.877102;461.138777;455.843925
467.481711;458.913967;443.486966;454.567521
452.772309;459.334418;459.632833;455.211108
451.812363;459.408457;461.053330;455.324380
450.105845;459.577657;463.374719;455.554509
477.140896;458.873776;433.396026;454.246405
455.285927;459.069693;456.873128;454.899142
452.670191;459.213968;460.095242;455.137896
450.489142;459.363143;462.918929;455.333846
451.469178;459.526741;462.737383;455.476201
453.822287;458.995384;458.442019;454.771892
449.568005;459.131040;463.374289;455.029462
449.739686;459.183593;463.838121;455.170197
451.259713;459.269932;463.094683;455.243989
454.136917;459.437690;461.119827;455.300678
468.650557;458.989445;442.848193;454.161229
450.983226;458.710363;462.427713;454.793771
452.160033;458.672425;461.967951;454.772128
453.012125;458.699440;462.109161;454.859823
453.637685;458.639469;462.406366;454.899753
469.070965;458.582778;444.544129;453.571023
457.143660;458.225676;457.980550;453.957870
453.726230;458.017727;462.265493;453.901146
451.523242;457.917152;465.695316;453.981257
455.175013;457.886144;462.974914;453.770877
458.704891;457.685819;457.520817;453.166500
455.529402;457.231810;461.808204;453.409033
455.922298;456.908648;462.342599;453.495717
459.120986;456.445730;460.017102;453.433707
456.690741;461.043648;460.224282;448.806135
448.762415;461.991342;467.503459;448.947678
448.846757;462.627457;465.834729;450.633595
450.670432;462.245241;462.116919;454.249387
472.300205;460.608637;437.183900;457.316651
449.310953;462.987693;456.517230;459.955162
446.015640;464.201144;456.810611;462.447384
444.310426;465.833727;455.384437;464.767978
458.846617;464.704235;438.002423;466.713729
444.986843;468.059081;448.825379;467.082543
440.813058;470.450517;450.311012;467.875221
437.149617;472.850873;451.556042;468.687357
438.494194;474.112958;449.213297;469.335683
441.099374;474.975168;445.227653;470.414313
445.395731;472.848734;440.441538;470.098815
440.617700;474.342392;444.557178;470.016298
437.938012;474.997049;447.426331;469.945872
436.268437;475.908534;448.630251;470.469176
464.112316;467.896265;424.474544;471.539007
440.866232;472.585909;447.080507;469.331517
439.754910;473.158257;448.666631;469.023002
439.279873;473.439077;450.438837;468.571296
438.794721;473.968910;451.564298;468.602645
439.666418;474.417195;451.199954;469.065739
448.517936;468.644080;447.339112;466.568165
445.804675;469.725027;451.016629;465.697617
443.745070;470.194642;453.941736;465.238485
443.303698;470.672468;455.423552;465.165662
473.902336;460.195791;430.743538;464.517608
452.035387;464.486275;453.001689;461.925571
449.248549;465.719603;456.480871;461.254800
449.438629;465.454062;457.499998;460.748687
451.127978;465.009620;457.200504;460.522663
454.579899;460.266144;458.328940;457.092559
451.402306;461.376880;461.890454;456.527032
450.236648;462.122727;462.999285;456.697028
448.900647;463.154689;463.995572;457.329060
449.383250;463.934054;463.261892;458.242229
454.958749;459.361859;460.857845;455.504331
454.646440;460.173999;461.100070;455.739173
453.655226;460.691877;461.816543;455.987522
456.592093;460.588099;459.003628;456.588162
479.836469;453.944115;437.551536;455.561283
459.455606;457.264350;457.680156;454.175806
454.122281;459.013740;462.638222;454.208605
449.218812;460.675328;466.418226;454.769054
453.298264;460.480515;461.956897;455.472809
457.601350;456.570630;459.730033;452.741561
454.201453;457.922620;462.576382;453.037215
452.354235;458.568371;463.810975;453.363253
450.642382;459.532206;464.807902;453.952612
451.806789;460.299927;462.713767;454.969578
455.023209;460.324473;459.095862;455.562576
459.905693;456.690887;455.499833;453.245967
449.655905;459.401593;463.868664;453.645945
450.394995;459.754627;461.874254;454.439711
449.528678;460.286282;461.770899;455.431903
454.350866;456.858313;458.478137;454.223277
449.837241;457.861964;461.862365;454.890968
448.934134;458.140932;462.278197;455.372430
447.748293;458.566141;463.242244;455.881140
455.965813;456.031667;457.446316;454.250787
452.106064;456.665056;461.125421;454.111747
454.115281;455.006775;460.727810;454.005666
450.945325;459.941805;465.424151;449.042603
481.710609;457.637608;436.004648;448.456240
455.560656;460.258357;461.436237;448.151388
451.091060;460.672414;464.306403;450.164251
448.088154;461.153581;465.466034;452.855903
451.374339;461.051034;460.826809;455.746435
479.773608;455.413146;432.134793;458.765152
471.030738;454.471551;442.481173;457.496734
448.732819;459.218660;462.150862;457.534053
438.345155;461.928425;468.058419;458.779283
436.596082;464.215592;467.153761;460.341931
447.461308;463.380547;456.739862;461.573801
439.403340;466.862973;461.506553;461.930350
442.291225;468.639621;457.511683;463.554108
444.629770;470.231037;454.189044;464.981988
448.002182;471.162885;450.344513;465.838236
464.103757;466.174747;435.442605;465.112102
446.397863;469.716788;451.688956;464.815208
448.651127;469.404209;449.882574;465.060399
448.904030;469.148775;450.440760;465.039415
448.776362;469.058991;451.577908;464.890095
465.300866;462.805152;437.912610;462.951106
451.287243;465.167834;453.199057;461.512123
449.116869;465.172892;456.511460;460.848854
447.863288;465.129308;458.919190;460.404265
447.850087;465.396961;459.982192;460.300646
449.429658;462.231994;461.319797;457.826459
450.423400;462.389610;461.119523;457.595407
446.830301;463.339182;464.904572;457.715346
447.099281;463.916234;465.032337;458.246990
481.486088;456.453045;433.063095;457.812828
455.800889;460.198168;458.828337;456.613839
454.942475;460.843930;460.046708;456.709672
451.098779;461.911627;463.814562;457.046403
482.434478;455.103208;433.965838;455.759419
459.332115;457.997943;457.649895;454.727713
454.748290;459.161426;462.292644;454.612735
448.908820;460.490650;467.567162;454.992470
453.208449;460.381469;463.216992;455.580532
455.553036;460.344529;460.937386;455.946762
458.304620;457.670391;459.254850;453.943926
453.479786;458.825803;463.528694;454.307895
448.883800;460.081476;467.146241;454.860141
450.445063;460.520181;465.274412;455.455238
471.813818;456.722790;444.311169;454.740847
455.479991;458.986817;460.076631;454.757350
453.081927;459.713372;461.920006;455.061438
451.586977;460.210265;463.022676;455.453878
451.749633;460.584106;462.547037;455.954434
472.362429;456.697639;441.862138;454.812330
455.062446;458.595723;459.013235;454.990310
449.983978;459.625190;463.565475;455.465331
451.158102;459.902466;462.432904;455.793025
454.428772;459.856629;459.458053;456.023237
475.301572;456.554780;438.070846;454.335773
460.601732;458.121385;453.438383;454.127184
453.439539;461.986297;460.615202;451.154305
450.121960;463.331090;462.742320;451.701018
446.851101;464.723004;463.914816;453.631905
461.622966;461.598525;448.200742;456.542361
446.752595;464.092575;459.291464;458.966113
446.296718;465.185642;456.967836;461.675597
445.104918;466.778773;455.202613;464.315581
444.617794;468.473544;452.781649;466.526718
459.857605;464.687888;436.796862;468.681017
445.154344;469.369505;448.763196;467.836552
441.936192;471.564624;449.500499;468.595752
436.512849;474.755075;451.737875;469.786262
465.706700;466.633382;425.057105;471.133100
444.305450;471.898385;444.670770;469.327918
438.953269;474.277894;449.103864;469.079810
438.957038;474.996015;448.433318;469.690813
443.115735;471.023860;447.910024;467.753433
445.111824;470.480741;447.659671;466.950243
435.387016;473.944141;455.236521;467.128334
439.100616;473.457468;452.892422;467.523960
443.079143;472.720514;450.353221;467.784039
460.506358;464.716229;439.014952;465.707420
453.223265;465.514815;447.086658;464.286203
445.618683;466.489078;455.953597;462.289968
446.568064;466.479379;456.697991;461.574458
444.766862;467.200326;459.196296;461.419660
447.416774;466.776441;458.021866;461.544491
478.472677;456.371457;432.921459;460.097655
458.787019;459.466446;453.801020;457.485528
456.076153;459.862587;458.149646;456.165103
451.017637;461.195986;463.261335;455.869862
451.769427;460.989549;463.445306;455.715580
452.822363;460.936603;463.223335;455.893600
463.166612;454.240712;457.642325;452.062755
456.705625;455.937588;464.351640;451.472625
453.433454;456.998247;466.978134;451.730601
453.014507;457.496837;467.313131;452.273467
484.472384;449.800305;439.025962;450.525098
460.834399;453.216717;462.352282;449.864695
457.659813;454.116926;465.348637;449.888411
452.071977;455.544321;469.902923;450.495123
455.885152;455.356909;466.135398;450.922633
461.451342;452.385904;461.707728;448.822648
455.742330;453.504897;466.974067;449.165383
452.506395;454.092587;469.652129;449.628544
452.050663;454.545019;469.938035;450.206672
452.777787;455.411829;468.760721;451.282093
461.671007;452.729020;460.695137;449.396840
459.052087;452.928198;463.622139;449.528195
454.274366;452.998570;468.721662;449.802665
457.853684;453.074306;465.912825;449.327633
458.773138;453.144956;465.908671;448.800344
469.166289;452.680275;453.654073;446.448381
456.405722;452.485344;467.378015;446.933060
456.141991;452.385705;468.286502;446.870464
458.081567;452.248337;466.813504;446.822847
458.476190;451.794074;467.102629;447.211650
478.521829;452.119016;444.772856;446.213499
470.744166;450.689717;453.089117;447.373970
459.757459;455.746149;463.895862;443.538170
455.551401;457.055892;466.756313;444.396900
451.981740;458.389370;468.064612;446.441403
475.743816;457.990341;440.728845;451.785793
455.164388;459.738676;457.682013;454.755554
448.840511;461.046077;459.993795;458.257751
444.065113;463.218785;460.487522;461.461121
445.153987;465.244665;455.731955;464.547588
445.521320;467.486747;451.725697;467.083340
452.781259;467.146633;443.882827;468.292455
439.979365;471.919631;450.763722;469.326375
437.926469;474.325733;449.570485;470.645541
437.976222;476.309514;446.841339;472.103673
445.116169;474.904180;438.962208;473.320609
434.871288;478.314561;445.658436;473.325859
436.757104;478.593855;443.849254;473.869537
437.348675;479.348085;442.509887;474.776528
451.899956;474.487552;431.662972;475.827446
438.925708;477.886595;442.889283;474.369509
436.804985;478.567706;445.030787;474.219814
433.934236;479.745348;447.431089;474.278519
435.495474;479.707160;446.715797;474.409119
437.691978;476.856226;448.411137;472.697098
439.872665;476.773507;446.755069;472.682817
440.367228;476.798429;447.262813;472.586613
442.490743;476.006934;447.369701;472.061910
452.111860;469.777591;444.956751;469.354242
446.557657;471.706473;450.213639;468.421008
444.197209;472.317357;453.437743;467.650224
441.921089;473.437459;455.590872;467.584187
469.890854;461.885510;436.823569;467.206005
453.957653;465.400106;453.047161;463.966968
451.130370;466.492465;456.616705;462.790401
449.531088;466.832004;458.907982;462.207263
449.031184;467.327107;459.587909;462.364047
469.604636;458.092894;446.240129;461.002890
454.451132;462.653652;459.802989;459.278370
453.783915;463.056375;460.869198;458.985979
452.263449;463.901601;462.224138;459.213961
469.406178;455.577357;451.163309;456.891176
456.192567;459.518622;463.149182;455.722286
456.514283;459.453545;463.310432;455.537104
455.798876;459.866281;464.142664;455.609032
457.366989;459.572143;463.174019;455.592628
471.209075;453.458053;453.156989;453.607575
457.350584;456.949310;465.901651;452.903462
456.634047;456.567840;466.995432;452.181709
456.380677;456.979372;466.920970;452.507076
456.192558;457.414692;466.701877;453.066277
457.133084;457.692258;465.522406;453.571978
463.564856;453.914263;461.521750;451.462827
458.057409;455.692459;465.606273;451.954371
455.750250;456.457277;467.155114;452.312043
457.574901;456.630374;464.915906;452.795804
458.608368;456.585057;463.590315;453.032253
470.118827;453.347794;452.729042;451.770426
459.975162;455.151155;462.002824;451.885008
456.587539;455.812103;464.806138;452.110652
455.019814;456.334559;465.820553;452.502370
461.768446;453.781314;459.489089;451.025528
456.099581;453.409434;466.030225;449.811824
445.676724;455.041011;474.445029;450.287196
445.466007;456.196986;472.973212;451.624620
448.616452;456.901630;469.606592;452.761774
476.455151;454.811440;442.807225;452.653577
460.994887;455.576407;457.699784;452.871209
457.152301;456.387008;461.070160;453.411828
457.598298;456.484720;460.694130;453.570520
458.272503;456.603573;460.286659;453.539320
460.702598;456.406709;458.041964;453.192734
458.906999;455.282684;459.534825;452.026820
454.329065;455.548796;464.050945;452.193302
454.745271;455.498519;464.032319;452.091043
455.558756;455.368191;463.831357;452.094207
479.689396;454.299793;438.201755;450.286221
460.664753;454.222777;458.692675;450.766837
456.040528;454.011598;464.128346;451.019281
457.643051;454.051999;462.848164;451.010125
458.745249;453.859024;462.573593;450.921975
475.361255;456.689837;444.571176;447.552796
461.156974;457.333881;458.084250;448.343906
453.397749;459.329984;463.800487;449.365350
452.473828;459.306014;462.093676;452.913835
450.206521;460.365477;461.649470;455.512875
474.125999;457.900153;434.008638;459.634584
452.734339;460.794641;452.446962;460.979090
445.285114;463.056138;456.314662;462.804057
443.959712;465.064736;455.156203;463.858046
444.535572;466.870253;452.197703;465.140698
443.205496;468.783711;451.166419;466.312420
444.110595;468.976912;448.328868;466.600090
442.561960;470.353580;448.338911;467.106427
440.485459;471.601050;449.306079;467.580319
440.775478;471.952312;449.330813;467.675534
442.912799;470.291353;447.871347;466.851366
441.858905;470.839748;448.846395;466.865419
440.080316;471.160089;451.077534;466.782114
440.481528;471.277524;451.472295;466.737825
470.959519;463.229686;426.694017;466.076602
448.620073;466.553029;448.868018;464.209654
444.842285;467.067663;453.912671;463.114668
442.118069;467.428956;457.455186;462.667334
443.804284;467.049598;457.295135;462.528180
450.837678;462.957240;454.447821;460.216103
449.827781;463.140140;456.882073;459.414127
446.587320;463.698338;460.894379;459.141621
450.585234;462.902198;458.610349;458.898625
478.955990;456.123539;434.137396;457.551342
458.160599;458.122589;456.237736;455.777867
452.271703;459.297627;462.465449;455.216226
453.296619;458.886950;462.281954;454.968174
453.510636;458.807241;462.851128;454.957199
467.354905;454.850937;451.072646;453.499636
456.028146;456.178675;462.555855;452.861844
453.820164;456.572608;465.242691;452.810464
452.142914;457.204376;467.042321;453.120985
479.919750;453.277894;440.921394;452.221389
464.436287;454.524454;456.384118;451.919150
454.523050;455.816464;466.169432;452.016840
455.992550;455.784319;464.940970;452.211864
456.124955;455.960840;465.137224;452.463901
471.657616;453.694827;449.435019;451.180606
456.232965;454.582861;464.914503;451.336667
456.570235;454.792237;464.888586;451.313173
456.881571;455.097814;465.030695;451.262921
455.141650;455.492020;467.146489;451.445321
480.748751;454.313089;441.004777;450.141299
461.093351;454.984803;460.611621;450.667983
458.952866;455.217205;462.683926;450.985897
456.289831;455.444920;465.225315;451.361175
456.758124;455.714509;464.595275;451.751011
457.541983;455.984880;463.579805;452.178632
475.056433;455.760413;444.403824;451.969614
460.763909;456.243202;458.242330;452.650983
457.182617;460.350657;460.509029;450.000370
451.378896;462.138702;463.550833;451.317969
446.052896;464.002264;465.105144;454.005632
448.002511;465.156274;459.366195;457.756790
446.614740;466.413681;455.983883;461.551604
446.044151;466.422014;452.055238;464.631376
444.644053;468.365637;449.307744;467.532750
441.498636;470.833836;448.429948;469.822436
461.340751;465.825512;428.722660;471.597237
440.585234;472.558733;444.280128;471.734655
435.846384;475.314602;446.230971;472.460930
433.183842;477.675999;446.332045;473.546964
434.150882;478.981264;443.921126;474.627290
440.091993;475.553067;439.888820;473.584862
434.827539;477.795244;444.617097;473.044025
432.898933;478.531394;447.469089;472.619515
436.215314;478.035794;445.339332;472.925247
462.881417;468.387231;424.492274;472.659686
444.624479;471.581137;444.159751;469.767722
437.741913;473.693852;452.085870;468.311833
442.238541;471.854467;451.077719;467.300209
442.473845;471.717120;452.854041;466.833417
454.759956;463.800621;447.038177;463.570266
447.976217;465.367365;456.096588;461.376370
448.712986;465.045789;457.738374;460.483105
448.626328;465.159904;459.569130;460.139644
461.476708;457.620330;452.453335;456.903902
453.962397;459.567165;461.097343;455.649659
451.329926;460.402498;464.939709;455.182423
451.948138;461.053777;464.841597;455.845313
456.840144;460.040665;461.587091;455.878234
466.005524;454.301820;455.583922;452.435403
457.572534;456.133348;465.535061;451.694082
456.377115;456.479432;466.900400;451.665987
457.043066;456.660368;466.454682;451.981535
470.037748;451.590320;454.667929;450.156759
456.589855;454.484188;467.674491;450.068725
455.610000;455.341302;468.051334;450.609651
451.928274;457.017055;470.628324;451.726738
455.599624;457.683690;466.221724;453.046357
459.886839;454.725550;462.605729;450.931817
460.481538;455.417589;461.467543;451.530266
455.998360;456.235640;465.406203;451.633646
453.443766;457.466861;467.026895;452.634986
456.194891;457.663785;463.906158;453.220065
483.394575;453.279058;436.256436;451.916290
466.413361;455.032672;452.998702;451.929805
455.369320;457.020165;463.283542;452.733974
451.909222;457.782497;466.301812;453.293798
452.774473;458.145333;465.525404;453.761134
469.929163;455.830665;447.757642;452.626836
457.881590;456.762722;460.131409;452.837463
454.137508;457.326235;464.004702;453.179995
454.721550;457.373240;463.943823;453.314433
454.128753;457.561304;465.315539;453.607274
476.595936;455.856184;441.669997;451.927814
454.659044;456.530284;465.293004;452.373295
456.334363;456.477205;464.369890;452.005167
455.403376;456.485753;466.293777;451.876636
481.077072;456.024383;439.174005;450.326413
461.431519;455.578414;460.287750;450.949535
462.536375;455.213719;459.977928;451.071461
463.701753;454.359728;459.662302;451.315950
468.187700;453.347069;455.443340;451.456417
458.966058;457.049945;463.557612;447.221054
450.727498;457.602382;471.608460;447.035522
444.012700;457.808377;477.682387;447.881685
448.439186;457.934950;472.928964;449.786572
466.237184;457.821935;452.274971;451.798638
449.850143;457.869698;466.317401;454.550237
452.579193;458.626226;462.288825;456.333035
452.359261;459.740830;461.000779;457.792607
451.005736;461.018993;460.966221;459.211885
481.901895;460.122046;424.571482;458.931968
456.041512;461.969344;450.197131;459.474704
450.636656;463.291522;454.266447;459.939152
445.327148;464.492833;458.189244;460.498152
444.602074;465.363207;457.998036;460.999776
447.912020;464.551278;452.909268;460.476831
445.089275;465.226956;455.304680;460.918952
440.783440;466.135401;459.234859;461.330231
441.981049;466.598655;458.357626;461.765605
450.656763;464.713585;449.204942;461.065035
445.649946;465.181605;455.199781;460.825605
441.896644;465.739420;459.436562;461.061738
445.965070;465.518512;456.350900;461.111864
475.034731;461.458084;426.586961;459.972604
450.454189;463.065668;452.927269;459.478799
448.638072;462.966724;455.934684;458.942865
446.208044;463.025549;459.268692;458.654088
447.358485;462.964126;459.226527;458.569692
472.074970;458.865357;434.226259;457.077423
476.718462;456.184947;430.843433;455.229814
444.834813;459.505305;464.594685;454.754369
440.353439;459.698255;468.581120;454.750326
437.750929;460.303598;471.511237;455.046855
449.473295;459.002065;461.068838;454.781037
442.387928;460.170570;467.933341;455.287773
450.047397;460.445822;461.716094;456.203225
452.125693;460.850934;460.539912;456.851452
455.579829;461.230187;458.057512;457.296752
468.492606;458.298678;442.865650;455.447651
459.242080;458.871065;452.910941;455.338245
455.943557;459.200371;456.810349;455.374907
452.814188;459.513095;460.369298;455.408748
452.718244;459.715517;460.900477;455.509323
466.756429;456.977468;444.986943;453.652679
452.359004;457.654832;459.553982;453.408515
448.386278;458.414414;463.917187;453.835155
451.175565;458.335944;461.604257;453.932248
452.756235;458.393016;460.611599;454.021984
468.360160;456.446433;443.433636;452.633509
450.498102;457.556985;462.145693;453.353713
450.969939;457.708653;462.158932;453.436435
451.725781;457.844706;462.149897;453.608815
452.438617;457.965751;462.132895;453.840023
471.036388;456.870478;442.649297;452.745196
455.113587;457.211000;459.415838;453.081573
452.416069;457.216040;462.644237;453.224397
453.022891;457.225785;462.792216;453.213186
452.542506;457.132471;464.221644;453.295234
473.831033;456.800912;440.900644;452.127197
457.384658;456.326678;458.918980;452.270469
455.283557;456.375664;462.004491;451.909190
452.676204;456.722323;465.606271;451.412223
456.204387;457.346968;462.572974;450.743500
463.934049;457.810889;451.669716;449.895984
453.867351;458.521915;461.592521;450.153606
454.389435;459.593807;459.973846;450.532635
456.932703;461.116717;455.385232;451.106095
480.003551;461.269089;426.827376;452.158506
480.986626;465.310049;422.382938;451.513859
447.483977;458.117932;454.084556;465.255394
437.967149;456.373496;460.265394;469.513557
434.443266;456.442736;463.451760;470.788723
460.978890;460.895580;443.574933;467.206044
443.276132;461.914491;462.506836;463.980073
445.926901;462.929850;463.618945;460.050636
449.684034;462.902108;464.956531;456.502611
475.203415;465.951389;445.079098;451.074874
463.905665;461.491563;461.265012;449.486033
462.689142;456.696051;467.289301;448.852429
466.625505;453.773701;468.415238;446.834071
468.825364;450.258367;471.214324;445.177141
471.348990;447.035239;473.228459;443.562405
474.142649;446.331292;470.920362;442.493301
472.882905;443.412027;475.713121;441.275600
472.298544;441.065186;479.867342;439.905118
472.285196;438.932789;483.274451;438.511488
474.451035;437.505067;484.539854;436.901855
476.218351;440.530257;478.701941;437.302450
475.620229;439.447768;480.602262;437.227317
474.562821;439.023765;482.465001;437.348834
474.602817;439.011000;482.985697;437.324095
475.731264;439.737526;481.494204;437.643513
484.192185;447.303124;463.234017;438.518841
472.804223;444.860886;474.470499;441.449252
469.665645;445.472029;475.920698;443.123412
467.404566;446.167051;476.591424;444.660366
467.144209;447.774358;474.570595;446.096003
465.025390;452.834769;466.715342;449.290776
461.515757;453.328430;468.446092;451.285010
458.584299;454.110467;469.530715;452.928010
459.399294;455.964389;466.290886;454.006825
459.469250;457.636853;463.717837;455.234086
473.585090;465.853051;436.325362;456.021605
457.279681;463.702362;452.543775;459.508723
450.361551;462.742592;459.749123;461.084490
450.987967;464.019798;457.076455;461.713375
449.044431;464.555428;457.923201;462.558483
448.170445;464.775489;459.087945;462.944957
465.771645;470.392234;430.722955;462.864547
453.282817;468.084627;445.246519;463.969474
444.506777;466.812716;455.930492;464.994590
444.363229;466.570987;457.062399;464.733513
446.604907;466.770747;455.453907;464.334034
447.619207;467.604859;450.238683;464.544556
445.975702;466.972510;453.427468;464.501585
445.641800;466.406704;455.430914;464.019384
446.010885;466.006515;456.516977;463.462703
446.959607;465.557992;457.418264;462.887577
450.110081;465.640159;451.361802;462.343191
449.224122;465.054348;453.801347;462.039224
447.447931;464.448868;457.062634;461.705428
448.523583;464.030563;457.488851;461.137053
451.807987;463.617101;455.532689;460.288565
463.036635;463.975196;440.534328;459.619336
452.448741;463.233740;453.077345;459.843487
449.855768;462.890877;456.508588;459.624602
447.863122;462.620331;459.375009;459.506540
447.673670;462.352090;460.951975;459.186759
470.531072;462.568201;434.972595;458.613797
452.395950;462.331281;454.379051;458.872608
448.439165;462.389094;459.013252;459.023040
449.947515;462.499391;457.570512;459.020509
449.176833;462.725025;458.619866;459.186784
450.075007;462.445688;456.006682;458.981701
449.890658;462.730572;456.102822;459.194448
448.399745;463.011227;457.523225;459.545401
448.431926;463.131876;457.456702;460.104796
468.324268;461.760940;435.735729;459.963807
450.810529;462.073508;453.882710;460.424639
449.022973;462.012193;456.061280;460.415557
447.349866;461.986636;458.542830;460.289374
445.603862;461.873982;461.506303;460.162559
473.718680;460.586795;432.623083;458.448237
455.024176;459.962029;453.704820;457.772440
454.943230;459.237934;455.700551;456.983851
454.397088;458.292181;458.453143;456.101170
456.621664;456.957771;458.655425;454.998377
471.446315;456.787437;443.359102;452.987108
454.436963;453.245039;466.499716;452.429268
457.158994;452.168931;467.752216;450.076695
459.564545;451.133460;469.605781;447.758886
460.837833;449.638869;473.035001;445.820566
464.946699;449.463223;468.762928;443.833135
464.545616;447.856532;472.397365;443.258968
464.310414;446.203683;476.027558;442.676236
467.864988;445.677956;474.598823;441.968059
482.196610;448.414752;455.295366;439.978764
469.599482;446.359997;470.065090;441.835870
466.151354;445.769232;474.138225;442.736688
465.497226;446.416569;473.985683;443.736899
465.552078;447.086601;473.404942;444.424060
468.290655;449.770489;464.343806;445.090262
462.854463;449.906986;469.403726;446.816683
459.989576;450.676412;471.013715;448.121591
458.934022;451.778684;470.949329;449.431902
460.846855;453.249470;467.525638;450.262914
459.344685;456.270181;460.440908;451.989341
454.211417;456.593973;464.863835;453.850903
452.889966;457.265565;465.704601;454.639519
453.272817;458.347298;464.145338;455.416244
466.693808;462.347294;441.049990;455.735907
452.744621;461.639438;455.986645;457.671122
449.633569;461.722092;459.387067;458.419633
449.038405;462.131645;459.915107;458.921236
462.197222;464.959032;439.596848;458.858493
450.374220;463.897148;452.995565;459.997829
446.547414;463.580954;457.973440;460.355897
446.028525;463.591444;459.380826;460.305921
448.773145;463.854783;456.965249;460.140520
456.587494;464.953676;443.901782;459.889488
447.818525;464.039977;455.283324;460.195893
444.464401;463.454222;460.434736;460.091229
444.750478;463.185401;462.108979;459.782623
456.740221;463.932936;445.576150;459.071760
449.378622;463.016456;455.150500;459.082065
448.591787;462.788325;457.470566;458.927374
449.133892;462.650856;458.227711;458.639770
475.749152;463.601509;427.212388;457.646668
452.819972;462.852263;452.979571;458.141911
447.042635;462.754701;459.904859;457.956327
447.224105;462.689126;460.818642;457.676457
449.333538;463.210099;459.008498;457.627646
457.749733;463.521436;446.791658;457.508873
451.051107;464.485630;453.127172;457.679823
449.600564;466.032772;453.563435;457.956649
452.249339;468.036768;448.799477;458.444700
479.062050;465.303941;417.237373;461.224887
446.482349;458.550621;448.316979;471.759657
443.464345;456.095314;451.028381;473.895361
440.151390;456.088528;456.645264;472.296160
443.064720;459.281992;458.856847;465.584257
446.137554;459.857495;461.456950;460.954423
455.956312;461.618782;457.641782;454.530396
453.328018;459.876039;466.986802;450.396238
456.933482;457.870809;470.695282;446.352399
463.444720;454.514771;470.490605;444.618452
486.826823;457.461324;449.411804;438.775647
473.171953;449.799051;469.921116;440.320602
471.136903;444.342531;478.045296;439.821373
473.340498;441.819766;479.478206;439.013697
475.141698;439.320653;482.048116;437.548839
478.297383;438.875493;480.221650;436.188597
478.143887;436.709597;483.408016;435.309036
477.926309;435.177282;486.622787;434.477274
478.554274;433.468051;489.214353;433.528660
493.301222;444.075168;465.658866;431.048306
478.906515;438.164480;482.239870;434.851699
476.991926;437.536684;484.404188;435.727167
475.346890;436.903584;486.866060;436.208557
474.974955;436.485440;488.061554;436.640289
489.392585;449.635117;460.485176;435.598441
474.720223;444.114058;476.254206;440.480212
471.735195;443.651628;478.716169;442.207586
471.198310;445.612943;476.322930;443.547171
470.070944;447.494101;474.423476;445.097871
472.743052;455.262988;458.556863;448.203323
463.179144;454.041298;467.005001;451.188940
459.977076;454.461149;468.467403;452.986285
458.344130;456.083310;467.155757;454.546358
457.007819;456.904658;467.112395;455.746114
455.294209;462.758595;456.229611;459.243429
452.233968;462.751282;458.548265;460.649720
448.893585;462.479628;461.710891;461.676830
449.525068;463.419487;460.147200;462.099605
451.526202;468.153357;448.016000;464.158876
448.346315;467.318519;451.674297;464.914770
447.112442;467.579632;452.614895;465.240736
445.941690;467.554320;454.009047;465.418846
446.556057;467.618113;453.957581;465.222822
464.290303;472.993251;425.788412;464.866310
445.932073;469.200180;448.394912;466.089837
444.477778;468.456733;451.012926;466.130261
441.271487;467.307860;456.632573;465.740836
444.932466;467.427116;453.812418;464.914870
457.001198;469.564289;435.729039;464.551133
443.758753;467.028175;453.136896;464.488778
