-0.294296;0.083309;0.627847;10.024654;0
-0.288189;0.081671;0.633690;10.024654;0
-0.281987;0.074102;0.633690;10.024654;0
-0.273841;0.069182;0.633690;10.024654;0
-0.267720;0.067175;0.639025;10.024654;0
-0.261817;0.057023;0.639025;10.024654;0
-0.256322;0.050742;0.643847;10.024654;0
-0.251331;0.055446;0.643847;10.024654;0
-0.246903;0.071307;0.648174;10.024654;0
-0.243059;0.089692;0.648174;10.024654;0
-0.238829;0.094457;0.652043;10.024654;0
-0.236331;0.096439;0.652043;10.024654;0
-0.234565;0.102152;0.655516;10.024654;0
-0.233525;0.111424;0.655516;10.024654;0
-0.233064;0.115154;0.655516;10.024654;0
-0.233389;0.109119;0.658678;10.024654;0
-0.234313;0.103884;0.658678;10.024654;0
-0.235943;0.104583;0.661636;10.024654;0
-0.238169;0.112326;0.661636;10.024654;0
-0.241825;0.118986;0.664519;10.024654;0
-0.244960;0.106887;0.664519;10.024654;0
-0.248535;0.092461;0.667474;10.024654;0
-0.252491;0.083236;0.667474;10.024654;0
-0.256842;0.082367;0.670663;10.024654;0
-0.263252;0.089937;0.670663;10.024654;0
-0.268292;0.083814;0.674261;10.024654;0
-0.273358;0.077112;0.674261;10.024654;0
-0.278746;0.076056;0.678445;10.024654;0
-0.286253;0.085012;0.678445;10.024654;0
-0.291897;0.098469;0.678445;10.024654;0
-0.297584;0.102555;0.683392;10.024654;0
-0.303375;0.097271;0.683392;10.024654;0
-0.309159;0.093353;0.689269;10.024654;0
-0.317043;0.096123;0.689269;10.024654;0
-0.323001;0.088093;0.696223;10.024654;0
-0.328978;0.056893;0.696223;10.024654;0
-0.335685;0.019488;0.704372;10.024654;0
-0.342393;-0.003279;0.704372;10.024654;0
-0.351282;-0.002021;0.704372;10.024654;0
-0.357978;0.016622;0.713801;10.024654;0
-0.364646;0.033555;0.713801;10.024654;0
-0.371461;0.054104;0.724547;10.024654;0
-0.378357;0.078612;0.724547;10.024654;0
-0.387773;0.115126;0.736599;10.024654;0
-0.395535;0.140614;0.736599;10.024654;0
-0.404228;0.149203;0.736599;10.024654;0
-0.414596;0.143125;0.749890;10.024654;0
-0.427414;0.134996;0.749890;10.024654;0
-0.444035;0.125308;0.764294;10.024654;0
-1.000000;0.135144;0.764294;10.024654;0
-1.000000;0.119378;0.764294;10.024654;0
-1.000000;0.110439;0.779629;10.024654;0
-1.000000;0.110961;0.779629;10.024654;0
-1.000000;0.113530;0.795675;10.024654;0
-1.000000;0.114004;0.795675;10.024654;0
-0.995439;0.119072;0.795675;10.024654;0
-0.984770;0.128638;0.812197;10.024654;0
-0.973467;0.141307;0.812197;10.024654;0
-0.961512;0.147241;0.812197;10.024654;0
-0.944778;0.139995;0.828962;10.024654;0
-0.931480;0.134977;0.828962;10.024654;0
-0.918066;0.134175;0.828962;10.024654;0
-0.904196;0.139155;0.845741;10.024654;0
-0.889598;0.146323;0.845741;10.024654;0
-0.874260;0.144605;0.845741;10.024654;0
-0.857901;0.140629;0.862316;10.024654;0
-0.835710;0.141137;0.862316;10.024654;0
-0.818141;0.148414;0.862316;10.024654;0
-0.799444;0.158125;0.878487;10.024654;0
-0.779722;0.160664;0.878487;10.024654;0
-0.752876;0.149986;0.878487;10.024654;0
-0.732062;0.142094;0.878487;10.024654;0
-0.711323;0.137736;0.894071;10.024654;0
-0.689560;0.139997;0.894071;10.024654;0
-0.667825;0.144617;0.894071;10.024654;0
-0.641342;0.137055;0.908905;10.024654;0
-0.614809;0.129569;0.908905;10.024654;0
-0.592713;0.128584;0.908905;10.024654;0
-0.570708;0.132954;0.922852;10.024654;0
-0.548753;0.137488;0.922852;10.024654;0
-0.519930;0.128413;0.922852;10.024654;0
-0.498530;0.122868;0.922852;10.024654;0
-0.477155;0.122896;0.935794;10.024654;0
-0.456147;0.125587;0.935794;10.024654;0
-0.435532;0.121513;0.935794;10.024654;0
-0.415426;0.120483;0.947638;10.024654;0
-0.389719;0.128042;0.947638;10.024654;0
-0.370660;0.132986;0.947638;10.024654;0
-0.352059;0.126410;0.947638;10.024654;0
-0.334351;0.118572;0.958313;10.024654;0
-0.317213;0.114066;0.958313;10.024654;0
-0.300310;0.115208;0.958313;10.024654;0
-0.279072;0.119661;0.967770;10.024654;0
-0.263264;0.112693;0.967770;10.024654;0
-0.248005;0.105328;0.967770;10.024654;0
-0.233522;0.103135;0.967770;10.024654;0
-0.219244;0.106376;0.975981;10.024654;0
-0.200826;0.111643;0.975981;10.024654;0
-0.187505;0.103371;0.975981;10.024654;0
-0.174649;0.093470;0.982938;10.024654;0
-0.162444;0.088137;0.982938;10.024654;0
-0.150391;0.092220;0.982938;10.024654;0
-0.135196;0.095964;0.982938;10.024654;0
-0.123903;0.090147;0.988652;10.024654;0
-0.113164;0.085299;0.988652;10.024654;0
-0.102739;0.086897;0.988652;10.024654;0
-0.092403;0.091092;0.993149;10.024654;0
-0.080477;0.081212;0.993149;10.024654;0
-0.070028;0.070925;0.993149;10.024654;0
-0.060912;0.069126;0.993149;10.024654;0
-0.052238;0.075434;0.996471;10.024654;0
-0.043501;0.084257;0.996471;10.024654;0
-0.032432;0.079336;0.996471;10.024654;0
-0.024370;0.075894;0.998675;10.024654;0
-0.016617;0.076676;0.998675;10.024654;0
-0.009414;0.081217;0.998675;10.024654;0
-0.002219;0.086765;0.998675;10.024654;0
0.005069;0.079374;0.998675;10.024654;0
0.013273;0.071557;0.998675;10.024654;0
0.019298;0.073461;0.998675;10.024654;0
0.025263;0.080973;0.999826;10.024654;0
0.030968;0.078697;0.999826;10.024654;0
0.037996;0.070340;0.999826;10.024654;0
0.042863;0.068457;0.999826;10.024654;0
0.047392;0.071146;1.000000;10.024654;0
0.051537;0.073048;1.000000;10.024654;0
0.055560;0.062218;1.000000;10.024654;0
0.059292;0.052392;1.000000;10.024654;0
0.063641;0.054372;0.999278;10.024654;0
0.066529;0.062479;0.999278;10.024654;0
0.069267;0.065384;0.999278;10.024654;0
0.071778;0.066444;0.997747;10.024654;0
0.074699;0.071980;0.997747;10.024654;0
0.076671;0.081551;0.997747;10.024654;0
0.078750;0.089656;0.992609;10.024654;0
0.081080;0.083806;0.992609;10.024654;0
0.083809;0.074426;0.992609;10.024654;0
0.088714;0.067140;0.992609;10.024654;0
-0.058545;0.080126;0.989178;10.024654;0
-0.061870;0.083721;0.989178;10.024654;0
-0.064998;0.077747;0.989178;10.024654;0
-0.067883;0.064044;0.985271;10.024654;0
-0.071361;0.052094;0.985271;10.024654;0
-0.073534;0.054853;0.985271;10.024654;0
-0.075306;0.069344;0.985271;10.024654;0
-0.076701;0.088124;0.980931;10.024654;0
-0.077599;0.096753;0.980931;10.024654;0
-0.078116;0.109960;0.980931;10.024654;0
-0.078071;0.123904;0.976177;10.024654;0
-0.077688;0.138874;0.976177;10.024654;0
-0.076883;0.142706;0.976177;10.024654;0
-0.075695;0.134089;0.976177;10.024654;0
-0.073768;0.122796;0.971009;10.024654;0
-0.072215;0.121321;0.971009;10.024654;0
-0.070498;0.123747;0.971009;10.024654;0
-0.068599;0.119310;0.965413;10.024654;0
-0.066749;0.118852;0.965413;10.024654;0
-0.064285;0.127030;0.965413;10.024654;0
-0.062529;0.141825;0.965413;10.024654;0
-0.060807;0.156298;0.959372;10.024654;0
-0.059045;0.154965;0.959372;10.024654;0
-0.057374;0.148403;0.959372;10.024654;0
-0.055452;0.145043;0.952867;10.024654;0
-0.054147;0.148533;0.952867;10.024654;0
-0.052950;0.150764;0.952867;10.024654;0
-0.051814;0.141949;0.945888;10.024654;0
-0.050819;0.136080;0.945888;10.024654;0
-0.049774;0.141583;0.945888;10.024654;0
-0.049167;0.155209;0.938431;10.024654;0
-0.048659;0.166639;0.938431;10.024654;0
-0.048137;0.161448;0.938431;10.024654;0
-0.047702;0.151446;0.930512;10.024654;0
-0.047288;0.145047;0.930512;10.024654;0
-0.047106;0.148051;0.930512;10.024654;0
-0.046964;0.150443;0.922162;10.024654;0
-0.046807;0.140604;0.922162;10.024654;0
-0.046690;0.132239;0.922162;10.024654;0
-0.046658;0.132860;0.913438;10.024654;0
-0.046718;0.145554;0.913438;10.024654;0
-0.046727;0.149867;0.954158;10.024654;0
-0.046709;0.144625;0.954158;10.024654;0
-0.046733;0.139351;0.954158;10.024654;0
-0.046857;0.142819;0.948476;10.024654;0
-0.047031;0.154597;0.948476;10.024654;0
-0.047210;0.164472;0.948476;10.024654;0
-0.047322;0.156216;0.948476;10.024654;0
-0.047527;0.139255;0.885928;10.024654;0
-0.047784;0.132878;0.885928;10.024654;0
-0.048142;0.135916;0.876744;10.024654;0
-0.048532;0.140406;0.876744;10.024654;0
-0.048891;0.129309;0.876744;10.024654;0
-0.049493;0.111669;0.867827;10.024654;0
-0.050082;0.104893;0.867827;10.024654;0
-0.050784;0.106358;0.859369;10.024654;0
-0.051545;0.110473;0.859369;10.024654;0
-0.052348;0.103427;0.851575;10.024654;0
-0.053586;0.099291;0.851575;10.024654;0
-0.054686;0.101542;0.844652;10.024654;0
-0.055894;0.101062;0.844652;10.024654;0
-0.057236;0.083763;0.838798;10.024654;0
-0.058794;0.066236;0.838798;10.024654;0
-0.060613;0.054795;0.838798;10.024654;0
-0.063319;0.015829;0.834197;10.024654;0
-0.065806;-0.015771;0.834197;10.024654;0
-0.068821;-0.035305;0.830997;10.024654;0
-0.072492;-0.032455;0.830997;10.024654;0
-0.079014;0.005523;0.829305;10.024654;0
0.550826;0.027980;0.829305;10.024654;0
0.562462;0.042461;0.829168;10.024654;0
0.574528;0.052317;0.829168;10.024654;0
0.586947;0.064187;0.830567;10.024654;0
0.603804;0.086696;0.833414;10.024654;0
0.616519;0.094302;0.833414;10.024654;0
0.627983;0.095902;0.837576;10.024654;0
0.639605;0.101545;0.837576;10.024654;0
0.650477;0.115164;0.842878;10.024654;0
0.662642;0.125810;0.842878;10.024654;0
0.670411;0.123787;0.842878;10.024654;0
0.676621;0.120727;0.849114;10.024654;0
0.681331;0.122615;0.849114;10.024654;0
0.684665;0.137161;0.856056;10.024654;0
0.684474;0.144038;0.856056;10.024654;0
0.681735;0.134752;0.863464;10.024654;0
0.677029;0.126444;0.863464;10.024654;0
0.670093;0.125074;0.871093;10.024654;0
0.657642;0.135685;0.871093;10.024654;0
0.645359;0.144804;0.878701;10.024654;0
0.630562;0.143514;0.878701;10.024654;0
0.614028;0.141924;0.886055;10.024654;0
0.595271;0.144036;0.886055;10.024654;0
0.568509;0.155102;0.886055;10.024654;0
0.546079;0.152977;0.892937;10.024654;0
0.521945;0.149301;0.892937;10.024654;0
0.496625;0.149745;0.899145;10.024654;0
0.470196;0.158944;0.899145;10.024654;0
0.442722;0.170107;0.899145;10.024654;0
0.405097;0.162370;0.904501;10.024654;0
0.376540;0.155553;0.904501;10.024654;0
0.348271;0.156627;0.908849;10.024654;0
0.319299;0.165446;0.908849;10.024654;0
0.290841;0.167470;0.908849;10.024654;0
0.253285;0.158733;0.912057;10.024654;0
0.223711;0.157730;0.912057;10.024654;0
0.196491;0.162567;0.914019;10.024654;0
0.169184;0.172083;0.914019;10.024654;0
0.142484;0.172444;0.914019;10.024654;0
0.117075;0.162788;0.914657;10.024654;0
0.084592;0.152876;0.914657;10.024654;0
0.060322;0.153195;0.913918;10.024654;0
0.037310;0.146134;0.913918;10.024654;0
0.015008;0.141553;0.913918;10.024654;0
-0.007136;0.144218;0.911777;10.024654;0
-0.034881;0.141463;0.911777;10.024654;0
-0.055083;0.131547;0.908235;10.024654;0
-0.075222;0.127481;0.908235;10.024654;0
-0.094728;0.131785;0.903322;10.024654;0
-0.113629;0.139432;0.903322;10.024654;0
-0.138760;0.128897;0.903322;10.024654;0
-0.157023;0.118898;0.897094;10.024654;0
-0.175029;0.115907;0.897094;10.024654;0
-0.194183;0.120889;0.889636;10.024654;0
-0.219157;0.114893;0.889636;10.024654;0
-0.238169;0.109594;0.881061;10.024654;0
-0.257801;0.110421;0.881061;10.024654;0
-0.278986;0.117809;0.881061;10.024654;0
-0.300866;0.124771;0.871511;10.024654;0
-0.333108;0.107754;0.871511;10.024654;0
-0.359435;0.095754;0.861155;10.024654;0
-0.389978;0.092126;0.861155;10.024654;0
-0.426504;0.099970;0.850192;10.024654;0
0.471786;-0.006544;0.850192;10.024654;0
0.490514;-0.028746;0.850192;10.024654;0
0.511718;-0.047341;0.838841;10.024654;0
0.535222;-0.055811;0.838841;10.024654;0
0.561242;-0.060030;0.827310;10.024654;0
0.597710;-0.053491;0.827310;10.024654;0
0.626350;-0.031865;0.827310;10.024654;0
0.654584;0.002934;0.815799;10.024654;0
0.681424;0.040554;0.815799;10.024654;0
0.707944;0.064778;0.804494;10.024654;0
0.739886;0.088598;0.804494;10.024654;0
0.762180;0.108518;0.804494;10.024654;0
0.781707;0.128723;0.793568;10.024654;0
0.798167;0.145024;0.793568;10.024654;0
0.815487;0.146272;0.783182;10.024654;0
0.824769;0.143996;0.783182;10.024654;0
0.830595;0.146456;0.783182;10.024654;0
0.833005;0.152448;0.773478;10.024654;0
0.831945;0.153259;0.773478;10.024654;0
0.825264;0.148952;0.764587;10.024654;0
0.816597;0.152523;0.764587;10.024654;0
0.804889;0.165059;0.764587;10.024654;0
0.790410;0.181458;0.756619;10.024654;0
0.772998;0.187680;0.756619;10.024654;0
0.753168;0.190852;0.756619;10.024654;0
0.722980;0.199043;0.749669;10.024654;0
0.698147;0.209683;0.749669;10.024654;0
0.671579;0.208009;0.743810;10.024654;0
0.644517;0.204699;0.743810;10.024654;0
0.616772;0.204752;0.739098;10.024654;0
0.579397;0.211575;0.739098;10.024654;0
0.550199;0.211414;0.739098;10.024654;0
0.521169;0.197107;0.735564;10.024654;0
0.493311;0.185604;0.735564;10.024654;0
0.466660;0.183907;0.733223;10.024654;0
0.430984;0.190171;0.733223;10.024654;0
0.406665;0.181146;0.732066;10.024654;0
0.382222;0.169167;0.732066;10.024654;0
0.359083;0.163112;0.732066;10.024654;0
0.337554;0.164526;0.732062;10.024654;0
0.311029;0.155854;0.732062;10.024654;0
0.292333;0.138291;0.733161;10.024654;0
0.276248;0.128215;0.733161;10.024654;0
0.260171;0.128180;0.735294;10.024654;0
0.240985;0.140695;0.735294;10.024654;0
0.227608;0.153575;0.738372;10.024654;0
0.215254;0.151964;0.738372;10.024654;0
0.203974;0.140176;0.742290;10.024654;0
0.193475;0.128748;0.742290;10.024654;0
0.180803;0.124309;0.746928;10.024654;0
0.172219;0.123288;0.746928;10.024654;0
0.164659;0.109693;0.752149;10.024654;0
0.157887;0.095867;0.752149;10.024654;0
0.151679;0.092702;0.757806;10.024654;0
0.144411;0.106597;0.757806;10.024654;0
0.139671;0.113058;0.763741;10.024654;0
0.135992;0.099516;0.763741;10.024654;0
0.133208;0.082495;0.769787;10.024654;0
0.131627;0.073625;0.769787;10.024654;0
0.505267;0.116974;0.769787;10.024654;0
0.499538;0.099124;0.775768;10.024654;0
0.493839;0.081632;0.775768;10.024654;0
0.488265;0.077127;0.781513;10.024654;0
0.482439;0.088886;0.781513;10.024654;0
0.473886;0.111159;0.786872;10.024654;0
0.466850;0.111330;0.786872;10.024654;0
0.459274;0.110490;0.791724;10.024654;0
0.451028;0.115161;0.791724;10.024654;0
0.438870;0.128911;0.795970;10.024654;0
0.428226;0.132770;0.795970;10.024654;0
0.417333;0.123233;0.795970;10.024654;0
0.405949;0.115403;0.799541;10.024654;0
0.393350;0.116860;0.799541;10.024654;0
0.375101;0.126401;0.802392;10.024654;0
0.360596;0.121126;0.802392;10.024654;0
0.345449;0.115498;0.804500;10.024654;0
0.329362;0.116793;0.804500;10.024654;0
0.307724;0.131949;0.805870;10.024654;0
0.290396;0.141973;0.805870;10.024654;0
0.272998;0.137073;0.805870;10.024654;0
0.255339;0.131313;0.806527;10.024654;0
0.236755;0.130714;0.806527;10.024654;0
0.211546;0.141443;0.806521;10.024654;0
0.192427;0.147887;0.806521;10.024654;0
0.174075;0.140153;0.805923;10.024654;0
0.155529;0.130926;0.805923;10.024654;0
0.137105;0.126570;0.804825;10.024654;0
0.112915;0.134286;0.804825;10.024654;0
0.094963;0.129376;0.804825;10.024654;0
0.077688;0.120988;0.803337;10.024654;0
0.060372;0.119173;0.803337;10.024654;0
0.037824;0.129758;0.801586;10.024654;0
0.020946;0.126524;0.801586;10.024654;0
0.004737;0.121193;0.799716;10.024654;0
-0.010919;0.119778;0.799716;10.024654;0
-0.026651;0.124590;0.797877;10.024654;0
-0.047197;0.140979;0.797877;10.024654;0
-0.062350;0.141563;0.796230;10.024654;0
-0.077338;0.125829;0.796230;10.024654;0
-0.091618;0.087762;0.796230;10.024654;0
-0.107434;0.041187;0.794933;10.024654;0
-0.124432;0.013702;0.794933;10.024654;0
-0.138065;0.011708;0.794143;10.024654;0
-0.151793;0.013204;0.794143;10.024654;0
-0.165746;0.029919;0.794004;10.024654;0
-0.184250;0.077323;0.794004;10.024654;0
-0.198164;0.115786;0.794643;10.024654;0
-0.212067;0.138125;0.794643;10.024654;0
-0.225958;0.148214;0.796159;10.024654;0
-0.240835;0.154253;0.796159;10.024654;0
-0.261891;0.161219;0.798622;10.024654;0
-0.279027;0.167910;0.802059;10.024654;0
-0.297368;0.159577;0.802059;10.024654;0
-0.317696;0.138913;0.806454;10.024654;0
-0.341885;0.119592;0.806454;10.024654;0
-0.383070;0.106973;0.811739;10.024654;0
0.902569;-0.036925;0.811739;10.024654;0
0.925910;-0.056521;0.817799;10.024654;0
0.951112;-0.084989;0.817799;10.024654;0
0.979661;-0.106667;0.824478;10.024654;0
1.000000;-0.106944;0.824478;10.024654;0
1.000000;-0.084648;0.824478;10.024654;0
1.000000;-0.053071;0.831589;10.024654;0
1.000000;-0.027437;0.831589;10.024654;0
1.000000;-0.003493;0.831589;10.024654;0
1.000000;0.019518;0.838927;10.024654;0
1.000000;0.048783;0.838927;10.024654;0
1.000000;0.064807;0.838927;10.024654;0
1.000000;0.069103;0.846276;10.024654;0
1.000000;0.070533;0.846276;10.024654;0
1.000000;0.074827;0.846276;10.024654;0
1.000000;0.082873;0.853418;10.024654;0
1.000000;0.090725;0.853418;10.024654;0
1.000000;0.094745;0.853418;10.024654;0
1.000000;0.095562;0.853418;10.024654;0
1.000000;0.100170;0.853418;10.024654;0
1.000000;0.107798;0.853418;10.024654;0
1.000000;0.118560;0.860138;10.024654;0
1.000000;0.124974;0.860138;10.024654;0
1.000000;0.127117;0.860138;10.024654;0
1.000000;0.130846;0.860138;10.024654;0
1.000000;0.140300;0.860138;10.024654;0
1.000000;0.151137;0.866230;10.024654;0
1.000000;0.158500;0.866230;10.024654;0
1.000000;0.160139;0.866230;10.024654;0
1.000000;0.161271;0.866230;10.024654;0
1.000000;0.164482;0.871505;10.024654;0
1.000000;0.165978;0.871505;10.024654;0
1.000000;0.162214;0.871505;10.024654;0
1.000000;0.160716;0.871505;10.024654;0
1.000000;0.165055;0.875787;10.024654;0
1.000000;0.169198;0.875787;10.024654;0
1.000000;0.168502;0.875787;10.024654;0
0.966654;0.168983;0.875787;10.024654;0
0.932554;0.172924;0.875787;10.024654;0
0.898220;0.180035;0.878921;10.024654;0
0.862982;0.182493;0.878921;10.024654;0
0.817411;0.176202;0.878921;10.024654;0
0.784062;0.173237;0.878921;10.024654;0
0.750669;0.174235;0.880776;10.024654;0
0.717276;0.176433;0.880776;10.024654;0
0.684594;0.170893;0.880776;10.024654;0
0.643187;0.164273;0.880776;10.024654;0
0.613017;0.165741;0.881241;10.024654;0
0.583911;0.166970;0.881241;10.024654;0
0.556933;0.158956;0.881241;10.024654;0
0.530341;0.150632;0.881241;10.024654;0
0.503849;0.146577;0.880229;10.024654;0
0.472801;0.150447;0.880229;10.024654;0
0.451018;0.153427;0.880229;10.024654;0
0.430823;0.145437;0.880229;10.024654;0
0.411889;0.137169;0.877676;10.024654;0
0.388273;0.135200;0.877676;10.024654;0
0.371083;0.140494;0.877676;10.024654;0
0.355464;0.147793;0.873544;10.024654;0
0.340752;0.144953;0.873544;10.024654;0
0.326790;0.132137;0.873544;10.024654;0
0.313809;0.120134;0.873544;10.024654;0
0.298070;0.111048;0.867819;10.024654;0
0.287220;0.105479;0.867819;10.024654;0
0.277152;0.091618;0.867819;10.024654;0
0.267799;0.080553;0.860512;10.024654;0
0.259333;0.076697;0.860512;10.024654;0
0.248295;0.084509;0.860512;10.024654;0
0.240432;0.088640;0.860512;10.024654;0
0.233008;0.088114;0.851658;10.024654;0
0.225917;0.091175;0.851658;10.024654;0
0.219208;0.096993;0.851658;10.024654;0
0.210529;0.097482;0.841318;10.024654;0
0.204391;0.089505;0.841318;10.024654;0
0.198617;0.082837;0.841318;10.024654;0
0.192981;0.079633;0.841318;10.024654;0
0.187044;0.077075;0.829579;10.024654;0
0.181368;0.062821;0.829579;10.024654;0
0.176816;0.052112;0.829579;10.024654;0
0.172541;0.046883;0.816553;10.024654;0
0.168438;0.050331;0.816553;10.024654;0
0.163511;0.062626;0.802380;10.024654;0
0.160163;0.060881;0.802380;10.024654;0
0.157290;0.056773;0.802380;10.024654;0
0.154845;0.057423;0.787226;10.024654;0
0.153010;0.063616;0.787226;10.024654;0
0.151942;0.074005;0.787226;10.024654;0
0.152584;0.068732;0.771286;10.024654;0
0.155007;0.053783;0.771286;10.024654;0
0.159820;0.040400;0.771286;10.024654;0
0.188699;0.075544;0.754785;10.024654;0
0.183280;0.078963;0.754785;10.024654;0
0.180341;0.079421;0.754785;10.024654;0
0.178427;0.069439;0.737967;10.024654;0
0.177506;0.060844;0.737967;10.024654;0
0.177568;0.058162;0.737967;10.024654;0
0.178841;0.067709;0.721078;10.024654;0
0.180529;0.076228;0.721078;10.024654;0
0.182753;0.071837;0.704354;10.024654;0
0.185281;0.066793;0.704354;10.024654;0
0.187954;0.068023;0.704354;10.024654;0
0.190481;0.076351;0.688019;10.024654;0
0.193291;0.088109;0.688019;10.024654;0
0.194869;0.085868;0.672288;10.024654;0
0.195871;0.084440;0.672288;10.024654;0
0.196114;0.087910;0.672288;10.024654;0
0.195463;0.096579;0.657361;10.024654;0
0.193243;0.100828;0.657361;10.024654;0
0.190513;0.094638;0.643428;10.024654;0
0.186918;0.092159;0.643428;10.024654;0
0.182478;0.095315;0.643428;10.024654;0
0.175152;0.101264;0.630660;10.024654;0
0.168613;0.094833;0.630660;10.024654;0
0.161487;0.088980;0.619213;10.024654;0
0.153696;0.088084;0.619213;10.024654;0
0.142596;0.098446;0.609224;10.024654;0
0.133168;0.103863;0.609224;10.024654;0
0.123917;0.096821;0.600805;10.024654;0
0.114065;0.088353;0.600805;10.024654;0
0.103979;0.085046;0.594048;10.024654;0
0.092611;0.088987;0.594048;10.024654;0
0.080431;0.092147;0.589016;10.024654;0
0.070547;0.083440;0.589016;10.024654;0
0.060600;0.075756;0.585746;10.024654;0
0.050766;0.075491;0.585746;10.024654;0
0.037810;0.087144;0.584248;10.024654;0
0.028614;0.088041;0.584248;10.024654;0
0.019675;0.086413;0.584502;10.024654;0
0.010808;0.088438;0.584502;10.024654;0
-0.000554;0.097266;0.586465;10.024654;0
-0.008904;0.094929;0.590066;10.024654;0
-0.016753;0.086518;0.590066;10.024654;0
-0.024204;0.081445;0.595216;10.024654;0
-0.031553;0.082371;0.595216;10.024654;0
-0.041124;0.089470;0.601803;10.024654;0
-0.047915;0.084215;0.601803;10.024654;0
-0.054196;0.071253;0.609704;10.024654;0
-0.060409;0.060497;0.618781;10.024654;0
-0.066607;0.055997;0.618781;10.024654;0
-0.074787;0.059375;0.628884;10.024654;0
-0.080932;0.052230;0.628884;10.024654;0
-0.087208;0.040222;0.639861;10.024654;0
-0.094033;0.031698;0.639861;10.024654;0
-0.101795;0.031092;0.651550;10.024654;0
0.699376;0.051128;0.651550;10.024654;0
0.708425;0.047957;0.663787;10.024654;0
0.718245;0.045134;0.663787;10.024654;0
0.728217;0.049303;0.676411;10.024654;0
0.741039;0.064923;0.676411;10.024654;0
0.750017;0.071064;0.676411;10.024654;0
0.758797;0.057354;0.689273;10.024654;0
0.766810;0.040039;0.689273;10.024654;0
0.776560;0.034642;0.702250;10.024654;0
0.782443;0.045038;0.702250;10.024654;0
0.786853;0.057174;0.702250;10.024654;0
0.789728;0.075807;0.715236;10.024654;0
0.791187;0.113469;0.715236;10.024654;0
0.790185;0.147549;0.728140;10.024654;0
0.787040;0.178729;0.728140;10.024654;0
0.781566;0.192427;0.728140;10.024654;0
0.773421;0.196905;0.740891;10.024654;0
0.759752;0.198427;0.740891;10.024654;0
0.747616;0.201413;0.753432;10.024654;0
0.733933;0.207998;0.753432;10.024654;0
0.718518;0.207066;0.753432;10.024654;0
0.695719;0.193669;0.765717;10.024654;0
0.677774;0.185579;0.765717;10.024654;0
0.658824;0.185328;0.777713;10.024654;0
0.639118;0.188447;0.777713;10.024654;0
0.612023;0.176025;0.777713;10.024654;0
0.592033;0.166324;0.789400;10.024654;0
0.570907;0.163179;0.789400;10.024654;0
0.549782;0.168214;0.789400;10.024654;0
0.529050;0.177320;0.800763;10.024654;0
0.501400;0.176133;0.800763;10.024654;0
0.481148;0.177744;0.811799;10.024654;0
0.461617;0.183757;0.811799;10.024654;0
0.441737;0.190711;0.811799;10.024654;0
0.422284;0.183290;0.822510;10.024654;0
0.398092;0.168734;0.822510;10.024654;0
0.380972;0.165522;0.832901;10.024654;0
0.363930;0.173278;0.832901;10.024654;0
0.348064;0.187398;0.832901;10.024654;0
0.326976;0.194767;0.842986;10.024654;0
0.311943;0.188145;0.842986;10.024654;0
0.297644;0.182030;0.852775;10.024654;0
0.284052;0.183634;0.852775;10.024654;0
0.271078;0.187324;0.852775;10.024654;0
0.255643;0.175210;0.862283;10.024654;0
0.244403;0.169557;0.862283;10.024654;0
0.233726;0.171233;0.871522;10.024654;0
0.223739;0.172565;0.871522;10.024654;0
0.211387;0.151518;0.871522;10.024654;0
0.202652;0.134993;0.880501;10.024654;0
0.194593;0.129478;0.880501;10.024654;0
0.186815;0.133777;0.889225;10.024654;0
0.179398;0.145542;0.889225;10.024654;0
0.170003;0.157754;0.897693;10.024654;0
0.163395;0.146601;0.897693;10.024654;0
0.157266;0.131755;0.897693;10.024654;0
0.151659;0.125462;0.905898;10.024654;0
0.146342;0.126038;0.905898;10.024654;0
0.140245;0.115088;0.913821;10.024654;0
0.136186;0.103157;0.913821;10.024654;0
0.132492;0.097988;0.913821;10.024654;0
0.129279;0.101534;0.921436;10.024654;0
0.126561;0.108333;0.921436;10.024654;0
0.124044;0.097132;0.928704;10.024654;0
0.123235;0.087398;0.928704;10.024654;0
0.123598;0.082454;0.928704;10.024654;0
0.125523;0.085469;0.935575;10.024654;0
0.047512;0.107568;0.935575;10.024654;0
0.035374;0.112059;0.941990;10.024654;0
0.026440;0.096009;0.941990;10.024654;0
0.017678;0.082934;0.941990;10.024654;0
0.009057;0.078907;0.947877;10.024654;0
0.000709;0.074220;0.947877;10.024654;0
-0.007321;0.065535;0.953162;10.024654;0
-0.017374;0.064007;0.953162;10.024654;0
-0.024687;0.073090;0.953162;10.024654;0
-0.031850;0.092053;0.957767;10.024654;0
-0.038522;0.109014;0.957767;10.024654;0
-0.044704;0.106733;0.961618;10.024654;0
-0.052244;0.099242;0.961618;10.024654;0
-0.057533;0.100937;0.961618;10.024654;0
-0.062424;0.106890;0.964643;10.024654;0
-0.066820;0.100666;0.964643;10.024654;0
-0.072001;0.091610;0.964643;10.024654;0
-0.075566;0.096644;0.966781;10.024654;0
-0.078708;0.105433;0.966781;10.024654;0
-0.081359;0.100120;0.967978;10.024654;0
-0.083560;0.096598;0.967978;10.024654;0
-0.086104;0.107709;0.967978;10.024654;0
-0.087647;0.123997;0.968195;10.024654;0
-0.088823;0.134859;0.968195;10.024654;0
-0.089642;0.127325;0.967403;10.024654;0
-0.090327;0.114345;0.967403;10.024654;0
-0.090608;0.110944;0.967403;10.024654;0
-0.090723;0.113432;0.965591;10.024654;0
-0.090633;0.118115;0.965591;10.024654;0
-0.090115;0.106754;0.965591;10.024654;0
-0.089535;0.100186;0.962762;10.024654;0
-0.088849;0.106166;0.962762;10.024654;0
-0.088004;0.117401;0.958939;10.024654;0
-0.086854;0.119176;0.958939;10.024654;0
-0.085148;0.113281;0.958939;10.024654;0
-0.083806;0.116287;0.954158;10.024654;0
-0.082459;0.128413;0.954158;10.024654;0
-0.080974;0.132852;0.948476;10.024654;0
-0.079394;0.124566;0.948476;10.024654;0
-0.077292;0.114897;0.948476;10.024654;0
-0.075713;0.117031;0.941966;10.024654;0
-0.074127;0.129540;0.941966;10.024654;0
-0.072505;0.144016;0.941966;10.024654;0
-0.070114;0.138126;0.934717;10.024654;0
-0.068247;0.130607;0.934717;10.024654;0
-0.066435;0.130329;0.926836;10.024654;0
-0.064672;0.136052;0.926836;10.024654;0
-0.062840;0.139179;0.926836;10.024654;0
-0.060978;0.124308;0.918442;10.024654;0
-0.058561;0.101397;0.918442;10.024654;0
-0.056784;0.090797;0.909667;10.024654;0
-0.055067;0.089675;0.909667;10.024654;0
-0.053418;0.096088;0.909667;10.024654;0
-0.051691;0.094254;0.900652;10.024654;0
-0.049501;0.094910;0.900652;10.024654;0
-0.047939;0.105467;0.891546;10.024654;0
-0.046415;0.117313;0.891546;10.024654;0
-0.044843;0.112528;0.882497;10.024654;0
-0.042952;0.100706;0.882497;10.024654;0
-0.041577;0.099466;0.882497;10.024654;0
-0.040367;0.109095;0.873651;10.024654;0
-0.039231;0.124293;0.873651;10.024654;0
-0.038318;0.125375;0.865144;10.024654;0
-0.037657;0.112432;0.865144;10.024654;0
-0.037497;0.095365;0.865144;10.024654;0
-0.038234;0.090808;0.857099;10.024654;0
-0.536203;0.068680;0.857099;10.024654;0
-0.540878;0.055975;0.849613;10.024654;0
-0.545893;0.020726;0.849613;10.024654;0
-0.553547;-0.021983;0.842758;10.024654;0
-0.560098;-0.034898;0.842758;10.024654;0
-0.566846;-0.028003;0.842758;10.024654;0
-0.573821;-0.010743;0.836575;10.024654;0
-0.580823;-0.001856;0.836575;10.024654;0
-0.589746;0.010160;0.831076;10.024654;0
-0.596301;0.025951;0.831076;10.024654;0
-0.602390;0.040407;0.831076;10.024654;0
-0.607767;0.042252;0.826248;10.024654;0
-0.612622;0.043159;0.826248;10.024654;0
-0.616763;0.050597;0.826248;10.024654;0
-0.620814;0.065837;0.822053;10.024654;0
-0.622625;0.070083;0.822053;10.024654;0
-0.623412;0.071035;0.818430;10.024654;0
-0.623157;0.075257;0.818430;10.024654;0
-0.621877;0.082918;0.818430;10.024654;0
-0.618302;0.100665;0.815302;10.024654;0
-0.614180;0.105012;0.815302;10.024654;0
-0.608779;0.100319;0.815302;10.024654;0
-0.602480;0.096167;0.812579;10.024654;0
-0.595121;0.097474;0.812579;10.024654;0
-0.584233;0.100900;0.812579;10.024654;0
-0.575162;0.093751;0.810160;10.024654;0
-0.564892;0.088394;0.810160;10.024654;0
-0.554169;0.089013;0.810160;10.024654;0
-0.541776;0.091526;0.807938;10.024654;0
-0.526545;0.079929;0.807938;10.024654;0
-0.514173;0.073516;0.807938;10.024654;0
-0.501301;0.076803;0.805802;10.024654;0
-0.488350;0.085865;0.805802;10.024654;0
-0.471029;0.090711;0.805802;10.024654;0
-0.457139;0.090544;0.803644;10.024654;0
-0.443725;0.093055;0.803644;10.024654;0
-0.430098;0.099255;0.803644;10.024654;0
-0.416510;0.110850;0.801357;10.024654;0
-0.403373;0.117292;0.801357;10.024654;0
-0.385626;0.104841;0.801357;10.024654;0
-0.372545;0.076079;0.798843;10.024654;0
-0.360048;0.046969;0.798843;10.024654;0
-0.348469;0.035022;0.798843;10.024654;0
-0.336832;0.038479;0.796008;10.024654;0
-0.325217;0.041896;0.796008;10.024654;0
-0.311289;0.054379;0.796008;10.024654;0
-0.301145;0.074630;0.792772;10.024654;0
-0.291087;0.101636;0.792772;10.024654;0
-0.281389;0.125121;0.792772;10.024654;0
-0.271674;0.130194;0.789062;10.024654;0
-0.259434;0.127124;0.789062;10.024654;0
-0.250477;0.128089;0.789062;10.024654;0
-0.241596;0.134126;0.784823;10.024654;0
-0.233037;0.133350;0.784823;10.024654;0
-0.224734;0.122402;0.780008;10.024654;0
-0.214149;0.106705;0.780008;10.024654;0
-0.206646;0.099727;0.780008;10.024654;0
-0.199299;0.094890;0.774588;10.024654;0
-0.192233;0.081231;0.774588;10.024654;0
-0.185681;0.066030;0.774588;10.024654;0
-0.177386;0.058261;0.768549;10.024654;0
-0.171640;0.063797;0.768549;10.024654;0
-0.166156;0.069531;0.768549;10.024654;0
-0.160996;0.064057;0.761891;10.024654;0
-0.156196;0.058981;0.761891;10.024654;0
-0.150279;0.061833;0.754634;10.024654;0
-0.146382;0.065255;0.754634;10.024654;0
-0.143022;0.058608;0.754634;10.024654;0
-0.140369;0.052360;0.746813;10.024654;0
-0.138312;0.051048;0.746813;10.024654;0
-0.138193;0.058131;0.746813;10.024654;0
-0.407747;0.093996;0.738487;10.024654;0
-0.402699;0.083281;0.738487;10.024654;0
-0.398025;0.075431;0.729730;10.024654;0
-0.393632;0.078691;0.729730;10.024654;0
-0.388037;0.093468;0.729730;10.024654;0
-0.383972;0.096205;0.720634;10.024654;0
-0.379822;0.102332;0.720634;10.024654;0
-0.375524;0.116198;0.711300;10.024654;0
-0.369207;0.143484;0.711300;10.024654;0
-0.363796;0.158932;0.711300;10.024654;0
-0.357689;0.156653;0.701835;10.024654;0
-0.351008;0.149921;0.701835;10.024654;0
-0.343865;0.145702;0.692359;10.024654;0
-0.332896;0.154562;0.692359;10.024654;0
-0.324140;0.165370;0.692359;10.024654;0
-0.313747;0.166445;0.682996;10.024654;0
-0.302936;0.161952;0.682996;10.024654;0
-0.287679;0.162550;0.673883;10.024654;0
-0.275004;0.170654;0.673883;10.024654;0
-0.262385;0.174533;0.665158;10.024654;0
-0.249079;0.167305;0.665158;10.024654;0
-0.235281;0.162975;0.656970;10.024654;0
-0.218069;0.162545;0.656970;10.024654;0
-0.203396;0.154782;0.649469;10.024654;0
-0.189319;0.146350;0.649469;10.024654;0
-0.175443;0.146535;0.642807;10.024654;0
-0.161802;0.155418;0.642807;10.024654;0
-0.144699;0.169259;0.637133;10.024654;0
-0.131694;0.164881;0.637133;10.024654;0
-0.119129;0.158779;0.632590;10.024654;0
-0.107056;0.156740;0.632590;10.024654;0
-0.095441;0.157738;0.629307;10.024654;0
-0.084418;0.152447;0.629307;10.024654;0
-0.070482;0.139942;0.627399;10.024654;0
-0.060529;0.137467;0.626958;10.024654;0
-0.051255;0.141640;0.626958;10.024654;0
-0.042427;0.152015;0.628045;10.024654;0
-0.034124;0.153419;0.630691;10.024654;0
-0.023292;0.136538;0.630691;10.024654;0
-0.015762;0.125189;0.634891;10.024654;0
-0.008437;0.119759;0.634891;10.024654;0
-0.001383;0.123651;0.640598;10.024654;0
0.007280;0.128168;0.647728;10.024654;0
0.013874;0.117908;0.647728;10.024654;0
0.020252;0.107817;0.656157;10.024654;0
0.026705;0.104846;0.665720;10.024654;0
0.033168;0.112545;0.665720;10.024654;0
0.041859;0.123676;0.676221;10.024654;0
0.048597;0.114584;0.676221;10.024654;0
0.055937;0.107064;0.687426;10.024654;0
0.063566;0.107721;0.699076;10.024654;0
-0.827041;0.031949;0.699076;10.024654;0
-0.839825;0.005003;0.710886;10.024654;0
-0.853826;-0.020892;0.710886;10.024654;0
-0.869806;-0.032568;0.722568;10.024654;0
-0.887058;-0.026032;0.722568;10.024654;0
-0.912098;0.002490;0.733852;10.024654;0
-0.931711;0.024655;0.733852;10.024654;0
-0.950526;0.047606;0.733852;10.024654;0
-0.969171;0.072891;0.744488;10.024654;0
-0.986979;0.098604;0.744488;10.024654;0
-1.000000;0.114475;0.754251;10.024654;0
-1.000000;0.116785;0.754251;10.024654;0
-1.000000;0.115055;0.754251;10.024654;0
-1.000000;0.115357;0.762938;10.024654;0
-1.000000;0.120171;0.762938;10.024654;0
-1.000000;0.126318;0.762938;10.024654;0
-1.000000;0.123827;0.770373;10.024654;0
-1.000000;0.122926;0.770373;10.024654;0
-1.000000;0.129498;0.770373;10.024654;0
-1.000000;0.138232;0.770373;10.024654;0
-1.000000;0.137405;0.776406;10.024654;0
-1.000000;0.134317;0.776406;10.024654;0
-0.998748;0.136913;0.776406;10.024654;0
-0.978523;0.143473;0.776406;10.024654;0
-0.956059;0.146450;0.780913;10.024654;0
-0.931305;0.145604;0.780913;10.024654;0
-0.896118;0.150038;0.780913;10.024654;0
-0.866527;0.159631;0.783795;10.024654;0
-0.835707;0.167745;0.783795;10.024654;0
-0.803374;0.163718;0.783795;10.024654;0
-0.770094;0.157604;0.784978;10.024654;0
-0.725136;0.156202;0.784978;10.024654;0
-0.690569;0.160519;0.784978;10.024654;0
-0.655673;0.169028;0.784413;10.024654;0
-0.619923;0.175491;0.784413;10.024654;0
-0.584180;0.170097;0.784413;10.024654;0
-0.548898;0.157023;0.782077;10.024654;0
-0.501904;0.143913;0.782077;10.024654;0
-0.469251;0.140439;0.782077;10.024654;0
-0.437006;0.143700;0.777971;10.024654;0
-0.406891;0.141869;0.777971;10.024654;0
-0.377972;0.132155;0.777971;10.024654;0
-0.340136;0.122557;0.772121;10.024654;0
-0.313784;0.123705;0.772121;10.024654;0
