455.023840;455.393824;462.514166;454.007783
453.954699;456.134206;460.405229;454.625028
452.679759;456.776986;460.744988;455.113059
451.300172;457.565811;461.596302;455.607358
451.485981;458.989078;457.526233;456.362014
448.098603;459.617902;460.244331;456.939057
445.041892;460.019989;463.600122;457.274430
449.125184;460.730318;459.332124;457.651143
450.908807;461.275062;457.537753;457.921500
452.327340;461.786473;453.064361;458.244057
451.125706;461.844432;454.359871;458.598193
449.739791;461.725058;456.626767;458.593145
449.634611;461.724059;457.188745;458.700706
463.063585;461.768636;441.186402;458.180090
453.026984;461.447979;452.449890;458.321027
449.148339;461.134043;457.285870;458.259792
448.028379;460.796666;459.845364;457.903838
450.107405;460.577789;458.927484;457.525214
453.423520;460.319778;456.498597;457.076226
457.331488;459.720954;450.960222;456.258336
452.629431;459.313317;457.013181;456.089630
448.857895;458.753021;462.298246;455.751783
451.338231;458.400537;461.123008;455.344684
453.315747;458.053320;460.509572;454.956628
459.550910;457.702823;453.537557;454.049037
452.191585;456.855067;462.588761;454.169094
453.908487;456.528081;462.084393;453.721738
453.507781;456.080626;464.152859;453.431770
454.408986;455.575973;464.981346;453.140647
469.331487;456.019531;448.364771;451.772165
459.195921;455.149827;459.854443;452.021535
456.529703;454.372611;464.066789;451.893107
456.489865;453.833942;465.610701;451.503197
468.558862;454.901377;451.929742;450.188759
471.593854;456.550258;446.007745;450.363701
454.103086;454.397224;465.847521;451.868525
450.788302;453.375257;470.870423;451.347401
447.463369;451.479063;477.121639;451.000729
451.920427;450.432175;476.122827;450.165188
459.738067;451.729849;468.306556;449.090649
462.037869;451.262956;468.653068;448.029993
462.668791;450.885869;470.352448;447.323732
465.409555;450.744510;469.598707;446.403934
469.012387;451.111363;466.452817;445.818037
481.918640;454.834903;446.451526;445.221656
465.810709;452.216027;464.516787;447.349705
464.107072;452.117811;465.580392;448.068764
462.446544;452.441631;466.223173;448.894692
466.827397;455.039682;454.919428;450.323698
458.347410;454.241867;463.312412;451.988263
453.350709;452.451751;468.635828;454.558606
455.146363;452.649656;467.547909;454.528404
466.923968;456.863870;450.689239;454.036974
456.034251;454.845732;464.139327;454.573599
455.447514;454.678141;466.886228;453.650442
458.081493;455.175788;466.287626;452.277815
460.759997;455.351785;465.357395;451.278041
472.465641;459.810706;449.209034;450.006692
459.927600;455.912419;465.300123;451.331527
459.883482;454.687011;467.150121;451.087249
460.542375;453.732215;468.424290;450.912683
460.162925;452.075980;471.827771;450.376613
462.268432;451.167662;472.285184;449.521623
465.899401;454.089320;463.635840;449.870849
463.492982;452.584703;467.803238;450.147326
460.211812;450.745537;473.456601;450.289182
463.766020;451.188360;470.607692;449.483897
464.959037;451.490908;469.617292;449.149649
474.781369;456.761175;452.322954;448.893700
464.994612;454.565162;463.124893;450.654048
461.360380;453.825511;466.813073;451.575876
459.817333;453.844419;468.365796;451.963020
458.779721;453.400573;470.398875;452.069411
460.676664;454.034811;468.221789;452.071914
459.795620;457.178699;461.906539;453.812668
456.742715;456.259771;465.416172;454.685023
457.429910;456.971730;464.099104;454.819098
457.370063;457.162931;464.369747;454.979599
457.525935;457.416930;464.220774;455.175730
455.856093;459.893247;459.485620;456.884539
454.505368;459.542789;461.033265;457.310014
453.875059;459.261476;462.445898;457.240591
453.401031;458.866774;464.153335;457.210265
451.377982;460.364186;461.490720;458.425924
452.683646;460.335323;460.626704;458.393865
452.362898;460.133161;461.992441;458.223003
454.109123;460.176774;461.420198;457.716401
455.015386;462.256090;454.351044;458.763043
452.848798;461.724162;457.439371;458.925553
450.516049;461.192826;460.674692;459.033757
452.133457;461.006640;459.962754;458.588175
452.419711;460.682842;461.002934;458.282247
452.730409;461.964593;456.155327;458.957776
451.855770;461.558231;457.692194;459.070065
450.689629;461.210331;459.856199;458.888846
452.749973;461.111660;458.862416;458.313732
452.299886;460.734465;460.607750;458.160311
455.602268;462.174319;452.784624;458.458532
452.667708;461.664727;456.547819;458.638303
450.279114;461.009939;460.277538;458.439542
448.379423;460.398009;463.826408;458.257985
465.075343;462.709818;442.548418;457.647564
454.944401;461.607732;453.960005;458.179991
451.591425;460.982026;458.444141;458.156455
449.249692;460.595348;462.032268;458.044585
452.680114;460.776698;458.888516;457.832620
453.516459;461.478775;454.843322;458.108600
450.200500;461.165682;458.673339;458.346616
449.201523;460.871496;460.730932;458.128874
450.188220;460.938367;460.314607;458.000472
451.989411;461.074194;458.896766;457.942610
453.546216;461.499089;454.683799;458.139066
451.438724;461.386251;457.215210;458.212261
451.690511;461.280281;457.530934;458.118374
450.540019;461.338789;458.995384;458.239904
451.035985;461.470445;458.794205;458.273628
451.989325;461.684385;455.419959;458.419030
449.684690;461.510668;458.117688;458.472482
447.930567;461.657815;460.248002;458.545601
450.790229;461.857748;457.550767;458.610130
457.232112;461.806077;448.678927;458.477727
451.007135;462.046000;455.242757;458.718587
449.820676;462.048996;456.836487;458.736687
449.814401;462.207512;457.020237;458.907568
450.577122;462.392448;456.339255;459.061741
451.854405;462.170102;453.627414;459.067169
447.337982;462.471061;458.044454;459.138475
446.503388;462.567109;459.267799;459.158043
447.393495;462.761007;458.647672;459.511648
453.566234;461.893263;450.982740;459.563187
451.080063;461.893277;453.823046;459.687385
449.972486;461.916857;455.651078;459.817662
448.866268;461.976211;457.882952;459.583112
452.364008;461.711621;455.411922;459.344136
454.880207;460.506008;452.912563;458.339405
453.734103;460.156956;455.338099;457.788393
451.751443;459.746864;458.855928;457.272860
455.047771;459.242437;457.277637;456.460078
458.383856;458.533863;455.506184;455.657168
467.215870;458.598704;447.528846;453.190519
455.693117;458.164869;460.606481;452.892268
453.170090;457.663428;464.270395;452.686440
450.621055;457.192916;467.990887;452.782426
451.072471;456.845370;468.663213;453.094319
475.159321;456.282263;443.819470;452.657617
458.179363;456.095769;461.122604;453.293253
455.888039;456.326642;463.902184;453.694390
458.181161;456.470311;461.631925;453.836771
457.509746;456.785107;462.407650;454.135103
471.627207;456.562025;445.168643;453.290738
459.008209;457.072265;458.197982;453.897861
455.149515;457.560576;461.502090;454.261426
452.812463;457.991027;463.619565;454.680912
450.935000;458.504944;465.595583;455.207276
452.148075;458.530849;461.991819;454.994856
452.054376;458.931057;462.051988;455.465574
451.433584;459.309694;462.630824;455.877299
451.459086;459.743269;463.025088;456.360780
454.990455;460.057978;459.603088;456.637970
458.186627;459.642154;453.629793;456.037244
453.439676;459.961843;458.771053;456.471109
452.467487;460.102407;459.889985;456.602670
452.462932;460.284695;460.214009;456.746551
451.761619;460.513469;461.362938;456.947893
452.670878;460.062393;458.549677;456.376099
451.540489;460.192810;460.214744;456.521493
450.443231;460.356539;462.020670;456.693905
450.521308;460.549485;462.747890;456.882758
453.502949;460.682701;460.433957;456.905738
459.125928;459.780529;452.224084;455.851512
452.122454;459.882055;460.071163;456.155312
451.748675;459.927994;460.835906;456.160989
451.825006;460.010958;461.333497;456.183820
451.909463;460.122799;461.914097;456.287964
454.736747;459.467061;457.273646;455.477625
452.289020;459.631186;460.262696;455.636704
448.611514;459.775548;464.655060;455.896023
450.135385;459.980640;463.970864;456.047846
472.260731;459.135718;438.424615;454.708865
455.976845;459.369278;456.466278;455.294447
452.326039;459.437243;460.529410;455.414389
450.140925;459.694494;463.465321;455.704706
451.147980;459.838008;463.132253;455.851183
454.371411;459.950627;460.342136;455.840204
459.115701;459.067105;452.847755;454.803006
451.801084;459.257342;460.847503;455.221898
451.735427;459.285407;461.129152;455.229072
450.053288;459.501039;463.553743;455.441770
451.173282;459.653695;463.185557;455.605859
456.265851;458.953815;455.680527;454.648472
453.442101;459.090976;458.843402;454.767125
451.129658;459.118178;461.691360;454.947817
449.040279;459.207494;464.505142;455.163827
474.970782;458.966072;436.246452;453.978560
451.650660;458.814815;461.081505;454.680885
453.796860;458.806743;459.344818;454.658343
452.048181;458.743823;461.724987;454.730144
454.743470;458.691065;459.582345;454.653330
456.499356;458.303707;456.058711;454.090321
451.163611;458.061014;462.020918;454.209752
448.878716;458.014926;465.150254;454.187063
453.851604;458.316028;457.980466;454.077593
457.317209;458.455565;453.777336;453.778804
440.932467;457.682487;470.816492;454.025552
440.465224;457.288988;472.770852;454.111657
447.353010;457.205670;468.353810;454.222162
480.451398;458.836944;434.348305;453.260223
462.401928;456.807909;454.434157;453.856202
460.573075;461.942215;456.777907;448.583087
457.367866;462.275793;458.757497;449.784436
454.322718;463.335865;459.756740;451.491298
473.677585;460.831902;435.836553;454.515199
451.750081;463.606134;453.834394;457.771313
444.772334;464.803901;456.819493;461.286824
441.527467;466.743120;456.475102;464.034580
456.476387;464.171601;437.677273;468.334876
444.750742;467.670215;445.611920;469.398418
439.085103;470.894791;447.960549;470.402623
433.218212;474.520640;449.994898;471.600226
436.075701;476.186194;445.737780;472.400120
438.018889;477.540198;441.925557;473.646289
439.839578;475.835169;440.703243;473.011517
433.083927;478.855143;444.917916;473.366020
434.238664;478.914812;444.402196;473.573505
432.966387;480.241661;444.658418;474.524161
433.511323;481.027037;443.878284;475.313028
440.949560;476.278966;440.806530;474.087046
439.333828;476.787542;444.192492;472.866911
436.982607;477.444933;447.401395;472.510415
435.611576;478.453789;448.974201;472.623779
449.275438;470.660641;442.603328;470.370043
444.353788;472.288786;448.627068;468.838450
440.291165;473.417603;453.777602;467.873388
441.235642;473.375967;454.572199;467.520357
474.176645;460.458616;430.654853;466.384015
453.502454;464.583302;452.490495;462.844580
448.947724;466.147831;458.249211;461.354041
448.225258;466.367229;460.194830;460.845871
451.487487;465.129915;459.140409;460.392802
469.113037;456.746741;448.009501;457.785009
455.669931;459.925956;461.828416;456.137488
453.020997;460.664917;465.131681;455.476027
456.710007;459.679745;462.710379;455.332641
456.844657;459.546061;463.493009;455.139761
475.396006;452.019581;449.613948;452.496917
462.895464;454.537498;462.395027;451.383392
458.019107;455.683844;467.265428;451.153296
454.270404;457.325729;469.813743;452.048542
462.843219;452.900482;463.662100;449.622415
459.452792;454.099360;466.668787;449.993092
456.362211;455.079499;469.442780;450.471652
479.260653;449.813322;447.900279;448.663909
461.262856;452.283438;466.120172;448.612959
457.066218;453.733162;469.050614;449.419657
456.661897;454.034273;469.520211;449.890048
457.586101;454.190839;468.936219;450.468225
463.269211;451.358905;463.776356;448.240305
459.884159;452.147388;466.881739;448.511946
455.459021;452.262139;471.759553;449.025287
458.350904;452.001389;469.804619;449.028483
468.053932;450.277005;459.674980;446.704385
461.272756;449.654129;468.244401;447.349928
460.172984;449.069917;471.439088;446.900217
464.096301;449.673552;468.748040;445.754327
465.764810;449.360119;469.224413;444.595857
467.583686;449.729228;466.689140;442.379279
463.382573;448.286702;473.244129;442.620931
464.819069;447.986502;472.722754;442.894394
466.015500;446.687793;473.978000;443.148982
484.405584;449.473919;452.230066;441.209028
474.956468;443.792637;466.123375;444.780666
466.843931;452.549798;475.084888;433.693677
462.944947;455.151844;477.281096;432.212367
468.311712;458.351764;461.770490;438.010621
454.769865;458.138842;470.964190;443.492194
450.457290;458.549069;469.573102;450.401669
446.721510;460.149817;466.742350;457.107053
447.010492;462.319756;459.655841;463.362715
447.747807;464.498148;449.786444;468.771952
439.302693;468.854539;450.764920;472.243304
437.231554;472.960007;446.021314;475.157036
436.157089;476.873502;441.162778;477.336331
433.195271;480.840964;438.778808;478.986936
433.912488;481.327872;435.076851;478.902690
431.080108;483.690106;434.546895;480.091039
426.074637;486.268688;436.620827;480.967845
425.408040;487.776089;435.464897;482.021258
435.861161;482.747437;425.953551;482.648521
425.224630;486.060676;435.710180;481.512228
426.311216;485.826548;437.246944;480.595943
424.474335;487.006305;439.653871;480.564404
425.055878;487.827502;439.994243;480.970131
437.532965;480.071207;435.056799;478.601430
436.692723;480.340988;439.089556;476.758346
436.462398;479.662799;443.604413;474.767346
436.421967;479.576430;446.111934;474.094229
447.729294;470.950553;443.647425;470.294071
443.809769;472.204292;450.120400;468.236718
444.644622;471.088333;452.947248;466.504367
446.293143;470.084188;455.014668;465.041933
477.506205;455.984688;434.122465;462.203371
454.773365;460.880976;458.952158;458.021932
450.674841;462.524306;464.209474;456.808168
447.882321;463.431720;467.819922;456.318866
453.940556;462.054066;463.331621;456.881697
461.579605;454.764852;462.525683;451.916559
460.060616;455.500035;465.302660;450.959469
456.384237;456.659911;468.808565;450.988933
458.189683;456.304408;467.684474;451.094479
474.799640;449.313354;454.945936;449.216393
461.202393;452.621912;467.843618;448.193230
454.963422;454.939650;471.997953;449.036638
456.337651;455.450470;469.685896;449.865434
457.813650;456.017232;467.352092;450.900699
459.021648;456.692480;464.587942;452.120951
474.358730;451.464999;450.655936;450.589724
461.845814;454.446096;461.516420;450.736928
456.704879;456.074005;464.987732;451.240843
453.463075;457.752957;466.000239;452.452493
454.369524;458.569877;463.709021;453.495834
458.508617;455.822299;460.137310;451.820864
453.255231;457.546977;463.838738;452.476139
447.023920;459.645010;467.601699;453.673828
452.845714;459.882037;460.696984;454.961146
454.855224;460.231568;457.877991;455.737267
460.360503;457.292020;453.391597;453.888717
451.840118;459.603336;460.349732;454.273410
450.104793;460.784641;460.685984;454.751576
477.340471;456.326727;434.408111;455.258666
461.053093;459.927118;449.851391;453.851756
447.154009;462.594610;461.788294;455.176115
441.327940;464.619947;464.692926;457.009509
440.355276;466.177816;463.318749;459.437083
446.571102;466.257806;456.293127;461.851733
451.912531;463.450889;452.210751;461.642761
444.655386;466.277740;456.884678;462.604669
444.460526;467.382552;455.662791;463.752007
446.032603;468.206385;453.433016;464.620601
472.863202;461.741685;429.734590;465.091435
448.348813;466.678395;452.805151;463.358543
443.011598;468.739366;456.660714;463.490803
439.031675;470.484694;459.218384;464.123630
443.215041;470.371351;455.400830;464.816544
449.570625;466.266863;452.753440;462.742228
446.283356;467.496700;456.059612;462.457349
443.608712;468.355006;458.610795;462.606575
445.728206;468.248951;457.237637;462.925861
475.613906;460.183184;431.969289;462.598756
454.163406;463.368605;453.852433;460.446861
448.884941;464.821542;459.245938;460.079204
449.751968;464.445817;459.398899;459.740363
449.108250;464.745495;460.811909;459.734723
451.490921;464.447814;459.492044;459.875794
457.677831;459.793399;456.915879;456.807177
455.072214;460.452353;460.195842;456.242140
452.048838;460.867461;463.749097;456.043868
449.943682;462.002365;465.555701;456.713548
464.521875;456.440005;454.185512;454.162196
456.949918;457.872428;462.048137;453.909281
451.472535;459.207034;467.144620;454.237323
450.558139;459.870705;468.111577;454.768976
461.397215;455.947071;458.895854;452.707925
458.661710;456.663065;461.983807;452.683739
455.970775;457.109563;464.912932;452.817683
454.592657;457.535906;466.569867;453.108144
454.547245;457.851138;466.960783;453.522163
475.049813;453.904296;446.181813;451.403897
459.387601;455.207735;462.529997;451.439244
471.749431;452.398390;450.433400;449.065110
454.469747;454.218907;468.220714;449.629915
446.823899;454.553916;475.243558;450.011186
446.476711;455.272333;475.165322;450.912716
449.496462;454.332069;473.069221;450.371619
447.898199;454.414757;475.395227;451.152933
453.132089;454.295391;471.904252;451.762993
458.428270;453.960558;468.442723;452.083497
471.261119;453.003513;452.940210;449.873580
466.081274;452.072506;459.887926;449.796762
464.332543;451.694773;463.584649;448.949706
463.478497;451.423771;466.261210;447.840565
463.178019;451.090819;468.722958;446.661887
478.968992;452.936136;447.772519;443.353318
463.647848;450.993002;466.588224;444.653649
460.480923;449.599010;471.706494;444.918933
463.013271;448.689977;470.615389;444.987871
466.365944;447.946840;467.987305;445.688223
471.477328;446.072213;464.905036;446.368956
467.113309;456.554864;464.843517;436.825955
459.297702;457.969121;471.780319;436.577267
451.696106;457.816179;477.467712;439.271184
451.138483;456.317456;474.612932;445.601352
454.246617;457.125865;467.740648;450.421407
455.832849;458.341294;458.231064;457.220099
451.850129;459.685586;457.120145;461.598405
447.313994;462.618740;457.043877;463.877493
444.818573;465.633498;454.582966;466.315426
466.034458;465.996402;427.261238;470.976641
445.634045;470.673628;442.807066;471.310361
435.846758;474.558890;447.490958;472.242483
436.349947;476.392247;444.581810;472.925569
436.920064;478.100918;441.167967;474.411576
434.796225;480.114416;440.400987;475.596025
446.963142;478.098722;427.350929;478.184753
431.743130;481.995410;439.185741;477.542344
431.879453;482.101756;439.059416;477.778339
430.706796;482.856628;439.865076;478.211548
431.259035;483.365259;438.807004;478.945235
450.548849;475.886401;426.167188;479.867376
431.573147;482.169376;440.210961;478.371869
433.696875;481.350843;440.245457;477.639644
433.081144;481.875144;441.039289;477.714050
431.911897;482.934841;441.666962;477.963003
449.780475;474.694843;431.139297;478.361579
440.816715;477.196975;441.013127;475.296386
439.167886;477.826691;443.348214;474.534761
437.337450;478.566755;445.406440;474.116095
453.449402;469.714754;437.658831;473.440818
443.672922;472.960489;447.724893;470.411337
441.392559;474.110441;450.153187;469.641989
440.033810;474.975306;451.436992;469.619104
455.569563;466.576085;444.011664;468.492632
448.857351;468.695653;451.074991;466.370285
447.697778;469.213224;453.488187;465.216463
449.125948;468.476521;453.776629;464.657882
448.596904;468.541878;455.145923;464.296452
469.033198;457.431923;444.119573;462.280154
454.774223;462.414565;457.433650;459.528193
452.924064;463.035322;459.975382;458.807496
453.317093;462.650933;460.820018;458.316667
472.893148;453.871799;448.569176;456.781010
459.186837;457.029547;461.906715;454.584592
457.707660;457.680852;464.206102;453.713759
456.123754;458.676724;465.106819;454.119867
480.570338;449.377718;447.030929;453.144404
462.747333;453.268121;464.215602;450.769313
460.676265;454.263701;466.264848;450.507171
458.851347;454.893112;467.774689;450.625103
458.894124;455.252193;467.394937;450.973193
459.094902;456.183351;465.777399;452.243759
464.173051;451.893788;463.964050;449.503894
459.301325;453.928309;467.402907;449.928964
457.756848;454.947978;467.717193;450.598461
458.520846;455.404660;466.103271;451.380516
459.179614;456.121714;463.944385;452.530423
473.227653;451.563710;451.654239;451.335476
460.773015;454.314288;462.750395;451.216319
458.191361;455.281182;464.091026;451.676407
455.099995;456.457080;465.903158;452.231777
454.995600;457.347097;464.380352;453.304408
457.203508;455.458778;463.024389;452.025074
454.703195;456.726604;464.098523;452.712344
453.218539;457.565928;464.474115;453.420970
450.884320;458.854188;465.382396;454.421342
466.916046;456.121425;449.850903;454.608426
453.140515;458.597692;461.812991;454.817186
454.711718;458.979929;459.500861;455.366289
453.637971;459.590146;459.933774;455.805107
466.878406;457.023479;447.225352;455.463222
454.588341;458.887571;458.444361;455.404382
453.941273;459.188923;458.730123;455.552338
451.507856;459.791723;460.733237;455.828274
451.013640;460.232850;460.810116;456.141987
455.886073;458.300527;456.796826;455.171828
452.356967;459.042651;459.705362;455.309674
450.333023;459.584761;461.331649;455.510721
449.135728;460.200507;461.980243;455.926685
448.498934;460.839467;461.957546;456.694325
460.247440;458.118340;451.283977;456.085003
452.343239;458.633015;458.920173;456.383975
449.898860;458.838254;461.290735;456.684844
453.374400;458.397785;458.661465;456.630859
455.252074;457.829725;457.954739;456.359521
471.458177;455.507182;443.547997;454.498225
456.045026;455.911920;460.391481;453.689300
456.589101;455.146311;461.743845;452.749451
455.555487;454.208435;465.193757;452.029825
457.691462;453.079401;466.026935;451.051874
460.770396;455.910488;465.109330;446.437786
460.814204;456.495857;464.717984;444.860258
460.882577;456.181974;464.300825;445.942147
456.198967;456.074769;468.163829;447.911739
456.332157;455.974761;466.676149;450.378944
456.887105;456.279153;464.345699;452.855752
458.160751;455.804125;460.159961;455.077519
453.045387;457.455897;462.606783;456.692462
451.179957;459.082077;461.965796;458.211282
451.242545;460.614963;459.651572;459.644155
450.116485;462.452712;458.643032;460.781372
448.915175;463.399996;457.350228;460.842736
449.881204;464.592111;454.614039;461.654739
446.671091;466.097765;456.306325;462.378111
448.133473;466.941224;453.902942;463.050969
462.820551;464.872512;438.876929;463.147396
446.423827;467.036554;454.417409;463.038982
446.601728;467.274791;453.945775;463.331474
445.965186;467.536330;454.785584;463.551216
446.080123;467.581526;455.532170;463.611241
450.241083;465.348639;452.374891;462.390596
447.300498;465.779713;455.941276;462.093166
447.405024;465.486279;456.823586;461.780094
446.690577;465.560888;458.511933;461.587541
472.520219;461.120844;434.819759;460.520873
454.276981;462.043221;454.290247;459.246301
451.784552;462.157683;457.880881;458.672304
450.235520;462.067370;460.495304;458.207782
451.571260;461.578498;460.463845;457.852914
453.238089;461.084763;459.981002;457.539257
454.853026;458.974126;459.935967;455.728087
454.250101;458.790417;461.342470;455.382629
450.835436;459.087048;465.232402;455.304868
450.964489;459.161944;465.854196;455.280829
460.620313;456.963755;456.979351;453.973777
457.294106;457.092223;460.817522;453.777647
455.979246;457.169840;462.540945;453.769202
455.921275;457.049990;463.139519;453.703662
470.987498;455.017968;448.000691;452.338921
455.436884;455.911280;463.629702;452.590872
456.479823;455.667987;462.863230;452.431105
455.575864;455.715735;464.136705;452.446334
456.919614;455.489747;463.188761;452.270046
474.730818;454.456286;444.016092;450.958655
459.180861;454.739653;460.426474;450.856138
456.819061;454.900143;463.037081;450.701483
455.391660;455.034013;464.779462;450.699343
456.261875;455.246199;464.127462;450.784362
469.183457;455.211188;450.012893;450.133077
457.248669;455.522865;461.499119;451.005197
454.781581;455.837690;463.648272;451.462541
453.946613;456.313568;464.084525;452.132711
475.503335;456.251724;440.520147;453.026579
459.285498;457.244704;456.223669;453.167264
453.802059;460.211291;460.194380;452.382580
451.411269;461.746755;460.225962;453.768663
451.067491;463.007104;457.814936;455.974196
462.666483;462.012521;442.729525;459.597109
464.581444;460.590493;439.586678;461.560855
443.422685;464.350449;457.197641;462.399325
435.670306;467.001265;460.261976;464.172161
431.949774;469.872043;459.608064;466.423048
434.785846;470.627761;454.249834;468.550156
437.032566;472.732016;450.196748;469.579437
434.880182;475.675743;449.425465;471.115641
439.853381;476.705520;443.190878;472.756916
441.740853;477.554455;440.226109;473.745474
451.276318;473.926579;431.160667;473.410530
444.999039;474.843201;438.755906;472.197298
441.839984;475.393053;442.277476;471.887289
438.704937;476.249460;445.680514;471.757417
438.126157;476.462506;447.018167;471.707897
454.987156;468.701960;434.857330;470.346409
444.432169;470.899665;446.847692;468.443512
442.057021;471.122145;451.473191;466.821892
439.828559;471.966578;454.547512;466.475018
444.911196;470.349172;451.925094;466.113813
451.799565;464.496825;451.130797;462.795531
449.300395;465.195993;455.470595;461.462994
445.482388;466.441905;459.992301;460.894922
448.773837;465.597510;458.551440;460.817214
448.319426;465.598126;459.561306;460.802557
450.672432;461.903998;461.174582;458.097310
452.467725;461.963647;460.529139;457.853247
452.056876;462.335142;461.534139;457.899375
454.079070;462.134153;460.518586;457.978660
460.259088;457.048543;458.601170;454.728190
455.790031;458.418443;463.474495;454.124608
449.609888;460.307491;468.857816;454.329148
453.672478;460.315874;464.510125;455.397285
454.579427;460.560524;463.641750;455.852534
472.075901;454.560378;448.556693;454.222899
461.403380;456.735647;459.078894;453.711107
456.986817;457.963769;463.055072;453.785789
452.554392;459.876014;466.082568;454.793017
480.628002;453.079876;439.456540;453.717183
457.042504;457.041015;462.180119;453.144492
452.581154;458.937764;465.638667;453.934237
454.298786;459.041001;463.539510;454.309795
482.427656;453.096394;435.915223;453.597360
460.535900;456.060800;457.800862;452.779019
450.503425;458.518357;466.772185;453.301444
450.402410;459.199679;465.961755;453.952164
451.703424;459.710446;464.232057;454.649261
452.365246;460.605026;462.876176;455.732091
456.188976;460.545212;458.948515;456.195731
459.284732;457.784497;456.117200;454.223239
453.938512;459.027996;460.993436;454.495229
447.439267;460.535602;466.294394;455.146221
451.540984;460.725680;461.755369;455.839283
461.276591;457.410048;451.481084;454.503060
450.547415;459.266787;461.708632;454.535646
450.588355;459.870466;461.400005;454.989782
449.402836;460.709767;462.123788;455.848581
449.838962;461.240547;461.537117;456.570063
455.403566;458.763178;456.553474;455.327563
452.985716;459.378581;458.901560;455.573830
451.164044;459.770961;460.696707;455.746333
449.351487;460.422323;462.458418;456.112412
455.629051;460.147443;456.572649;456.218788
457.258973;459.950552;455.099404;456.020439
453.857360;458.418756;459.130272;454.673952
450.713878;458.785364;462.319065;454.525317
448.235184;459.019276;465.180272;454.435031
470.856251;456.936317;443.143163;453.580815
453.366685;457.849395;461.293067;453.188883
451.176254;458.124510;464.126228;453.230553
450.659355;458.266012;465.384038;453.399201
450.679875;458.459821;466.123514;453.668773
482.617049;456.141941;433.358636;452.574274
458.664796;456.685681;458.418969;452.449543
456.848135;456.768614;460.574377;452.512670
451.943409;457.002783;465.828038;452.736580
452.410842;457.359438;465.703089;453.098632
457.803492;456.206696;459.605331;451.978062
453.661736;456.510840;464.046935;452.208816
450.024697;456.795666;467.931320;452.573155
452.975177;457.022714;465.475109;452.803712
457.431959;456.346242;459.773167;451.970629
451.783489;456.768076;465.363490;452.620130
451.652146;457.048050;465.834338;452.894460
455.345899;457.236445;462.506926;453.097799
457.947853;457.311599;460.054330;453.304250
458.016338;456.983840;458.105399;452.632967
454.219540;457.341312;461.713279;452.968561
453.136347;457.485895;462.919950;453.229177
452.796540;457.669566;463.507297;453.497830
453.730321;457.920877;462.958126;453.685571
455.139294;457.794100;459.681935;453.286535
451.358548;457.875449;463.601016;453.802945
450.159974;458.146782;465.393025;454.091624
452.893921;458.287876;463.140906;454.311586
462.937272;458.259659;449.687282;453.489143
450.978659;458.251605;462.559851;454.096603
451.246697;458.414763;462.800284;454.337657
451.683316;458.734556;463.235226;454.573242
473.595076;459.035071;437.575609;453.537518
456.301079;458.790007;456.608162;454.343435
451.653761;458.888501;461.837112;454.582140
449.183094;458.960593;465.156707;454.904053
449.871426;459.096839;465.394253;455.148943
455.060935;459.398558;460.739086;455.061787
457.938092;459.127919;454.995177;454.436823
452.005182;459.079012;461.752086;454.964181
451.794153;459.158882;462.410914;455.039868
454.382885;459.334695;460.173588;455.033560
453.556147;459.395133;461.618529;455.220683
457.313472;459.409625;454.987094;454.655246
453.198784;459.400079;459.508975;455.015683
450.087678;459.439780;463.183700;455.211859
449.738407;459.527462;464.151926;455.477553
446.817666;459.684019;468.243768;455.722890
453.675770;459.746224;459.509303;455.334734
450.670520;459.746788;463.359241;455.667574
449.838916;459.872005;465.155833;455.900253
454.144579;460.030616;461.627445;456.030313
458.946724;459.953381;454.180409;455.471837
454.340567;459.913524;459.476756;455.844382
449.288001;459.997734;465.433817;456.004851
452.165577;460.333134;463.287492;455.909321
454.671102;460.575912;461.092884;455.811569
475.956000;460.590766;435.428057;454.868397
458.717017;460.988088;454.251734;455.310453
454.328334;461.182852;458.608369;455.563953
453.451874;461.438114;459.495116;456.054466
457.507387;461.866693;454.687256;456.358021
471.184389;461.506198;438.027240;456.578233
456.594591;459.272305;452.145469;460.465272
445.611744;458.650614;463.138755;461.210327
443.320826;459.108740;466.583288;460.055769
443.057614;459.203655;468.856140;459.046460
450.282046;459.689034;464.340599;457.529361
455.921926;460.207517;459.662780;455.471460
454.331287;459.352244;463.641216;454.364320
455.999258;458.436403;464.714184;453.150682
457.440233;457.303356;466.067829;452.136828
460.132775;456.575472;463.484323;451.055671
457.156991;454.485154;469.001454;450.627704
458.840735;453.232765;469.307346;450.175600
460.921391;452.162535;469.521904;449.400735
470.383221;452.764473;457.602719;447.970613
461.014310;450.359723;469.684890;448.153356
463.032462;449.933374;469.067803;447.442973
462.028800;449.609987;471.143867;447.333361
463.052618;449.103001;471.728391;446.807669
476.133008;451.962028;454.339466;445.435031
466.476918;450.503272;464.990405;446.401191
462.940101;450.207801;468.496061;447.114146
460.699585;449.577320;471.807262;447.349531
462.641102;450.004073;469.797974;447.288072
462.585123;452.017869;464.975997;448.140946
458.773107;451.068066;469.617574;448.890878
459.479504;451.600745;468.536481;449.110878
460.858096;452.479171;466.523362;449.506817
460.194454;454.912741;461.643311;450.900386
454.258223;453.541055;468.698655;451.804953
453.801874;453.452455;469.621570;452.010869
457.541248;454.301771;465.950853;451.945667
462.800071;456.981517;454.450435;452.657470
457.443260;456.390874;460.202462;453.425520
455.534002;456.295557;462.676963;453.841745
455.588628;456.591064;462.725502;454.068906
454.256741;456.183263;465.385815;454.150740
467.280370;460.008607;445.420330;453.974137
456.530785;458.860008;456.703866;455.337214
463.562390;462.603459;442.368968;456.130742
445.401283;459.286291;463.740482;457.994773
443.031402;457.783938;468.184920;457.449123
463.831142;462.251219;444.051603;456.457018
451.030121;460.000424;458.448454;457.314628
448.822450;458.915213;462.979243;457.217408
449.679628;458.281914;464.426149;456.810080
454.879560;458.610578;460.377059;456.259947
458.053199;458.656561;458.267718;455.646547
458.945475;459.592134;453.013956;455.966820
454.488520;458.600656;459.135141;456.188628
453.024746;458.091181;461.597274;456.026963
453.513754;457.960544;462.012849;455.638368
465.643908;460.152675;444.753525;454.901611
456.326319;459.046445;455.356561;455.586308
453.963338;458.741227;458.310148;455.640902
451.467717;458.325951;461.715086;455.765231
452.193725;458.183070;461.720017;455.592895
457.843445;459.621866;451.464657;455.692177
449.592154;458.369328;461.392388;456.154776
447.756225;457.858749;464.611637;455.951525
451.058542;458.011174;462.395990;455.530165
453.705751;458.067898;460.867649;455.057864
453.315149;458.928474;458.838037;455.385275
453.508387;458.704665;459.552041;455.109585
452.074198;458.403059;462.215946;454.963424
452.977156;458.439254;462.338919;454.788263
453.331074;459.302306;459.272042;455.408346
453.701476;459.242415;459.196523;455.612427
452.602752;459.341955;460.670508;455.887221
451.954665;459.348065;461.918437;456.188518
467.771549;461.161312;441.981343;456.617958
456.773836;460.742281;453.526224;457.351082
448.641592;457.792632;462.643472;459.930563
450.474654;457.261282;462.236469;459.477358
452.306895;457.096980;462.788149;458.206222
454.418719;457.667852;460.247057;456.627458
452.268271;456.829256;465.830640;454.882880
456.065460;456.697230;465.140665;452.833391
457.291676;455.878172;467.082445;451.488398
462.099168;455.637041;464.531238;450.061170
465.196777;456.389766;458.432784;449.156761
461.100159;454.564026;464.945331;449.483478
458.528275;453.285323;468.878619;449.936441
457.801789;452.151200;472.112055;449.751058
461.351452;452.181593;469.538844;449.396582
469.892694;454.274634;454.602705;448.950076
459.360018;453.002296;466.867057;450.332689
458.908454;453.309175;467.549989;450.701296
459.392940;453.806575;467.154011;450.991834
479.236405;458.313954;439.505875;449.843249
457.269240;456.075549;463.572276;452.506629
455.903560;456.421988;464.731586;453.264276
455.594535;457.002943;464.838583;453.850689
461.730817;459.523373;450.994612;454.557410
450.679888;458.889644;463.049030;455.911304
449.373558;459.252358;464.613975;456.560824
451.858551;460.150231;461.746041;456.905918
453.455398;460.895534;459.746815;457.314369
456.476823;462.269825;451.588763;457.781870
452.112114;462.292915;456.608283;458.526189
449.995799;462.458803;458.977912;458.855894
447.166714;462.452106;462.989367;459.271740
456.751543;463.757551;447.157533;459.040465
447.500168;463.100153;458.189478;459.550890
448.021810;463.208213;458.513498;459.633102
449.140041;463.446329;458.056897;459.621253
449.904585;463.545340;458.405066;459.596514
465.109718;464.327801;438.666847;458.921579
451.445993;463.679245;454.420342;459.378491
449.670910;463.571176;456.917023;459.407346
448.634337;463.506816;458.789346;459.488639
446.329487;463.525553;462.399721;459.578531
475.509778;463.761698;429.364785;458.512127
452.300539;463.493987;454.752240;459.083193
450.311914;463.672898;457.366818;459.146095
446.693191;464.031963;461.628310;459.193872
447.588417;464.402708;461.214870;459.309730
452.121416;464.590640;457.024160;459.443145
452.823073;464.659516;453.381779;458.982560
449.561666;465.679291;456.041146;459.437253
448.261664;467.041979;456.096264;459.693117
448.950322;468.920432;453.688032;460.187545
457.162001;468.994658;442.597091;460.219366
442.993916;460.831413;454.644836;470.995373
442.156504;458.751689;455.523844;472.150613
441.974301;457.957134;458.292919;470.941978
445.949206;459.879956;459.471458;465.112364
452.852915;460.261145;457.377002;459.003761
454.370654;460.270102;461.606237;454.188009
457.522201;459.066672;464.620494;450.078530
460.023427;456.483726;468.656073;447.019606
477.022989;457.322591;453.910374;442.266062
469.024650;451.933479;468.179880;442.272426
468.522918;448.012259;474.272133;441.123456
469.080880;444.335433;479.312595;439.828365
471.149465;441.048292;482.564936;438.328595
474.814505;438.921497;483.105533;436.667215
476.251611;439.783332;479.802493;436.712913
475.448713;436.749151;484.476132;436.131230
475.639706;434.796925;487.720055;435.116131
479.702158;435.314567;485.020713;433.798385
481.304932;439.046477;478.591240;433.613955
476.522678;437.823941;483.200303;435.713421
474.164834;436.038131;487.545226;436.109481
475.593947;436.324521;486.819226;435.904387
481.109189;443.291537;471.245187;436.514591
472.886196;441.729497;478.631738;439.710713
470.543615;440.723974;482.050550;440.740406
471.992428;442.719446;478.855385;441.159457
472.132115;444.049493;477.193196;442.045178
469.978771;450.539682;467.357838;445.220093
463.477483;449.156975;473.245639;448.166832
463.252067;450.856992;471.025853;449.139606
461.390966;451.599220;471.316833;450.558126
462.403246;453.675973;467.579470;451.499436
463.026778;455.937307;463.396864;452.628857
462.170799;461.111876;451.299225;456.083801
453.220794;460.156497;459.678373;458.585573
450.708857;460.683535;460.970043;459.589772
450.295283;462.265499;458.988621;460.410630
449.397539;462.484701;459.822678;460.924267
458.883393;468.178989;440.194847;461.809785
448.014792;466.290443;452.156889;463.562897
445.068129;465.555839;455.863453;464.108352
445.411313;465.637117;455.967523;463.991761
446.989944;465.892291;454.864006;463.665263
